1.211760009765625000e+03 4.321749824903459316e-13
1.526073364257812500e+03 2.719594137450670664e-13
1.923100463867187500e+03 1.757894608212103087e-13
2.423520019531250000e+03 1.170733381962320580e-13
3.056282226562500000e+03 7.950167605482278165e-14
3.850336669921875000e+03 5.447726313637806414e-14
4.838769042968750000e+03 3.771848218841093704e-14
6.120835937500000000e+03 2.608650248736911666e-14
7.692401855468750000e+03 1.789795627011517855e-14
9.718894531250000000e+03 1.209998616296604553e-14
1.224167187500000000e+04 7.988129023128824373e-15
1.542616113281250000e+04 5.045976519798749592e-15
1.943778906250000000e+04 2.969603314052591631e-15
2.448334375000000000e+04 1.607395826865364764e-15
3.085232226562500000e+04 7.946287439427631773e-16
3.891693750000000000e+04 3.529040029668281568e-16
4.921482812500000000e+04 1.365265475001765838e-16
6.162192968750000000e+04 4.600079699732278728e-17
7.775115625000000000e+04 1.206936059526583803e-17
9.801609375000000000e+04 2.380326461562419327e-18
1.236574296875000000e+05 3.322244925369890923e-19
1.559158906250000000e+05 3.198377163887340333e-20
1.964457500000000000e+05 2.105883350965504027e-21
2.473148593750000000e+05 9.954593078880435272e-23
3.118317812500000000e+05 3.679685026264905763e-24
3.928915000000000000e+05 1.307778085970654404e-25
4.962840000000000000e+05 5.066765967416206910e-27
6.244907500000000000e+05 2.483597355289423265e-28
7.857830000000000000e+05 1.226469564419850463e-29
9.925680000000000000e+05 4.027090993132411961e-31
1.248981500000000000e+06 6.753352860466320388e-33
1.571566000000000000e+06 3.675489134488262624e-35
1.981000250000000000e+06 3.800281965974367134e-38
2.497963000000000000e+06 2.918355481398317670e-42
3.147267500000000000e+06 1.517483186302117139e-48
3.970272000000000000e+06 2.034716152507601682e-59
5.004197000000000000e+06 4.657330353043290902e-79
6.286264000000000000e+06 3.270732562980618673e-113
7.940544000000000000e+06 6.296868640688595155e-171
1.000839400000000000e+07 9.999999999999999821e-201
