1.211760009765625000e+03 2.216920659460564358e-13
1.526073364257812500e+03 1.176842554024108795e-13
1.923100463867187500e+03 6.089849178449071508e-14
2.423520019531250000e+03 3.063834169816285782e-14
3.056282226562500000e+03 1.476459919287016814e-14
3.850336669921875000e+03 6.897848657308595231e-15
4.838769042968750000e+03 3.067367417942261906e-15
6.120835937500000000e+03 1.284652636592839145e-15
7.692401855468750000e+03 5.250495946695941849e-16
9.718894531250000000e+03 7.863497989764970872e-17
1.224167187500000000e+04 5.500022403878958043e-17
1.542616113281250000e+04 3.675253054903727988e-17
1.943778906250000000e+04 2.295322061093597038e-17
2.448334375000000000e+04 1.318165436764833430e-17
3.085232226562500000e+04 6.911699512244288584e-18
3.891693750000000000e+04 3.262636808698452444e-18
4.921482812500000000e+04 1.353259962706668530e-18
6.162192968750000000e+04 4.904356471241138281e-19
7.775115625000000000e+04 1.382249964113499177e-19
9.801609375000000000e+04 2.924167344656615238e-20
1.236574296875000000e+05 4.414243263088230696e-21
1.559158906250000000e+05 4.518117066267796819e-22
1.964457500000000000e+05 3.154637969958718799e-23
2.473148593750000000e+05 1.567467237822444399e-24
3.118317812500000000e+05 6.112137871040550822e-26
3.928915000000000000e+05 2.302053801186272851e-27
4.962840000000000000e+05 9.500740533679679156e-29
6.244907500000000000e+05 5.024138628526968178e-30
7.857830000000000000e+05 2.690155929964536572e-31
9.925680000000000000e+05 9.719035731265790374e-33
1.248981500000000000e+06 1.823110743020613717e-34
1.571566000000000000e+06 1.116678897898807009e-36
1.981000250000000000e+06 1.313829267202561239e-39
2.497963000000000000e+06 1.149942272543679060e-43
3.147267500000000000e+06 6.995949516826149692e-50
3.970272000000000000e+06 1.151785236308293408e-60
5.004197000000000000e+06 3.482011298457506924e-80
6.286264000000000000e+06 3.583530601060112519e-114
7.940544000000000000e+06 1.156529525710859044e-171
1.000839400000000000e+07 9.999999999999999821e-201
