1.211760009765625000e+03 8.394407440878765343e-15
1.526073364257812500e+03 3.945883857610246300e-15
1.923100463867187500e+03 1.773590095785425293e-15
2.423520019531250000e+03 7.472766267844598722e-16
3.056282226562500000e+03 2.967753338754079442e-16
3.850336669921875000e+03 1.097488082169091745e-16
4.838769042968750000e+03 3.960527960354095806e-17
6.120835937500000000e+03 7.244463667633220034e-18
7.692401855468750000e+03 5.032541879484793811e-18
9.718894531250000000e+03 3.445033801449476513e-18
1.224167187500000000e+04 2.344534994363465169e-18
1.542616113281250000e+04 1.566955426595585638e-18
1.943778906250000000e+04 1.001770783579278993e-18
2.448334375000000000e+04 6.065506944424658376e-19
3.085232226562500000e+04 3.439524535610659657e-19
3.891693750000000000e+04 1.789590753293003923e-19
4.921482812500000000e+04 8.447766109885028031e-20
6.162192968750000000e+04 3.630080411363348291e-20
7.775115625000000000e+04 1.284429145336109910e-20
9.801609375000000000e+04 3.609561259135897204e-21
1.236574296875000000e+05 7.579165926009394732e-22
1.559158906250000000e+05 1.142553567036200499e-22
1.964457500000000000e+05 1.219231855697724543e-23
2.473148593750000000e+05 9.276126604205234053e-25
3.118317812500000000e+05 5.339395840748469799e-26
3.928915000000000000e+05 2.725448420952075397e-27
4.962840000000000000e+05 1.428637775807404063e-28
6.244907500000000000e+05 9.605139869458488219e-30
7.857830000000000000e+05 8.020673791910285733e-31
9.925680000000000000e+05 6.378219159319848964e-32
1.248981500000000000e+06 3.775130870197037746e-33
1.571566000000000000e+06 1.150619250029929265e-34
1.981000250000000000e+06 1.205966636694485606e-36
2.497963000000000000e+06 2.824461224904345558e-39
3.147267500000000000e+06 5.897689919841048547e-43
3.970272000000000000e+06 8.878576245134277476e-49
5.004197000000000000e+06 6.303719281233834024e-59
6.286264000000000000e+06 5.819659605337251981e-77
7.940544000000000000e+06 3.530458085635132647e-109
1.000839400000000000e+07 9.999999999999999821e-201
