1.211760009765625000e+03 1.025014439739350815e-12
1.526073364257812500e+03 6.952271558646624064e-13
1.923100463867187500e+03 4.700795751519734443e-13
2.423520019531250000e+03 3.163320175315520325e-13
3.056282226562500000e+03 2.122556051251982070e-13
3.850336669921875000e+03 1.416749705500275914e-13
4.838769042968750000e+03 9.407249615773214678e-14
6.120835937500000000e+03 6.155617463312567604e-14
7.692401855468750000e+03 3.940885101973585270e-14
9.718894531250000000e+03 2.393921572822612408e-14
1.224167187500000000e+04 1.354312355169245297e-14
1.542616113281250000e+04 6.881842106444713784e-15
1.943778906250000000e+04 3.146351718467106417e-15
2.448334375000000000e+04 1.287173975630127934e-15
3.085232226562500000e+04 4.680260526672939839e-16
3.891693750000000000e+04 1.472023938866326253e-16
4.921482812500000000e+04 3.813831860432240901e-17
6.162192968750000000e+04 8.343668700331869865e-18
7.775115625000000000e+04 1.321055290197368976e-18
9.801609375000000000e+04 1.519570161085132412e-19
1.236574296875000000e+05 1.193457190680800330e-20
1.559158906250000000e+05 6.378453684797413523e-22
1.964457500000000000e+05 2.422287510966076513e-23
2.473148593750000000e+05 7.211353216438136922e-25
3.118317812500000000e+05 1.856228669577064727e-26
3.928915000000000000e+05 4.913839821798389164e-28
4.962840000000000000e+05 1.217485170701483197e-29
6.244907500000000000e+05 2.372821442089683202e-31
7.857830000000000000e+05 2.496683028504649427e-33
9.925680000000000000e+05 8.627966770894412113e-36
1.248981500000000000e+06 7.113126487585826857e-39
1.571566000000000000e+06 6.080607766857728162e-43
1.981000250000000000e+06 8.627694746367285398e-49
2.497963000000000000e+06 3.273691800098473805e-58
3.147267500000000000e+06 9.407398130464761226e-75
3.970272000000000000e+06 1.304011308601881098e-104
5.004197000000000000e+06 8.166543677369032231e-156
6.286264000000000000e+06 9.999999999999999821e-201
7.940544000000000000e+06 9.999999999999999821e-201
1.000839400000000000e+07 9.999999999999999821e-201
