1.211760009765625000e+03 2.329012153478233127e-09
1.526073364257812500e+03 1.344962918884695481e-09
1.923100463867187500e+03 7.659393411491250977e-10
2.423520019531250000e+03 4.302862679415402627e-10
3.056282226562500000e+03 2.389109601874323967e-10
3.850336669921875000e+03 1.303253182131469720e-10
4.838769042968750000e+03 6.923487340981606686e-11
6.120835937500000000e+03 3.552253555903695028e-11
7.692401855468750000e+03 1.747942817956705574e-11
9.718894531250000000e+03 7.891590301107098928e-12
1.224167187500000000e+04 3.169667214225893940e-12
1.542616113281250000e+04 1.104716759192440885e-12
1.943778906250000000e+04 3.266180129943002830e-13
2.448334375000000000e+04 6.374575879311109356e-15
3.085232226562500000e+04 2.744152753245843263e-15
3.891693750000000000e+04 1.007843603932236499e-15
4.921482812500000000e+04 3.028014856222301008e-16
6.162192968750000000e+04 7.611767937144863801e-17
7.775115625000000000e+04 1.374853921924863822e-17
9.801609375000000000e+04 1.786161417415857529e-18
1.236574296875000000e+05 1.594313040985802220e-19
1.559158906250000000e+05 9.709138169399289050e-21
1.964457500000000000e+05 4.226810421820000231e-22
2.473148593750000000e+05 1.455264072506434968e-23
3.118317812500000000e+05 4.340299389158136429e-25
3.928915000000000000e+05 1.325593998438635080e-26
4.962840000000000000e+05 3.784671096253026922e-28
6.244907500000000000e+05 8.518576357315756548e-30
7.857830000000000000e+05 1.028548051059180284e-31
9.925680000000000000e+05 4.098284216174846161e-34
1.248981500000000000e+06 3.857367100233109824e-37
1.571566000000000000e+06 3.719069401589726664e-41
1.981000250000000000e+06 5.808186659319152132e-47
2.497963000000000000e+06 2.338351285784623633e-56
3.147267500000000000e+06 6.597396091494766964e-73
3.970272000000000000e+06 8.790002154279345335e-103
5.004197000000000000e+06 5.469336591265499394e-154
6.286264000000000000e+06 9.999999999999999821e-201
7.940544000000000000e+06 9.999999999999999821e-201
1.000839400000000000e+07 9.999999999999999821e-201
