1.211760009765625000e+03 3.038924948923469588e-14
1.526073364257812500e+03 1.997665511872856445e-14
1.923100463867187500e+03 1.302724699085602233e-14
2.423520019531250000e+03 8.468731178010054625e-15
3.056282226562500000e+03 5.479156318348139016e-15
3.850336669921875000e+03 3.549701610189918047e-15
4.838769042968750000e+03 2.288165995651768906e-15
6.120835937500000000e+03 1.454964127692061328e-15
7.692401855468750000e+03 9.107404326570537308e-16
9.718894531250000000e+03 5.414159836209280216e-16
1.224167187500000000e+04 2.996776275268118079e-16
1.542616113281250000e+04 1.503139196933977265e-16
1.943778906250000000e+04 6.778864420636420403e-17
2.448334375000000000e+04 2.749473662230341438e-17
3.085232226562500000e+04 9.920552227477683746e-18
3.891693750000000000e+04 3.087117159047954891e-18
4.921482812500000000e+04 7.941990522548458465e-19
6.162192968750000000e+04 1.721430595015838530e-19
7.775115625000000000e+04 2.713842089364731344e-20
9.801609375000000000e+04 3.092458573436409364e-21
1.236574296875000000e+05 2.414245462064214793e-22
1.559158906250000000e+05 1.292408458310766066e-23
1.964457500000000000e+05 4.909602874575539083e-25
2.473148593750000000e+05 1.455264072506434814e-26
3.118317812500000000e+05 3.803448940603984833e-28
3.928915000000000000e+05 1.010520548070831306e-29
4.962840000000000000e+05 2.517605081495827139e-31
6.244907500000000000e+05 4.922499140732633794e-33
7.857830000000000000e+05 5.206757768847301228e-35
9.925680000000000000e+05 1.818035855295608709e-37
1.248981500000000000e+06 1.498121167368822618e-40
1.571566000000000000e+06 1.293896768994144319e-44
1.981000250000000000e+06 1.843958288929478412e-50
2.497963000000000000e+06 7.030139994681515515e-60
3.147267500000000000e+06 2.015871027956734128e-76
3.970272000000000000e+06 2.801209477737373751e-106
5.004197000000000000e+06 1.744622043789191127e-157
6.286264000000000000e+06 9.999999999999999821e-201
7.940544000000000000e+06 9.999999999999999821e-201
1.000839400000000000e+07 9.999999999999999821e-201
