1.211760009765625000e+03 1.768554683389888303e-11
1.526073364257812500e+03 1.166953120797015273e-11
1.923100463867187500e+03 7.753570861221240309e-12
2.423520019531250000e+03 5.106390283027142591e-12
3.056282226562500000e+03 3.352919064434207250e-12
3.850336669921875000e+03 2.194967467254511412e-12
4.838769042968750000e+03 1.434489844011620093e-12
6.120835937500000000e+03 9.264331682603475820e-13
7.692401855468750000e+03 5.990879906522812851e-13
9.718894531250000000e+03 3.813706408812668908e-13
1.224167187500000000e+04 2.413369647950997735e-13
1.542616113281250000e+04 1.494657374103238891e-13
1.943778906250000000e+04 8.882714421596638225e-14
2.448334375000000000e+04 4.986303359482331621e-14
3.085232226562500000e+04 2.599222145200563535e-14
3.891693750000000000e+04 1.250789838475835679e-14
4.921482812500000000e+04 5.448960983368454128e-15
6.162192968750000000e+04 2.153789449039562181e-15
7.775115625000000000e+04 6.981139120144874737e-16
9.801609375000000000e+04 1.800664015146922113e-16
1.236574296875000000e+05 3.456701517309086284e-17
1.559158906250000000e+05 4.752414106293348152e-18
1.964457500000000000e+05 4.560504049184295779e-19
2.473148593750000000e+05 3.144389132307882712e-20
3.118317812500000000e+05 1.626731648468061537e-21
3.928915000000000000e+05 7.551631725158083221e-23
4.962840000000000000e+05 3.594811633767507505e-24
6.244907500000000000e+05 2.215946092724056568e-25
7.857830000000000000e+05 1.681596215509922286e-26
9.925680000000000000e+05 1.183610069081497835e-27
1.248981500000000000e+06 5.969771081112844089e-29
1.571566000000000000e+06 1.501622929153645432e-30
1.981000250000000000e+06 1.239915962967788992e-32
2.497963000000000000e+06 2.131299892177978336e-35
3.147267500000000000e+06 2.743240196293086033e-39
3.970272000000000000e+06 1.749741096581730174e-45
5.004197000000000000e+06 2.478703834877598765e-56
6.286264000000000000e+06 1.365594351624107836e-75
7.940544000000000000e+06 7.955921066304830674e-110
1.000839400000000000e+07 9.999999999999999821e-201
