1.211760009765625000e+03 1.693827020711442390e-15
1.526073364257812500e+03 6.902824392511157073e-16
1.923100463867187500e+03 2.550516730664881331e-16
2.423520019531250000e+03 8.469135103557211705e-17
3.056282226562500000e+03 2.434446582372314797e-17
3.850336669921875000e+03 6.036241123555167784e-18
4.838769042968750000e+03 1.269323837134610639e-18
6.120835937500000000e+03 1.202769217710114561e-19
7.692401855468750000e+03 8.386365920823668082e-20
9.718894531250000000e+03 5.787604706725317803e-20
1.224167187500000000e+04 3.980815764586544176e-20
1.542616113281250000e+04 2.693734592166861608e-20
1.943778906250000000e+04 1.772472917634120603e-20
2.448334375000000000e+04 1.113903388545964795e-20
3.085232226562500000e+04 6.560425536696521249e-21
3.891693750000000000e+04 3.605167616364899622e-21
4.921482812500000000e+04 1.827309897795199880e-21
6.162192968750000000e+04 8.491849495083287078e-22
7.775115625000000000e+04 3.334682716243628396e-22
9.801609375000000000e+04 1.075821454627021615e-22
1.236574296875000000e+05 2.678385900488627742e-23
1.559158906250000000e+05 4.924606936689916675e-24
1.964457500000000000e+05 6.516314692334011616e-25
2.473148593750000000e+05 6.215268835898397987e-26
3.118317812500000000e+05 4.433585027519911184e-27
3.928915000000000000e+05 2.745901230066334004e-28
4.962840000000000000e+05 1.673999140269796538e-29
6.244907500000000000e+05 1.279177462852556521e-30
7.857830000000000000e+05 1.245056258283241137e-31
9.925680000000000000e+05 1.271490477635222307e-32
1.248981500000000000e+06 1.110120069335997794e-33
1.571566000000000000e+06 5.793008539089152595e-35
1.981000250000000000e+06 1.264227029310568260e-36
2.497963000000000000e+06 8.119671689376808725e-39
3.147267500000000000e+06 8.197046158181846312e-42
3.970272000000000000e+06 2.284587164458247319e-46
5.004197000000000000e+06 4.482982276595126632e-54
6.286264000000000000e+06 1.035589062475379774e-67
7.940544000000000000e+06 1.978400705158697010e-92
1.000839400000000000e+07 9.999999999999999821e-201
