1.211760009765625000e+03 7.559948540969451258e-15
1.526073364257812500e+03 3.075613733626031509e-15
1.923100463867187500e+03 1.137922849065870201e-15
2.423520019531250000e+03 3.798656186154337380e-16
3.056282226562500000e+03 1.115993767984063322e-16
3.850336669921875000e+03 2.986763465031843366e-17
4.838769042968750000e+03 8.108702645085963572e-18
6.120835937500000000e+03 2.319274249723807308e-18
7.692401855468750000e+03 1.618490245467371870e-18
9.718894531250000000e+03 1.118833744107594859e-18
1.224167187500000000e+04 7.692987520520007935e-19
1.542616113281250000e+04 5.206617745283652266e-19
1.943778906250000000e+04 3.421957918534445216e-19
2.448334375000000000e+04 2.153898495387457983e-19
3.085232226562500000e+04 1.271993617948380826e-19
3.891693750000000000e+04 6.998266549414216861e-20
4.921482812500000000e+04 3.542169955726080067e-20
6.162192968750000000e+04 1.643835085745480217e-20
7.775115625000000000e+04 6.470828644530085966e-21
9.801609375000000000e+04 2.085922076700466764e-21
1.236574296875000000e+05 5.185355103345984842e-22
1.559158906250000000e+05 9.506963198243081218e-23
1.964457500000000000e+05 1.259213258728414173e-23
2.473148593750000000e+05 1.202672077002938643e-24
3.118317812500000000e+05 8.578683358043664891e-26
3.928915000000000000e+05 5.298108182493134873e-27
4.962840000000000000e+05 3.229634704964961014e-28
6.244907500000000000e+05 2.464182351752777135e-29
7.857830000000000000e+05 2.387906405811887540e-30
9.925680000000000000e+05 2.449660553242171000e-31
1.248981500000000000e+06 2.125761834898718766e-32
1.571566000000000000e+06 1.106082674359055484e-33
1.981000250000000000e+06 2.413136052569159080e-35
2.497963000000000000e+06 1.546120817518833947e-37
3.147267500000000000e+06 1.553013629455018260e-40
3.970272000000000000e+06 4.321008311052020788e-45
5.004197000000000000e+06 8.432276186928927712e-53
6.286264000000000000e+06 1.937884483246007746e-66
7.940544000000000000e+06 3.686460941289497484e-91
1.000839400000000000e+07 9.999999999999999821e-201
