1.211760009765625000e+03 2.528285920620755624e-17
1.526073364257812500e+03 1.384520651793068821e-17
1.923100463867187500e+03 7.314097209168214845e-18
2.423520019531250000e+03 3.642973555574241224e-18
3.056282226562500000e+03 1.713494856152521935e-18
3.850336669921875000e+03 7.447292537934438762e-19
4.838769042968750000e+03 2.987694458026382928e-19
6.120835937500000000e+03 1.054823211338226109e-19
7.692401855468750000e+03 3.291308325202760609e-20
9.718894531250000000e+03 2.521304815879481004e-24
1.224167187500000000e+04 1.756056125150436448e-24
1.542616113281250000e+04 1.213892928941096117e-24
1.943778906250000000e+04 8.036083077444959338e-25
2.448334375000000000e+04 5.120539296983455338e-25
3.085232226562500000e+04 3.057258879276663132e-25
3.891693750000000000e+04 1.694609518566897160e-25
4.921482812500000000e+04 8.599609069142630487e-26
6.162192968750000000e+04 4.018858111392493319e-26
7.775115625000000000e+04 1.576270763503820266e-26
9.801609375000000000e+04 5.031493645868038182e-27
1.236574296875000000e+05 1.216831989253814207e-27
1.559158906250000000e+05 2.143674961215246582e-28
1.964457500000000000e+05 2.698227231368402889e-29
2.473148593750000000e+05 2.434709019411511236e-30
3.118317812500000000e+05 1.654092377234116560e-31
3.928915000000000000e+05 9.760126469559583305e-33
4.962840000000000000e+05 5.742750790281663232e-34
6.244907500000000000e+05 4.261946425513954511e-35
7.857830000000000000e+05 3.998961402073418798e-36
9.925680000000000000e+05 3.862356835157352882e-37
1.248981500000000000e+06 3.058545367950867148e-38
1.571566000000000000e+06 1.398947872577217989e-39
1.981000250000000000e+06 2.537354767239501005e-41
2.497963000000000000e+06 1.267595676516692442e-43
3.147267500000000000e+06 8.598304096510319887e-47
3.970272000000000000e+06 1.142906616748813199e-51
5.004197000000000000e+06 5.320267725193424439e-60
6.286264000000000000e+06 9.269342366765753159e-75
7.940544000000000000e+06 2.133550606751522428e-101
1.000839400000000000e+07 9.999999999999999821e-201
