1.211760009765625000e+03 1.021278056605428419e-08
1.526073364257812500e+03 6.012775402072755977e-09
1.923100463867187500e+03 3.523636960210866688e-09
2.423520019531250000e+03 2.055010723657264743e-09
3.056282226562500000e+03 1.185126125292810590e-09
3.850336669921875000e+03 6.820203542199308571e-10
4.838769042968750000e+03 3.867521271261116223e-10
6.120835937500000000e+03 2.169708575483164165e-10
7.692401855468750000e+03 1.200462668429683026e-10
9.718894531250000000e+03 6.517658590444774846e-11
1.224167187500000000e+04 3.458262141046101022e-11
1.542616113281250000e+04 1.791885816072458040e-11
1.943778906250000000e+04 8.967580386848719935e-12
2.448334375000000000e+04 4.225525335190906139e-12
3.085232226562500000e+04 1.876022176011433439e-12
3.891693750000000000e+04 7.602673395004771694e-13
4.921482812500000000e+04 2.772513385116762907e-13
6.162192968750000000e+04 3.432514941207059871e-15
7.775115625000000000e+04 2.184171791964844476e-15
9.801609375000000000e+04 1.247317052573931906e-15
1.236574296875000000e+05 6.035565330698685061e-16
1.559158906250000000e+05 2.379944601161340154e-16
1.964457500000000000e+05 7.364521855693728488e-17
2.473148593750000000e+05 1.760855216497850782e-17
3.118317812500000000e+05 3.191359963873429311e-18
3.928915000000000000e+05 4.736665616613624552e-19
4.962840000000000000e+05 6.101336710303859625e-20
6.244907500000000000e+05 8.353130494269509639e-21
7.857830000000000000e+05 1.313293847747736507e-21
9.925680000000000000e+05 2.551291164078472158e-22
1.248981500000000000e+06 5.652458087364819646e-23
1.571566000000000000e+06 1.179791925139613427e-23
1.981000250000000000e+06 1.840284338840629545e-24
2.497963000000000000e+06 1.727656013263035483e-25
3.147267500000000000e+06 7.904992291581978738e-27
3.970272000000000000e+06 1.222831065031180199e-28
5.004197000000000000e+06 2.885802524343411983e-31
6.286264000000000000e+06 1.768039690373221556e-35
7.940544000000000000e+06 4.792169982064040109e-43
1.000839400000000000e+07 9.999999999999999821e-201
