1.211760009765625000e+03 7.099127954452368145e-17
1.526073364257812500e+03 2.759151870359044357e-17
1.923100463867187500e+03 9.574247419726629959e-18
2.423520019531250000e+03 2.864560402673762909e-18
3.056282226562500000e+03 7.258897517418464030e-19
3.850336669921875000e+03 1.454192770350134713e-19
4.838769042968750000e+03 2.292428744199748435e-20
6.120835937500000000e+03 2.785984584291364536e-21
7.692401855468750000e+03 2.902651967010752469e-22
9.718894531250000000e+03 2.016570611151179547e-22
1.224167187500000000e+04 1.401578074378924125e-22
1.542616113281250000e+04 9.622588192961653543e-23
1.943778906250000000e+04 6.545934168060406178e-23
2.448334375000000000e+04 4.357042140533182686e-23
3.085232226562500000e+04 2.798932654204288277e-23
3.891693750000000000e+04 1.721253006240613130e-23
4.921482812500000000e+04 9.985493439675303406e-24
6.162192968750000000e+04 5.521143816184842494e-24
7.775115625000000000e+04 2.751667368601354975e-24
9.801609375000000000e+04 1.205145418022581959e-24
1.236574296875000000e+05 4.406049063171435787e-25
1.559158906250000000e+05 1.285485591717290254e-25
1.964457500000000000e+05 2.906018440566291437e-26
2.473148593750000000e+05 5.026298694959942369e-27
3.118317812500000000e+05 6.580821325771684372e-28
3.928915000000000000e+05 7.109137397172099970e-29
4.962840000000000000e+05 6.976587497946892542e-30
6.244907500000000000e+05 7.615245505750716911e-31
7.857830000000000000e+05 1.007831531838386306e-31
9.925680000000000000e+05 1.612398619599261517e-32
1.248981500000000000e+06 2.880934732442152092e-33
1.571566000000000000e+06 4.421029272891057160e-34
1.981000250000000000e+06 4.501821337536570375e-35
2.497963000000000000e+06 2.375188887325126852e-36
3.147267500000000000e+06 4.999939373810075169e-38
3.970272000000000000e+06 2.458682689154839843e-40
5.004197000000000000e+06 8.209882562267300116e-44
6.286264000000000000e+06 1.385079818241775724e-49
7.940544000000000000e+06 4.290486404430605497e-60
1.000839400000000000e+07 9.999999999999999821e-201
