1.211760009765625000e+03 7.161401006684405667e-13
1.526073364257812500e+03 4.727149082550620931e-13
1.923100463867187500e+03 3.107706539517824925e-13
2.423520019531250000e+03 2.042556113210856935e-13
3.056282226562500000e+03 1.333266890954411961e-13
3.850336669921875000e+03 8.662409702049867225e-14
4.838769042968750000e+03 5.613770637419652140e-14
6.120835937500000000e+03 3.623220384720389814e-14
7.692401855468750000e+03 2.331936717807422549e-14
9.718894531250000000e+03 1.492144185244391495e-14
1.224167187500000000e+04 9.507344178784349984e-15
1.542616113281250000e+04 5.961374156711092271e-15
1.943778906250000000e+04 3.634120879289097301e-15
2.448334375000000000e+04 2.124687373419065847e-15
3.085232226562500000e+04 1.171662298552620466e-15
3.891693750000000000e+04 6.013275344341059963e-16
4.921482812500000000e+04 2.850056175157749706e-16
6.162192968750000000e+04 1.247575593936616392e-16
7.775115625000000000e+04 4.651335020735478588e-17
9.801609375000000000e+04 1.423742178851300984e-17
1.236574296875000000e+05 3.361473836538671749e-18
1.559158906250000000e+05 5.848453640330762538e-19
1.964457500000000000e+05 7.288258944426997167e-20
2.473148593750000000e+05 6.541235448654504503e-21
3.118317812500000000e+05 4.368635743150128065e-22
3.928915000000000000e+05 2.516206180513578968e-23
4.962840000000000000e+05 1.417847148723142402e-24
6.244907500000000000e+05 9.844832871246075059e-26
7.857830000000000000e+05 8.740105685813728459e-27
9.925680000000000000e+05 8.317292312378996055e-28
1.248981500000000000e+06 6.828985383863162478e-29
1.571566000000000000e+06 3.422685666405138061e-30
1.981000250000000000e+06 7.372397162365714042e-32
2.497963000000000000e+06 4.838778776683924256e-34
3.147267500000000000e+06 5.426243229592381877e-37
3.970272000000000000e+06 2.051439444330672941e-41
5.004197000000000000e+06 8.013951440369338567e-49
6.286264000000000000e+06 7.050115801871563442e-62
7.940544000000000000e+06 1.438390724634047389e-85
1.000839400000000000e+07 9.999999999999999821e-201
