1.211760009765625000e+03 2.241829880353379517e-12
1.526073364257812500e+03 1.493304417291095772e-12
1.923100463867187500e+03 9.888157171193079076e-13
2.423520019531250000e+03 6.538670484364022917e-13
3.056282226562500000e+03 4.301020229708492298e-13
3.850336669921875000e+03 2.822142527364663370e-13
4.838769042968750000e+03 1.849425548883252084e-13
6.120835937500000000e+03 1.197881025152455614e-13
7.692401855468750000e+03 7.760058321443186422e-14
9.718894531250000000e+03 4.968654392774372829e-14
1.224167187500000000e+04 3.177261550750553739e-14
1.542616113281250000e+04 1.993483518004189522e-14
1.943778906250000000e+04 1.221064615441136977e-14
2.448334375000000000e+04 7.135541554840972443e-15
3.085232226562500000e+04 3.954822269562473508e-15
3.891693750000000000e+04 2.032487066387278319e-15
4.921482812500000000e+04 9.635215292665288117e-16
6.162192968750000000e+04 4.236896335252275004e-16
7.775115625000000000e+04 1.581453907050063546e-16
9.801609375000000000e+04 4.842868982960292034e-17
1.236574296875000000e+05 1.145530190105357263e-17
1.559158906250000000e+05 1.995731442959585052e-18
1.964457500000000000e+05 2.487819158914984764e-19
2.473148593750000000e+05 2.229019722949146763e-20
3.118317812500000000e+05 1.492000173296187711e-21
3.928915000000000000e+05 8.586375892825997861e-23
4.962840000000000000e+05 4.833569825192530347e-24
6.244907500000000000e+05 3.365841217787415825e-25
7.857830000000000000e+05 3.006693738713079337e-26
9.925680000000000000e+05 2.856603242012520133e-27
1.248981500000000000e+06 2.352992373196374287e-28
1.571566000000000000e+06 1.180278437988106674e-29
1.981000250000000000e+06 2.547813725229327241e-31
2.497963000000000000e+06 1.682051669990126185e-33
3.147267500000000000e+06 1.894066032970925431e-36
3.970272000000000000e+06 7.169297534506410060e-41
5.004197000000000000e+06 2.807807803925023812e-48
6.286264000000000000e+06 2.488276165366434034e-61
7.940544000000000000e+06 5.117152613895944004e-85
1.000839400000000000e+07 9.999999999999999821e-201
