1.211760009765625000e+03 6.376760548560723499e-10
1.526073364257812500e+03 3.481080495936858838e-10
1.923100463867187500e+03 1.875610765012020428e-10
2.423520019531250000e+03 9.901415304894091868e-11
3.056282226562500000e+03 5.184926798156045557e-11
3.850336669921875000e+03 2.688884844798118129e-11
4.838769042968750000e+03 1.409776742803799503e-11
6.120835937500000000e+03 7.569617423373703885e-12
7.692401855468750000e+03 4.296552022752978267e-12
9.718894531250000000e+03 2.624044691748864587e-12
1.224167187500000000e+04 1.713079850607434429e-12
1.542616113281250000e+04 1.143679914853958093e-12
1.943778906250000000e+04 8.289214202638487422e-13
2.448334375000000000e+04 5.966728545003022249e-13
3.085232226562500000e+04 4.226316978184427638e-13
3.891693750000000000e+04 2.935126102684431819e-13
4.921482812500000000e+04 1.987253450878280130e-13
6.162192968750000000e+04 1.322114163125425473e-13
7.775115625000000000e+04 8.422416744195682996e-14
9.801609375000000000e+04 5.111299068468422508e-14
1.236574296875000000e+05 2.887455105301859242e-14
1.559158906250000000e+05 1.478809791876894884e-14
1.964457500000000000e+05 6.667574431663426403e-15
2.473148593750000000e+05 2.585120065925856931e-15
3.118317812500000000e+05 8.444114534901612316e-16
3.928915000000000000e+05 2.325411888239090299e-16
4.962840000000000000e+05 5.546345911511144991e-17
6.244907500000000000e+05 1.285462779770351526e-17
7.857830000000000000e+05 3.039870520337544086e-18
9.925680000000000000e+05 7.725115980613031918e-19
1.248981500000000000e+06 2.282670199456863838e-19
1.571566000000000000e+06 7.331269273490838251e-20
1.981000250000000000e+06 2.284381126398478685e-20
2.497963000000000000e+06 6.285334675136329827e-21
3.147267500000000000e+06 1.366257429229611852e-21
3.970272000000000000e+06 1.981320280793098356e-22
5.004197000000000000e+06 1.673231647849886577e-23
6.286264000000000000e+06 5.889019858892321832e-25
7.940544000000000000e+06 3.111666605480510082e-27
1.000839400000000000e+07 9.999999999999999821e-201
