1.211760009765625000e+03 2.179556828121341141e-13
1.526073364257812500e+03 1.483414984064002341e-13
1.923100463867187500e+03 1.012358417441518195e-13
2.423520019531250000e+03 6.849724726766395902e-14
3.056282226562500000e+03 4.600572190422052072e-14
3.850336669921875000e+03 3.084093670066752422e-14
4.838769042968750000e+03 2.058627157612407359e-14
6.120835937500000000e+03 1.350759807360735756e-14
7.692401855468750000e+03 8.719490088190222129e-15
9.718894531250000000e+03 5.328602097240534839e-15
1.224167187500000000e+04 3.028699433543814629e-15
1.542616113281250000e+04 1.555738077747092598e-15
1.943778906250000000e+04 7.153715620617430399e-16
2.448334375000000000e+04 2.942796367930365016e-16
3.085232226562500000e+04 1.080522911500246570e-16
3.891693750000000000e+04 3.434531290593047863e-17
4.921482812500000000e+04 8.995251806593325333e-18
6.162192968750000000e+04 1.991585950678939938e-18
7.775115625000000000e+04 3.202855861610533169e-19
9.801609375000000000e+04 3.733195766421780927e-20
1.236574296875000000e+05 2.981336480660383378e-21
1.559158906250000000e+05 1.628591396986128224e-22
1.964457500000000000e+05 6.316752999800541966e-24
2.473148593750000000e+05 1.914758860082478289e-25
3.118317812500000000e+05 5.084785184904754559e-27
3.928915000000000000e+05 1.361842090779613914e-28
4.962840000000000000e+05 3.418191038743950732e-30
6.244907500000000000e+05 6.798230724151405938e-32
7.857830000000000000e+05 7.251703654061100514e-34
9.925680000000000000e+05 2.601466261630548973e-36
1.248981500000000000e+06 2.240209172532257965e-39
1.571566000000000000e+06 2.027937850067663105e-43
1.981000250000000000e+06 3.181081152064557159e-49
2.497963000000000000e+06 1.473975964805041847e-58
3.147267500000000000e+06 6.166528863962523308e-75
3.970272000000000000e+06 1.657476343383969547e-104
5.004197000000000000e+06 2.821853680877329931e-155
6.286264000000000000e+06 9.999999999999999821e-201
7.940544000000000000e+06 9.999999999999999821e-201
1.000839400000000000e+07 9.999999999999999821e-201
