1.211760009765625000e+03 3.674110081690260751e-14
1.526073364257812500e+03 1.562530449880749325e-14
1.923100463867187500e+03 6.223260822822311532e-15
2.423520019531250000e+03 2.254284490799787023e-15
3.056282226562500000e+03 7.308277772638998386e-16
3.850336669921875000e+03 2.183249064945410823e-16
4.838769042968750000e+03 6.425063883547473533e-17
6.120835937500000000e+03 2.342260786179147352e-17
7.692401855468750000e+03 1.253349506826568208e-17
9.718894531250000000e+03 8.269863627016766469e-18
1.224167187500000000e+04 5.880325097752868827e-18
1.542616113281250000e+04 4.153469291940395036e-18
1.943778906250000000e+04 2.895306163713284028e-18
2.448334375000000000e+04 1.974918429249917332e-18
3.085232226562500000e+04 1.306753477722638742e-18
3.891693750000000000e+04 8.270014631388689889e-19
4.921482812500000000e+04 4.970128337831551627e-19
6.162192968750000000e+04 2.858784180168143660e-19
7.775115625000000000e+04 1.502710955750080240e-19
9.801609375000000000e+04 6.984612102426836334e-20
1.236574296875000000e+05 2.744180339200725075e-20
1.559158906250000000e+05 8.701718351454544218e-21
1.964457500000000000e+05 2.146230582823540403e-21
2.473148593750000000e+05 4.048934921055206061e-22
3.118317812500000000e+05 5.782267607794009972e-23
3.928915000000000000e+05 6.770982235641368862e-24
4.962840000000000000e+05 7.087616033767692080e-25
6.244907500000000000e+05 8.082516895809538960e-26
7.857830000000000000e+05 1.093096472853661350e-26
9.925680000000000000e+05 1.802550522822251968e-27
1.248981500000000000e+06 3.407824671391785092e-28
1.571566000000000000e+06 5.833981383347091793e-29
1.981000250000000000e+06 7.039731058173144553e-30
2.497963000000000000e+06 4.780279737609621607e-31
3.147267500000000000e+06 1.457731626997030829e-32
3.970272000000000000e+06 1.289039343976517383e-34
5.004197000000000000e+06 1.257135253360654838e-37
6.286264000000000000e+06 1.633325865879225917e-42
7.940544000000000000e+06 2.453234799861787324e-51
1.000839400000000000e+07 9.999999999999999821e-201
