1.211760009765625000e+03 1.114687634953485931e-12
1.526073364257812500e+03 6.556694229562890847e-13
1.923100463867187500e+03 4.057283537703827195e-13
2.423520019531250000e+03 2.621695498968813398e-13
3.056282226562500000e+03 1.757937085851002438e-13
3.850336669921875000e+03 1.199403786090401371e-13
4.838769042968750000e+03 8.295575444132873981e-14
6.120835937500000000e+03 5.692813562482304010e-14
7.692401855468750000e+03 3.917721525479592532e-14
9.718894531250000000e+03 2.675066654011678879e-14
1.224167187500000000e+04 1.815124931819978094e-14
1.542616113281250000e+04 1.200924482080565831e-14
1.943778906250000000e+04 7.698838114789459166e-15
2.448334375000000000e+04 4.704460800770245150e-15
3.085232226562500000e+04 2.684101396725550514e-15
3.891693750000000000e+04 1.416907892139553643e-15
4.921482812500000000e+04 6.822782046695749039e-16
6.162192968750000000e+04 2.992849259765961480e-16
7.775115625000000000e+04 1.100151911893800838e-16
9.801609375000000000e+04 3.280237140153696534e-17
1.236574296875000000e+05 7.405738261107638420e-18
1.559158906250000000e+05 1.224099033557383328e-18
1.964457500000000000e+05 1.427707037671757014e-19
2.473148593750000000e+05 1.202501724431834818e-20
3.118317812500000000e+05 7.534227647479907222e-22
3.928915000000000000e+05 4.125559565817621335e-23
4.962840000000000000e+05 2.254381636648542903e-24
6.244907500000000000e+05 1.550851071980781616e-25
7.857830000000000000e+05 1.337899467928773901e-26
9.925680000000000000e+05 1.155018746370853554e-27
1.248981500000000000e+06 7.930630986294621027e-29
1.571566000000000000e+06 2.999331948297032156e-30
1.981000250000000000e+06 4.326944230288476596e-32
2.497963000000000000e+06 1.605914498116706364e-34
3.147267500000000000e+06 7.122742995170060070e-38
3.970272000000000000e+06 4.691417810193667186e-43
5.004197000000000000e+06 6.213326440509516227e-52
6.286264000000000000e+06 1.237898778409782875e-67
7.940544000000000000e+06 7.781404408007488436e-96
1.000839400000000000e+07 9.999999999999999821e-201
