1.211760009765625000e+03 2.055010723657264691e-12
1.526073364257812500e+03 1.404299518247255445e-12
1.923100463867187500e+03 9.495769981860019678e-13
2.423520019531250000e+03 6.414124379899947376e-13
3.056282226562500000e+03 4.320756506614671904e-13
3.850336669921875000e+03 2.900309941260116437e-13
4.838769042968750000e+03 1.945360438570553772e-13
6.120835937500000000e+03 1.289956006046530639e-13
7.692401855468750000e+03 8.555783934753954562e-14
9.718894531250000000e+03 5.582304208138763514e-14
1.224167187500000000e+04 3.577200160519887222e-14
1.542616113281250000e+04 2.195503561790313779e-14
1.943778906250000000e+04 1.269572075960567151e-14
2.448334375000000000e+04 6.781066150904318060e-15
3.085232226562500000e+04 3.307182128944252306e-15
3.891693750000000000e+04 1.454577925161566050e-15
4.921482812500000000e+04 5.677106782073764898e-16
6.162192968750000000e+04 1.955872903647570147e-16
7.775115625000000000e+04 5.302120667077593077e-17
9.801609375000000000e+04 1.100247406132284220e-17
1.236574296875000000e+05 1.630912833112070450e-18
1.559158906250000000e+05 1.678673442239942238e-19
1.964457500000000000e+05 1.180562168088376302e-20
2.473148593750000000e+05 5.975356219411740615e-22
3.118317812500000000e+05 2.342169499122721276e-23
3.928915000000000000e+05 8.743858076142942208e-25
4.962840000000000000e+05 3.529616028673475831e-26
6.244907500000000000e+05 1.840528052771399107e-27
7.857830000000000000e+05 1.012191123686535830e-28
9.925680000000000000e+05 3.956188851436801895e-30
1.248981500000000000e+06 8.511215529364574187e-32
1.571566000000000000e+06 6.437504363471781058e-34
1.981000250000000000e+06 1.056403208802585811e-36
2.497963000000000000e+06 1.653762126302805904e-40
3.147267500000000000e+06 3.114181310672484504e-46
3.970272000000000000e+06 5.126459280225033235e-56
5.004197000000000000e+06 1.159048065197222451e-73
6.286264000000000000e+06 1.516832079598353054e-104
7.940544000000000000e+06 2.677060198138584841e-157
1.000839400000000000e+07 9.999999999999999821e-201
