1.211760009765625000e+03 1.756100072943480618e-13
1.526073364257812500e+03 1.048279922071894969e-13
1.923100463867187500e+03 6.168326616315680763e-14
2.423520019531250000e+03 3.580700503342203338e-14
3.056282226562500000e+03 2.039397448051215328e-14
3.850336669921875000e+03 1.144449456364174470e-14
4.838769042968750000e+03 6.266370030908823865e-15
6.120835937500000000e+03 3.348080242776185449e-15
7.692401855468750000e+03 1.730827070162926893e-15
9.718894531250000000e+03 8.528887908156396382e-16
1.224167187500000000e+04 3.984116001793339753e-16
1.542616113281250000e+04 1.700616416569280276e-16
1.943778906250000000e+04 6.431695032358001708e-17
2.448334375000000000e+04 9.561271542778978411e-21
3.085232226562500000e+04 5.959666772910949677e-21
3.891693750000000000e+04 3.375035844290872608e-21
4.921482812500000000e+04 1.688177901454075318e-21
6.162192968750000000e+04 7.479473164147256801e-22
7.775115625000000000e+04 2.592105127229725113e-22
9.801609375000000000e+04 6.846344217191534034e-23
1.236574296875000000e+05 1.290881125592424674e-23
1.559158906250000000e+05 1.682530955296140081e-24
1.964457500000000000e+05 1.492934501880266604e-25
2.473148593750000000e+05 9.394438515352420176e-27
3.118317812500000000e+05 4.562027492182046797e-28
3.928915000000000000e+05 2.064724204241403073e-29
4.962840000000000000e+05 1.004141504078115464e-30
6.244907500000000000e+05 6.203263604472887204e-32
7.857830000000000000e+05 3.987827247741928685e-33
9.925680000000000000e+05 1.804922264129445057e-34
1.248981500000000000e+06 4.402846901080936775e-36
1.571566000000000000e+06 3.709841360598586603e-38
1.981000250000000000e+06 6.771529998658983533e-41
2.497963000000000000e+06 1.203665609448575550e-44
3.147267500000000000e+06 2.749907840986684547e-50
3.970272000000000000e+06 6.264755413472788940e-60
5.004197000000000000e+06 2.489795997029677984e-77
6.286264000000000000e+06 8.067478692619819546e-108
7.940544000000000000e+06 5.674236862073296039e-160
1.000839400000000000e+07 9.999999999999999821e-201
