1.211760009765625000e+03 3.786201575707930151e-13
1.526073364257812500e+03 2.581142072271364341e-13
1.923100463867187500e+03 1.757894608212103087e-13
2.423520019531250000e+03 1.195642602855135638e-13
3.056282226562500000e+03 8.048966253272027205e-14
3.850336669921875000e+03 5.448007504259597485e-14
4.838769042968750000e+03 3.647909012969866546e-14
6.120835937500000000e+03 2.427991902510826296e-14
7.692401855468750000e+03 1.614697608741900119e-14
9.718894531250000000e+03 1.059091701740515040e-14
1.224167187500000000e+04 6.832219679292532652e-15
1.542616113281250000e+04 4.254496521005847988e-15
1.943778906250000000e+04 2.496029392125028147e-15
2.448334375000000000e+04 1.361971946458610486e-15
3.085232226562500000e+04 6.859026660299480157e-16
3.891693750000000000e+04 3.148332962606837189e-16
4.921482812500000000e+04 1.286920303234318924e-16
6.162192968750000000e+04 4.681375996466785447e-17
7.775115625000000000e+04 1.354576410595026559e-17
9.801609375000000000e+04 3.045380043003604902e-18
1.236574296875000000e+05 4.931719174966191875e-19
1.559158906250000000e+05 5.578678707863025509e-20
1.964457500000000000e+05 4.349594678473354074e-21
2.473148593750000000e+05 2.423471529567425699e-22
3.118317812500000000e+05 1.037667224819311649e-23
3.928915000000000000e+05 4.139382682203168142e-25
4.962840000000000000e+05 1.763835113908925810e-26
6.244907500000000000e+05 9.778463892827153083e-28
7.857830000000000000e+05 6.047715149171859185e-29
9.925680000000000000e+05 2.856840522395158096e-30
1.248981500000000000e+06 7.987796061603048737e-32
1.571566000000000000e+06 8.650894137485046748e-34
1.981000250000000000e+06 2.268404913780649736e-36
2.497963000000000000e+06 7.252268362865474719e-40
3.147267500000000000e+06 5.009078847779257188e-45
3.970272000000000000e+06 1.068240890120322170e-53
5.004197000000000000e+06 2.940524846485284667e-69
6.286264000000000000e+06 1.215956647726528504e-96
7.940544000000000000e+06 6.073959871359422507e-144
1.000839400000000000e+07 9.999999999999999821e-201
