1.211760009765625000e+03 1.062378271078573780e-11
1.526073364257812500e+03 6.368794998248116711e-12
1.923100463867187500e+03 3.782612505170684607e-12
2.423520019531250000e+03 2.216920659460564207e-12
3.056282226562500000e+03 1.288822203744784779e-12
3.850336669921875000e+03 7.407722433849379587e-13
4.838769042968750000e+03 4.177947074683435609e-13
6.120835937500000000e+03 2.297481181584788020e-13
7.692401855468750000e+03 1.241323222216836172e-13
9.718894531250000000e+03 6.486744530253953399e-14
1.224167187500000000e+04 3.242612142010992439e-14
1.542616113281250000e+04 1.517527421505270636e-14
1.943778906250000000e+04 6.483193226298774039e-15
2.448334375000000000e+04 2.428052224038033898e-15
3.085232226562500000e+04 6.778014534390433452e-20
3.891693750000000000e+04 4.161942599348549826e-20
4.921482812500000000e+04 2.277458960875280024e-20
6.162192968750000000e+04 1.113600047644371684e-20
7.775115625000000000e+04 4.334644513904084391e-21
9.801609375000000000e+04 1.298925538055301023e-21
1.236574296875000000e+05 2.823446476302397934e-22
1.559158906250000000e+05 4.293762306819717301e-23
1.964457500000000000e+05 4.488184704993337280e-24
2.473148593750000000e+05 3.360852026852939129e-25
3.118317812500000000e+05 1.936135187772617546e-26
3.928915000000000000e+05 1.040321044469050105e-27
4.962840000000000000e+05 5.965192364400325762e-29
6.244907500000000000e+05 4.449649624625934151e-30
7.857830000000000000e+05 3.681537411585785235e-31
9.925680000000000000e+05 2.326417363513971969e-32
1.248981500000000000e+06 8.691566639717853929e-34
1.571566000000000000e+06 1.253337373533225047e-35
1.981000250000000000e+06 4.320323051557337129e-38
2.497963000000000000e+06 1.777841787239593366e-41
3.147267500000000000e+06 1.530551870154772796e-46
3.970272000000000000e+06 3.800812890814848843e-55
5.004197000000000000e+06 1.106110739467375207e-70
6.286264000000000000e+06 4.752319649411540758e-98
7.940544000000000000e+06 2.463432641325338429e-145
1.000839400000000000e+07 9.999999999999999821e-201
