1.211760009765625000e+03 3.001561117584247118e-11
1.526073364257812500e+03 1.710871948287149385e-11
1.923100463867187500e+03 9.731202295459856932e-12
2.423520019531250000e+03 5.417755544187333158e-12
3.056282226562500000e+03 2.972691364276133185e-12
3.850336669921875000e+03 1.610972541486429750e-12
4.838769042968750000e+03 8.545388345711310114e-13
6.120835937500000000e+03 4.436562492031409852e-13
7.692401855468750000e+03 2.233910739653704111e-13
9.718894531250000000e+03 1.102021549569174378e-13
1.224167187500000000e+04 5.314918763524615436e-14
1.542616113281250000e+04 2.497860167932858525e-14
1.943778906250000000e+04 4.683183395522858473e-15
2.448334375000000000e+04 3.300493875908559707e-15
3.085232226562500000e+04 2.184973173214528420e-15
3.891693750000000000e+04 1.340828777057922310e-15
4.921482812500000000e+04 7.518086957324974061e-16
6.162192968750000000e+04 3.879024443702534297e-16
7.775115625000000000e+04 1.689412614809032203e-16
9.801609375000000000e+04 6.005211028741821608e-17
1.236574296875000000e+05 1.628604881760810817e-17
1.559158906250000000e+05 3.224510119173965939e-18
1.964457500000000000e+05 4.548751547588769817e-19
2.473148593750000000e+05 4.572583372264648346e-20
3.118317812500000000e+05 3.365617750738423701e-21
3.928915000000000000e+05 2.111267629481233457e-22
4.962840000000000000e+05 1.273106340007401393e-23
6.244907500000000000e+05 9.373408953706282890e-25
7.857830000000000000e+05 8.574885543900447918e-26
9.925680000000000000e+05 8.367261213914478338e-27
1.248981500000000000e+06 6.935582648884708330e-28
1.571566000000000000e+06 3.479435547135973155e-29
1.981000250000000000e+06 7.362876632856016374e-31
2.497963000000000000e+06 4.712861113700596221e-33
3.147267500000000000e+06 5.001342372484115953e-36
3.970272000000000000e+06 1.684659190087426903e-40
5.004197000000000000e+06 5.347994900874934328e-48
6.286264000000000000e+06 3.286155786726777260e-61
7.940544000000000000e+06 3.688699587829785186e-85
1.000839400000000000e+07 9.999999999999999821e-201
