1.211760009765625000e+03 1.115933095998126664e-10
1.526073364257812500e+03 7.258843988686518529e-11
1.923100463867187500e+03 4.747884990930010041e-11
2.423520019531250000e+03 3.132334527271527011e-11
3.056282226562500000e+03 2.083846770306525029e-11
3.850336669921875000e+03 1.395397966105145699e-11
4.838769042968750000e+03 9.388061372821004996e-12
6.120835937500000000e+03 6.311687604395876444e-12
7.692401855468750000e+03 4.275692990215913486e-12
9.718894531250000000e+03 2.870023570679938549e-12
1.224167187500000000e+04 1.930757724172975740e-12
1.542616113281250000e+04 1.282731613716424879e-12
1.943778906250000000e+04 8.456823980984608696e-13
2.448334375000000000e+04 5.423268180667646202e-13
3.085232226562500000e+04 3.365182258618871089e-13
3.891693750000000000e+04 1.993632142119618868e-13
4.921482812500000000e+04 1.111628911421634825e-13
6.162192968750000000e+04 5.921889892604545301e-14
7.775115625000000000e+04 2.838830727132160993e-14
9.801609375000000000e+04 1.192903453370504584e-14
1.236574296875000000e+05 4.187601858548733487e-15
1.559158906250000000e+05 1.166386674880357227e-15
1.964457500000000000e+05 2.530691023078921078e-16
2.473148593750000000e+05 4.129817419433827669e-17
3.118317812500000000e+05 5.109991632971021337e-18
3.928915000000000000e+05 5.170431399430095034e-19
4.962840000000000000e+05 4.674266448374569233e-20
6.244907500000000000e+05 4.610686902350483271e-21
7.857830000000000000e+05 5.400670174813147466e-22
9.925680000000000000e+05 7.581461938996198501e-23
1.248981500000000000e+06 1.216977181662090754e-23
1.571566000000000000e+06 1.705241284773943697e-24
1.981000250000000000e+06 1.611849300593464838e-25
2.497963000000000000e+06 8.091624137828822566e-27
3.147267500000000000e+06 1.703501946578407449e-28
3.970272000000000000e+06 9.108897266925232813e-31
5.004197000000000000e+06 4.048079214410861125e-34
6.286264000000000000e+06 1.361983106256907608e-39
7.940544000000000000e+06 1.797421506335903892e-49
1.000839400000000000e+07 9.999999999999999821e-201
