1.211760009765625000e+03 4.583296644278020273e-12
1.526073364257812500e+03 3.045945433944751628e-12
1.923100463867187500e+03 2.024717896958582782e-12
2.423520019531250000e+03 1.338870622988823923e-12
3.056282226562500000e+03 8.839065684475543694e-13
3.850336669921875000e+03 5.801092668077572237e-13
4.838769042968750000e+03 3.836317438063068457e-13
6.120835937500000000e+03 2.490158000171810442e-13
7.692401855468750000e+03 1.616133497219226133e-13
9.718894531250000000e+03 1.040965305906075248e-13
1.224167187500000000e+04 6.677716205260673586e-14
1.542616113281250000e+04 4.246619054500587997e-14
1.943778906250000000e+04 2.666566120130281964e-14
2.448334375000000000e+04 1.639319417558258648e-14
3.085232226562500000e+04 9.778409180803525455e-15
3.891693750000000000e+04 5.587249315494474134e-15
4.921482812500000000e+04 3.002050680551576886e-15
6.162192968750000000e+04 1.562920092721296533e-15
7.775115625000000000e+04 7.286332199639210334e-16
9.801609375000000000e+04 3.018963355068431357e-16
1.236574296875000000e+05 1.047931893666382499e-16
1.559158906250000000e+05 2.915966687200892945e-17
1.964457500000000000e+05 6.284549373979319840e-18
2.473148593750000000e+05 1.030175206172235162e-18
3.118317812500000000e+05 1.277497908242755431e-19
3.928915000000000000e+05 1.300286708371528786e-20
4.962840000000000000e+05 1.185575398361312388e-21
6.244907500000000000e+05 1.186094920604659385e-22
7.857830000000000000e+05 1.417675920888451551e-23
9.925680000000000000e+05 2.066650365593037556e-24
1.248981500000000000e+06 3.379080692297663191e-25
1.571566000000000000e+06 4.857660633183934164e-26
1.981000250000000000e+06 4.722615785178305806e-27
2.497963000000000000e+06 2.437385252526419049e-28
3.147267500000000000e+06 5.283871082086121881e-30
3.970272000000000000e+06 2.920723833330220184e-32
5.004197000000000000e+06 1.344267814596814683e-35
6.286264000000000000e+06 4.671809271807927393e-41
7.940544000000000000e+06 6.265911625672973456e-51
1.000839400000000000e+07 9.999999999999999821e-201
