1.211760009765625000e+03 1.432280201336881133e-12
1.526073364257812500e+03 7.080833763800920623e-13
1.923100463867187500e+03 3.429376229281194042e-13
2.423520019531250000e+03 1.656046062113499097e-13
3.056282226562500000e+03 8.335648188016608364e-14
3.850336669921875000e+03 4.529918932463472911e-14
4.838769042968750000e+03 2.758960128367814744e-14
6.120835937500000000e+03 1.706795993330436772e-14
7.692401855468750000e+03 1.222112351932236083e-14
9.718894531250000000e+03 8.084884151918307560e-15
1.224167187500000000e+04 4.882328374969419899e-15
1.542616113281250000e+04 2.631144061124939369e-15
1.943778906250000000e+04 1.263117402715056476e-15
2.448334375000000000e+04 5.393139237461409563e-16
3.085232226562500000e+04 2.023725062962087258e-16
3.891693750000000000e+04 6.448001778336725465e-17
4.921482812500000000e+04 1.672049731771517138e-17
6.162192968750000000e+04 3.627518974928015302e-18
7.775115625000000000e+04 5.624925262640244165e-19
9.801609375000000000e+04 6.289535117277661650e-20
1.236574296875000000e+05 4.824007914741774316e-21
1.559158906250000000e+05 2.539411863687166264e-22
1.964457500000000000e+05 9.552259213303520340e-24
2.473148593750000000e+05 2.856975006528078368e-25
3.118317812500000000e+05 7.253610710674332789e-27
3.928915000000000000e+05 1.703732747671741726e-28
4.962840000000000000e+05 3.057695416864653236e-30
6.244907500000000000e+05 3.597467381520926716e-32
7.857830000000000000e+05 1.902703322036921523e-34
9.925680000000000000e+05 2.604925290922432501e-37
1.248981500000000000e+06 6.184769247818451664e-41
1.571566000000000000e+06 7.165002654344689837e-46
1.981000250000000000e+06 2.300908307221937248e-53
2.497963000000000000e+06 5.804724184608160758e-66
3.147267500000000000e+06 3.456196326568822453e-88
3.970272000000000000e+06 3.075879453613258092e-127
5.004197000000000000e+06 1.347982870811652652e-191
6.286264000000000000e+06 9.999999999999999821e-201
7.940544000000000000e+06 9.999999999999999821e-201
1.000839400000000000e+07 9.999999999999999821e-201
