1.211760009765625000e+03 1.178206148230165086e-08
1.526073364257812500e+03 6.764372327331851301e-09
1.923100463867187500e+03 3.829698967890652920e-09
2.423520019531250000e+03 2.154647607228526087e-09
3.056282226562500000e+03 1.194987628409342038e-09
3.850336669921875000e+03 6.505638383546126704e-10
4.838769042968750000e+03 3.521920110141085008e-10
6.120835937500000000e+03 1.825257276811225504e-10
7.692401855468750000e+03 9.318693608293048397e-11
9.718894531250000000e+03 4.526420090600154334e-11
1.224167187500000000e+04 2.102263294624880877e-11
1.542616113281250000e+04 8.892762662373398641e-12
1.943778906250000000e+04 3.471673063142757746e-12
2.448334375000000000e+04 1.234645249859752779e-12
3.085232226562500000e+04 1.941176441391711993e-13
3.891693750000000000e+04 9.130680612890154928e-14
4.921482812500000000e+04 3.687446229297217036e-14
6.162192968750000000e+04 1.290216142117109984e-14
7.775115625000000000e+04 3.455264958089482580e-15
9.801609375000000000e+04 6.952401095131749166e-16
1.236574296875000000e+05 9.860062861756123645e-17
1.559158906250000000e+05 9.637835015169506619e-18
1.964457500000000000e+05 6.467587922807810364e-19
2.473148593750000000e+05 3.169629301202054543e-20
3.118317812500000000e+05 1.243778142283687603e-21
3.928915000000000000e+05 4.787040092028024318e-23
4.962840000000000000e+05 2.028584106780529937e-24
6.244907500000000000e+05 1.080636800285473724e-25
7.857830000000000000e+05 5.417015369875366005e-27
9.925680000000000000e+05 1.689719290778560145e-28
1.248981500000000000e+06 2.482321521175726024e-30
1.571566000000000000e+06 1.102225089373540196e-32
1.981000250000000000e+06 7.712732168361409916e-36
2.497963000000000000e+06 2.782898365040002375e-40
3.147267500000000000e+06 3.005255300383730897e-47
3.970272000000000000e+06 1.589370894714473329e-59
5.004197000000000000e+06 8.943282394514835420e-82
6.286264000000000000e+06 3.810304557157168222e-120
7.940544000000000000e+06 3.780854214254282386e-184
1.000839400000000000e+07 9.999999999999999821e-201
