1.211760009765625000e+03 1.768554683389888205e-08
1.526073364257812500e+03 1.018611622390615002e-08
1.923100463867187500e+03 5.830873633489252123e-09
2.423520019531250000e+03 3.288017157851623920e-09
3.056282226562500000e+03 1.841861096680514923e-09
3.850336669921875000e+03 1.011117290936686963e-09
4.838769042968750000e+03 5.516635924734264745e-10
6.120835937500000000e+03 2.902700251532676539e-10
7.692401855468750000e+03 1.495279915807692045e-10
9.718894531250000000e+03 7.391628767478367141e-11
1.224167187500000000e+04 3.457055195605359233e-11
1.542616113281250000e+04 1.479276865952498012e-11
1.943778906250000000e+04 5.596828749349876608e-12
2.448334375000000000e+04 1.859360960118129807e-12
3.085232226562500000e+04 5.296058938010391790e-13
3.891693750000000000e+04 2.187791442697396955e-14
4.921482812500000000e+04 8.976355966200692565e-15
6.162192968750000000e+04 3.189757815693647353e-15
7.775115625000000000e+04 8.638162395223706451e-16
9.801609375000000000e+04 1.771596852935070504e-16
1.236574296875000000e+05 2.545329510678898909e-17
1.559158906250000000e+05 2.515446675513449162e-18
1.964457500000000000e+05 1.713577418723306835e-19
2.473148593750000000e+05 8.515991977928410034e-21
3.118317812500000000e+05 3.392653054773814605e-22
3.928915000000000000e+05 1.328272113447336324e-23
4.962840000000000000e+05 5.782781966731511731e-25
6.244907500000000000e+05 3.158784493142153619e-26
7.857830000000000000e+05 1.640013827576945293e-27
9.925680000000000000e+05 5.291977998592193233e-29
1.248981500000000000e+06 8.163784681941558212e-31
1.571566000000000000e+06 3.744739085692155751e-33
1.981000250000000000e+06 2.813060630544642487e-36
2.497963000000000000e+06 1.134566256516309034e-40
3.147267500000000000e+06 1.359520254935497380e-47
3.970272000000000000e+06 8.365109972181440263e-60
5.004197000000000000e+06 5.629764097266531855e-82
6.286264000000000000e+06 2.718681356141552466e-120
7.940544000000000000e+06 2.769336936705013165e-184
1.000839400000000000e+07 9.999999999999999821e-201
