1.211760009765625000e+03 1.039959972275039990e-15
1.526073364257812500e+03 6.991829291554997675e-16
1.923100463867187500e+03 4.677255280793349387e-16
2.423520019531250000e+03 3.119804539178647296e-16
3.056282226562500000e+03 2.068521389732194178e-16
3.850336669921875000e+03 1.366436949506794676e-16
4.838769042968750000e+03 8.982378473578290431e-17
6.120835937500000000e+03 5.809733917839254981e-17
7.692401855468750000e+03 3.732569630272803527e-17
9.718894531250000000e+03 2.295644773781945298e-17
1.224167187500000000e+04 1.327651345804964871e-17
1.542616113281250000e+04 6.953058262453526369e-18
1.943778906250000000e+04 3.332046919413812385e-18
2.448334375000000000e+04 1.430840320446948156e-18
3.085232226562500000e+04 5.500226520984012061e-19
3.891693750000000000e+04 1.840051185649093629e-19
4.921482812500000000e+04 5.129195427832072024e-20
6.162192968750000000e+04 1.209611502148563108e-20
7.775115625000000000e+04 2.090340292235038448e-21
9.801609375000000000e+04 2.622514563453986644e-22
1.236574296875000000e+05 2.256419780680267264e-23
1.559158906250000000e+05 1.327828594592550490e-24
1.964457500000000000e+05 5.491353700325050844e-26
2.473148593750000000e+05 1.770639487157939847e-27
3.118317812500000000e+05 4.940841056800691351e-29
3.928915000000000000e+05 1.417628877138705604e-30
4.962840000000000000e+05 4.041651625790622691e-32
6.244907500000000000e+05 9.846807805791374945e-34
7.857830000000000000e+05 1.389055212391915872e-35
9.925680000000000000e+05 7.118509927409587610e-38
1.248981500000000000e+06 9.586877745471116917e-41
1.571566000000000000e+06 1.632868135170637501e-44
1.981000250000000000e+06 7.635055669678413522e-50
2.497963000000000000e+06 2.891021678466696102e-58
3.147267500000000000e+06 6.239226207630942952e-73
3.970272000000000000e+06 1.529733702815230324e-99
5.004197000000000000e+06 8.704933977326069065e-146
6.286264000000000000e+06 9.999999999999999821e-201
7.940544000000000000e+06 9.999999999999999821e-201
1.000839400000000000e+07 9.999999999999999821e-201
