1.211760009765625000e+03 5.330573271062480381e-13
1.526073364257812500e+03 3.659090294024539327e-13
1.923100463867187500e+03 2.511278011731575911e-13
2.423520019531250000e+03 1.712507036498987106e-13
3.056282226562500000e+03 1.170248558023301367e-13
3.850336669921875000e+03 7.914688286967598350e-14
4.838769042968750000e+03 5.387991463380637167e-14
6.120835937500000000e+03 3.584348629664482514e-14
7.692401855468750000e+03 2.384248891201665429e-14
9.718894531250000000e+03 1.556988022916705562e-14
1.224167187500000000e+04 9.647476808663581386e-15
1.542616113281250000e+04 5.591371501809431265e-15
1.943778906250000000e+04 2.958037957139887574e-15
2.448334375000000000e+04 1.416053548149488862e-15
3.085232226562500000e+04 6.069242013817570692e-16
3.891693750000000000e+04 2.303998751634988966e-16
4.921482812500000000e+04 7.435575725023693834e-17
6.162192968750000000e+04 2.060186304106349122e-17
7.775115625000000000e+04 4.284830367808174795e-18
9.801609375000000000e+04 6.504171467772269734e-19
1.236574296875000000e+05 6.869779384642098151e-20
1.559158906250000000e+05 4.910323471427741158e-21
1.964457500000000000e+05 2.410491279307338850e-22
2.473148593750000000e+05 8.794990085487021224e-24
3.118317812500000000e+05 2.654443892201692382e-25
3.928915000000000000e+05 8.107433286536519634e-27
4.962840000000000000e+05 2.711718258893328195e-28
6.244907500000000000e+05 1.000502060144853459e-29
7.857830000000000000e+05 2.799209542803829589e-31
9.925680000000000000e+05 3.821905390395626600e-33
1.248981500000000000e+06 1.946142337262865872e-35
1.571566000000000000e+06 2.126275742901197040e-38
1.981000250000000000e+06 2.114782119301425730e-42
2.497963000000000000e+06 2.802371785458814898e-48
3.147267500000000000e+06 5.496711953669154299e-58
3.970272000000000000e+06 1.659296692164353725e-75
5.004197000000000000e+06 6.122380816279858981e-107
6.286264000000000000e+06 1.655873582883763196e-159
7.940544000000000000e+06 9.999999999999999821e-201
1.000839400000000000e+07 9.999999999999999821e-201
