1.211760009765625000e+03 1.122160401221330524e-10
1.526073364257812500e+03 7.951104314583053941e-11
1.923100463867187500e+03 5.650375526396045648e-11
2.423520019531250000e+03 4.022839174189675475e-11
3.056282226562500000e+03 2.854174818774856030e-11
3.850336669921875000e+03 2.022440120916610471e-11
4.838769042968750000e+03 1.428027128536894367e-11
6.120835937500000000e+03 9.924611770536165334e-12
7.692401855468750000e+03 6.882589062406393208e-12
9.718894531250000000e+03 4.691546610700849251e-12
1.224167187500000000e+04 3.153331563871904438e-12
1.542616113281250000e+04 2.033202184730699385e-12
1.943778906250000000e+04 1.236834519269602181e-12
2.448334375000000000e+04 6.981649175800267729e-13
3.085232226562500000e+04 3.618277845788969084e-13
3.891693750000000000e+04 1.695107436289783387e-13
4.921482812500000000e+04 7.066472134694313476e-14
6.162192968750000000e+04 2.606753285620504781e-14
7.775115625000000000e+04 7.616370057627561112e-15
9.801609375000000000e+04 1.704273592126204893e-15
1.236574296875000000e+05 2.734304277995171340e-16
1.559158906250000000e+05 3.020573320559062136e-17
1.964457500000000000e+05 2.270284665226125836e-18
2.473148593750000000e+05 1.203929826651950803e-19
3.118317812500000000e+05 4.817331987152817721e-21
3.928915000000000000e+05 1.777509395401378479e-22
4.962840000000000000e+05 7.036158894108552306e-24
6.244907500000000000e+05 3.634229099683484571e-25
7.857830000000000000e+05 2.111684368217272423e-26
9.925680000000000000e+05 9.597304592377613340e-28
1.248981500000000000e+06 2.639551590261289050e-29
1.571566000000000000e+06 2.911515702705507840e-31
1.981000250000000000e+06 8.061620155446285939e-34
2.497963000000000000e+06 2.916333771225991953e-37
3.147267500000000000e+06 2.714574078911057576e-42
3.970272000000000000e+06 1.143667683468159961e-50
5.004197000000000000e+06 1.253629121780425725e-65
6.286264000000000000e+06 5.385272019609294855e-92
7.940544000000000000e+06 1.078751190764470464e-137
1.000839400000000000e+07 9.999999999999999821e-201
