1.211760009765625000e+03 1.942919229639595695e-13
1.526073364257812500e+03 1.285626319522135228e-13
1.923100463867187500e+03 8.554040727460678837e-14
2.423520019531250000e+03 5.648165837445875458e-14
3.056282226562500000e+03 3.718330374996699946e-14
3.850336669921875000e+03 2.441842128447171983e-14
4.838769042968750000e+03 1.602688040837417398e-14
6.120835937500000000e+03 1.044283942063149973e-14
7.692401855468750000e+03 6.806159331606932012e-15
9.718894531250000000e+03 4.387439716345047491e-15
1.224167187500000000e+04 2.800270388633225090e-15
1.542616113281250000e+04 1.734314997379020549e-15
1.943778906250000000e+04 1.018780201707878657e-15
2.448334375000000000e+04 5.622836373797432565e-16
3.085232226562500000e+04 2.835302234799665060e-16
3.891693750000000000e+04 1.323704650122982275e-16
4.921482812500000000e+04 5.496418029223761108e-17
6.162192968750000000e+04 2.046851594694900554e-17
7.775115625000000000e+04 6.103817239578790258e-18
9.801609375000000000e+04 1.414777597203503893e-18
1.236574296875000000e+05 2.383886869178550334e-19
1.559158906250000000e+05 2.806433622803406050e-20
1.964457500000000000e+05 2.287072071465662539e-21
2.473148593750000000e+05 1.324666095458725127e-22
3.118317812500000000e+05 5.877970171947209223e-24
3.928915000000000000e+05 2.400424797697318104e-25
4.962840000000000000e+05 1.039276536623139611e-26
6.244907500000000000e+05 5.854155206266722432e-28
7.857830000000000000e+05 3.800976989739847018e-29
9.925680000000000000e+05 1.991821675151226874e-30
1.248981500000000000e+06 6.506842374483402970e-32
1.571566000000000000e+06 8.801593743848729569e-34
1.981000250000000000e+06 3.117649371680698091e-36
2.497963000000000000e+06 1.577537083252693000e-39
3.147267500000000000e+06 2.527047426699469747e-44
3.970272000000000000e+06 2.849358067624851407e-52
5.004197000000000000e+06 1.768812708281779386e-66
6.286264000000000000e+06 1.381275979849424229e-91
7.940544000000000000e+06 2.416187056285802928e-135
1.000839400000000000e+07 9.999999999999999821e-201
