1.211760009765625000e+03 1.357552538658435117e-16
1.526073364257812500e+03 6.210564066614624126e-17
1.923100463867187500e+03 2.676080631251460034e-17
2.423520019531250000e+03 1.064869147891392337e-17
3.056282226562500000e+03 3.831829241645774918e-18
3.850336669921875000e+03 1.234437810260743677e-18
4.838769042968750000e+03 3.490117726448635502e-19
6.120835937500000000e+03 1.512096611681210467e-20
7.692401855468750000e+03 1.064920307090927277e-20
9.718894531250000000e+03 7.344251902886663252e-21
1.224167187500000000e+04 4.906841148813973405e-21
1.542616113281250000e+04 3.096348039257872970e-21
1.943778906250000000e+04 1.806924766078870518e-21
2.448334375000000000e+04 9.599795515885236169e-22
3.085232226562500000e+04 4.626962802860417827e-22
3.891693750000000000e+04 2.001035375019941752e-22
4.921482812500000000e+04 7.416410415044511557e-23
6.162192968750000000e+04 2.379392357173377179e-23
7.775115625000000000e+04 5.779101865419515473e-24
9.801609375000000000e+04 1.046943271678264977e-24
1.236574296875000000e+05 1.316526476508440406e-25
1.559158906250000000e+05 1.119859822072172983e-26
1.964457500000000000e+05 6.489092923384444703e-28
2.473148593750000000e+05 2.757036029369373380e-29
3.118317812500000000e+05 9.446432324852533557e-31
3.928915000000000000e+05 3.224361217837399291e-32
4.962840000000000000e+05 1.222811455546556032e-33
6.244907500000000000e+05 5.665396734231423025e-35
7.857830000000000000e+05 2.330916727253729571e-36
9.925680000000000000e+05 5.540787131066675050e-38
1.248981500000000000e+06 5.824106464396871003e-40
1.571566000000000000e+06 1.652982879335170966e-42
1.981000250000000000e+06 6.556001116041204053e-46
2.497963000000000000e+06 9.481155454808388723e-51
3.147267500000000000e+06 1.848538719924241588e-58
3.970272000000000000e+06 3.606611415662413506e-72
5.004197000000000000e+06 5.523408223553889817e-97
6.286264000000000000e+06 1.937373066137825472e-139
7.940544000000000000e+06 9.999999999999999821e-201
1.000839400000000000e+07 9.999999999999999821e-201
