1.211760009765625000e+03 7.198764838023630651e-14
1.526073364257812500e+03 5.004053212909234082e-14
1.923100463867187500e+03 3.468702753704238728e-14
2.423520019531250000e+03 2.403739816156679057e-14
3.056282226562500000e+03 1.659176575409934507e-14
3.850336669921875000e+03 1.140620247574711615e-14
4.838769042968750000e+03 7.859799643094386286e-15
6.120835937500000000e+03 5.374948846685497283e-15
7.692401855468750000e+03 3.668052184714317688e-15
9.718894531250000000e+03 2.482864560623771493e-15
1.224167187500000000e+04 1.673660643350678360e-15
1.542616113281250000e+04 1.129496683594619565e-15
1.943778906250000000e+04 7.469791695235234900e-16
2.448334375000000000e+04 4.864161044028656584e-16
3.085232226562500000e+04 3.070396934583520704e-16
3.891693750000000000e+04 1.870389368123018749e-16
4.921482812500000000e+04 1.088494176506542423e-16
6.162192968750000000e+04 6.122342695043543902e-17
7.775115625000000000e+04 3.165676098865132214e-17
9.801609375000000000e+04 1.474804247626601079e-17
1.236574296875000000e+05 5.913200630792312247e-18
1.559158906250000000e+05 1.962501747895178578e-18
1.964457500000000000e+05 5.120933448093861529e-19
2.473148593750000000e+05 1.051631522715383530e-19
3.118317812500000000e+05 1.650572883142177535e-20
3.928915000000000000e+05 2.140509930685205196e-21
4.962840000000000000e+05 2.456398222925573742e-22
6.244907500000000000e+05 3.017473136410754021e-23
7.857830000000000000e+05 4.321576469385075354e-24
9.925680000000000000e+05 7.462898941085662969e-25
1.248981500000000000e+06 1.505727872623099785e-25
1.571566000000000000e+06 2.851278991977284067e-26
1.981000250000000000e+06 3.995032248184516450e-27
2.497963000000000000e+06 3.340660418842039373e-28
3.147267500000000000e+06 1.337829049145558936e-29
3.970272000000000000e+06 1.792982307393848757e-31
5.004197000000000000e+06 3.581007242575407993e-34
6.286264000000000000e+06 1.781657512871329994e-38
7.940544000000000000e+06 3.510843673565580310e-46
1.000839400000000000e+07 9.999999999999999821e-201
