1.211760009765625000e+03 4.122476057760936836e-13
1.526073364257812500e+03 2.373463974502403847e-13
1.923100463867187500e+03 1.334116443732399734e-13
2.423520019531250000e+03 7.285947111148483227e-14
3.056282226562500000e+03 3.891164111378060440e-14
3.850336669921875000e+03 1.999025176161866117e-14
4.838769042968750000e+03 9.824749553867983251e-15
6.120835937500000000e+03 4.585965529740836972e-15
7.692401855468750000e+03 2.000755737116900521e-15
9.718894531250000000e+03 8.115863532538953418e-16
1.224167187500000000e+04 2.978131438903413404e-16
1.542616113281250000e+04 9.737040375815684032e-17
1.943778906250000000e+04 1.524603638309550714e-19
2.448334375000000000e+04 1.131200242797361617e-19
3.085232226562500000e+04 8.184710532542227707e-20
3.891693750000000000e+04 5.647712123994904206e-20
4.921482812500000000e+04 3.737319060966669263e-20
6.162192968750000000e+04 2.353523945107648217e-20
7.775115625000000000e+04 1.358144950932675226e-20
9.801609375000000000e+04 7.033681796373021404e-21
1.236574296875000000e+05 3.109288594595018689e-21
1.559158906250000000e+05 1.121429570225816211e-21
1.964457500000000000e+05 3.198780259478348822e-22
2.473148593750000000e+05 7.053183833384211623e-23
3.118317812500000000e+05 1.188553550467764819e-23
3.928915000000000000e+05 1.636527433777841399e-24
4.962840000000000000e+05 1.978877645816483595e-25
6.244907500000000000e+05 2.533187324394212640e-26
7.857830000000000000e+05 3.729732663500297329e-27
9.925680000000000000e+05 6.539152492351933573e-28
1.248981500000000000e+06 1.343955456556155444e-28
1.571566000000000000e+06 2.581157824316277493e-29
1.981000250000000000e+06 3.698104175684316199e-30
2.497963000000000000e+06 3.166365092641585369e-31
3.147267500000000000e+06 1.310464364049399637e-32
3.970272000000000000e+06 1.817031250414034770e-34
5.004197000000000000e+06 3.771711770286524632e-37
6.286264000000000000e+06 1.964511836560755736e-41
7.940544000000000000e+06 4.071084685304768044e-49
1.000839400000000000e+07 9.999999999999999821e-201
