1.211760009765625000e+03 2.167102217674933586e-12
1.526073364257812500e+03 1.483414984064002291e-12
1.923100463867187500e+03 1.020206692265952619e-12
2.423520019531250000e+03 6.974581313431049440e-13
3.056282226562500000e+03 4.720631909682441427e-13
3.850336669921875000e+03 3.197687039569228840e-13
4.838769042968750000e+03 2.162414699262661137e-13
6.120835937500000000e+03 1.445330132625195530e-13
7.692401855468750000e+03 9.649127945023503246e-14
9.718894531250000000e+03 6.282376385000781286e-14
1.224167187500000000e+04 3.970485905095831910e-14
1.542616113281250000e+04 2.365488926365711402e-14
1.943778906250000000e+04 1.296248607091614327e-14
2.448334375000000000e+04 6.477426881185724000e-15
3.085232226562500000e+04 2.914187795304898813e-15
3.891693750000000000e+04 1.177517059883965452e-15
4.921482812500000000e+04 4.084733214332201956e-16
6.162192968750000000e+04 1.233123346535265462e-16
7.775115625000000000e+04 2.820393263309101145e-17
9.801609375000000000e+04 4.797502957676094965e-18
1.236574296875000000e+05 5.700561018189664815e-19
1.559158906250000000e+05 4.598116324471074589e-20
1.964457500000000000e+05 2.549875002484530983e-21
2.473148593750000000e+05 1.029720248721753088e-22
3.118317812500000000e+05 3.372728703232773192e-24
3.928915000000000000e+05 1.093833314938721682e-25
4.962840000000000000e+05 3.941293215100379204e-27
6.244907500000000000e+05 1.693005337763569348e-28
7.857830000000000000e+05 6.201149480223175061e-30
9.925680000000000000e+05 1.271030204325102207e-31
1.248981500000000000e+06 1.118431973201411540e-33
1.571566000000000000e+06 2.532392535709883490e-36
1.981000250000000000e+06 7.402440707614093002e-40
2.497963000000000000e+06 6.504931557973983708e-45
3.147267500000000000e+06 5.144116474969526183e-53
3.970272000000000000e+06 1.774847111457650731e-67
5.004197000000000000e+06 1.309018655807523216e-93
6.286264000000000000e+06 4.138296527902133680e-138
7.940544000000000000e+06 9.999999999999999821e-201
1.000839400000000000e+07 9.999999999999999821e-201
