1.211760009765625000e+03 1.818373125175519118e-17
1.526073364257812500e+03 8.692811806615053148e-18
1.923100463867187500e+03 3.916024149543925420e-18
2.423520019531250000e+03 1.631553968479404083e-18
3.056282226562500000e+03 6.221910721813516781e-19
3.850336669921875000e+03 2.116564080591732570e-19
4.838769042968750000e+03 6.236735806501087024e-20
6.120835937500000000e+03 3.892634425647258939e-22
7.692401855468750000e+03 2.681560400680013271e-22
9.718894531250000000e+03 1.820701088223047143e-22
1.224167187500000000e+04 1.234446851418926638e-22
1.542616113281250000e+04 8.093538182076874893e-23
1.943778906250000000e+04 5.086172005156593300e-23
2.448334375000000000e+04 3.011961051669567905e-23
3.085232226562500000e+04 1.654694446673694630e-23
3.891693750000000000e+04 8.359154913112775637e-24
4.921482812500000000e+04 3.797416883895688646e-24
6.162192968750000000e+04 1.561175918395211849e-24
7.775115625000000000e+04 5.206722265706577407e-25
9.801609375000000000e+04 1.370858046207045410e-25
1.236574296875000000e+05 2.652726875747076913e-26
1.559158906250000000e+05 3.676441321286212705e-27
1.964457500000000000e+05 3.563941539310005355e-28
2.473148593750000000e+05 2.471696714131446556e-29
3.118317812500000000e+05 1.298580970147904385e-30
3.928915000000000000e+05 6.172049854818925182e-32
4.962840000000000000e+05 3.040593009925066132e-33
6.244907500000000000e+05 1.945536406375184119e-34
7.857830000000000000e+05 1.512567275974676899e-35
9.925680000000000000e+05 1.051402196031130010e-36
1.248981500000000000e+06 5.125131685635605292e-38
1.571566000000000000e+06 1.177371143288916485e-39
1.981000250000000000e+06 8.509211329552067498e-42
2.497963000000000000e+06 1.171212212586131433e-44
3.147267500000000000e+06 9.908651896184725146e-49
3.970272000000000000e+06 2.639456785319280560e-55
5.004197000000000000e+06 6.708268645460492663e-67
6.286264000000000000e+06 1.781471018224205280e-87
7.940544000000000000e+06 7.131955689745712729e-124
1.000839400000000000e+07 9.999999999999999821e-201
