1.211760009765625000e+03 4.732751969634911931e-13
1.526073364257812500e+03 3.105282033307312015e-13
1.923100463867187500e+03 2.024717896958582630e-13
2.423520019531250000e+03 1.313946303141498029e-13
3.056282226562500000e+03 8.492024989794424283e-14
3.850336669921875000e+03 5.443873363051553828e-14
4.838769042968750000e+03 3.483842167984421565e-14
6.120835937500000000e+03 2.194692777971116789e-14
7.692401855468750000e+03 1.369508125483968516e-14
9.718894531250000000e+03 8.193635349281841154e-15
1.224167187500000000e+04 4.627555031390774307e-15
1.542616113281250000e+04 2.395478264563020307e-15
1.943778906250000000e+04 1.121215978421516385e-15
2.448334375000000000e+04 4.724365424013758923e-16
3.085232226562500000e+04 1.780750668612810455e-16
3.891693750000000000e+04 5.848885188296048116e-17
4.921482812500000000e+04 1.616727464665898863e-17
6.162192968750000000e+04 3.768217786246708666e-18
7.775115625000000000e+04 6.459506244259005076e-19
9.801609375000000000e+04 8.035030466582025492e-20
1.236574296875000000e+05 6.835324340402279467e-21
1.559158906250000000e+05 3.958536043733085065e-22
1.964457500000000000e+05 1.590620375761164524e-23
2.473148593750000000e+05 4.931208401438086529e-25
3.118317812500000000e+05 1.304268144869408679e-26
3.928915000000000000e+05 3.565131945988780338e-28
4.962840000000000000e+05 1.012531520466452832e-29
6.244907500000000000e+05 2.677817645323162431e-31
7.857830000000000000e+05 4.419292203677794658e-33
9.925680000000000000e+05 2.904034726824539876e-35
1.248981500000000000e+06 5.559149832799917772e-38
1.571566000000000000e+06 1.612561555707746430e-41
1.981000250000000000e+06 1.972157452229504965e-46
2.497963000000000000e+06 5.162585948891863042e-54
3.147267500000000000e+06 4.848270901162367217e-67
3.970272000000000000e+06 1.035107241480439398e-90
5.004197000000000000e+06 2.591498303280928084e-132
6.286264000000000000e+06 1.418686946177744583e-199
7.940544000000000000e+06 9.999999999999999821e-201
1.000839400000000000e+07 9.999999999999999821e-201
