1.211760009765625000e+03 3.138561832494731081e-13
1.526073364257812500e+03 1.997665511872856129e-13
1.923100463867187500e+03 1.271334493439109806e-13
2.423520019531250000e+03 7.970938736149531916e-14
3.056282226562500000e+03 5.036470985565358500e-14
3.850336669921875000e+03 3.138324045078705900e-14
4.838769042968750000e+03 1.955635578196082471e-14
6.120835937500000000e+03 1.205032260988339853e-14
7.692401855468750000e+03 7.397603441117633987e-15
9.718894531250000000e+03 4.418399771718175548e-15
1.224167187500000000e+04 2.539015556821343751e-15
1.542616113281250000e+04 1.355779820652131536e-15
1.943778906250000000e+04 6.630744491619726803e-16
2.448334375000000000e+04 2.936516766173761158e-16
3.085232226562500000e+04 1.165663339174202293e-16
3.891693750000000000e+04 4.111782661404235958e-17
4.921482812500000000e+04 1.230655058258154406e-17
6.162192968750000000e+04 3.146072472150098225e-18
7.775115625000000000e+04 6.000953041586720949e-19
9.801609375000000000e+04 8.396327810223063070e-20
1.236574296875000000e+05 8.174265898551612244e-21
1.559158906250000000e+05 5.338844690394757906e-22
1.964457500000000000e+05 2.415083214020796704e-23
2.473148593750000000e+05 8.159945183532999314e-25
3.118317812500000000e+05 2.302496444121704480e-26
3.928915000000000000e+05 6.619623860926379362e-28
4.962840000000000000e+05 2.097067837032833008e-29
6.244907500000000000e+05 7.231691042805003010e-31
7.857830000000000000e+05 1.843398563604851601e-32
9.925680000000000000e+05 2.249520934562636130e-34
1.248981500000000000e+06 9.877775903567268052e-37
1.571566000000000000e+06 8.921690944130117804e-40
1.981000250000000000e+06 6.760909322965152869e-44
2.497963000000000000e+06 5.580973033575232635e-50
3.147267500000000000e+06 4.391517471025096141e-60
3.970272000000000000e+06 2.343534300011969286e-78
5.004197000000000000e+06 4.430484120744728484e-111
6.286264000000000000e+06 1.383914065790333107e-165
7.940544000000000000e+06 9.999999999999999821e-201
1.000839400000000000e+07 9.999999999999999821e-201
