1.211760009765625000e+03 6.737944251506546851e-11
1.526073364257812500e+03 4.756817382231900933e-11
1.923100463867187500e+03 3.335291109330999275e-11
2.423520019531250000e+03 2.322781366081075285e-11
3.056282226562500000e+03 1.604757912067393553e-11
3.850336669921875000e+03 1.097042113136127121e-11
4.838769042968750000e+03 7.473766540876749564e-12
6.120835937500000000e+03 5.031193757690624741e-12
7.692401855468750000e+03 3.350223547940709092e-12
9.718894531250000000e+03 2.164418807091674144e-12
1.224167187500000000e+04 1.330488501391097324e-12
1.542616113281250000e+04 7.618558196732715515e-13
1.943778906250000000e+04 3.968623369799066291e-13
2.448334375000000000e+04 1.861694610011132084e-13
3.085232226562500000e+04 7.836014477996242108e-14
3.891693750000000000e+04 2.899962558469086104e-14
4.921482812500000000e+04 9.041547366794604961e-15
6.162192968750000000e+04 2.390632577621654861e-15
7.775115625000000000e+04 4.648279200245450931e-16
9.801609375000000000e+04 6.577123451341399684e-17
1.236574296875000000e+05 6.330446522938465299e-18
1.559158906250000000e+05 4.107652998607755776e-19
1.964457500000000000e+05 1.827630540340062413e-20
2.473148593750000000e+05 6.087833119210644261e-22
3.118317812500000000e+05 1.679690028908456707e-23
3.928915000000000000e+05 4.724693366386384465e-25
4.962840000000000000e+05 1.457854646065605964e-26
6.244907500000000000e+05 4.871876070942317298e-28
7.857830000000000000e+05 1.196351984015025400e-29
9.925680000000000000e+05 1.425372123701850390e-31
1.248981500000000000e+06 5.989715175567386839e-34
1.571566000000000000e+06 5.163766576754098674e-37
1.981000250000000000e+06 3.717036727344477969e-41
2.497963000000000000e+06 2.897282914343685055e-47
3.147267500000000000e+06 2.153009450396374082e-57
3.970272000000000000e+06 1.073872679245991029e-75
5.004197000000000000e+06 1.904543265019591886e-108
6.286264000000000000e+06 5.557450185457245586e-163
7.940544000000000000e+06 9.999999999999999821e-201
1.000839400000000000e+07 9.999999999999999821e-201
