1.211760009765625000e+03 3.736383133922299733e-11
1.526073364257812500e+03 2.511916039681710230e-11
1.923100463867187500e+03 1.687264914132151981e-11
2.423520019531250000e+03 1.127142245399893747e-11
3.056282226562500000e+03 7.505798793521133601e-12
3.850336669921875000e+03 4.977964654363861381e-12
4.838769042968750000e+03 3.306112478474439433e-12
6.120835937500000000e+03 2.169757811844312937e-12
7.692401855468750000e+03 1.426171601531661709e-12
9.718894531250000000e+03 9.282375664811315293e-13
1.224167187500000000e+04 6.022085770819075800e-13
1.542616113281250000e+04 3.882985633062138252e-13
1.943778906250000000e+04 2.480877652693666897e-13
2.448334375000000000e+04 1.557708350035363022e-13
3.085232226562500000e+04 9.593011849158179586e-14
3.891693750000000000e+04 5.711216331720333438e-14
4.921482812500000000e+04 3.259614407138045258e-14
6.162192968750000000e+04 1.808312961469416742e-14
7.775115625000000000e+04 9.415582862549463676e-15
9.801609375000000000e+04 4.497071658574116580e-15
1.236574296875000000e+05 1.897655340615052963e-15
1.559158906250000000e+05 6.804607734116608866e-16
1.964457500000000000e+05 2.006254525713906285e-16
2.473148593750000000e+05 4.747501264949761691e-17
3.118317812500000000e+05 8.865943734540264288e-18
3.928915000000000000e+05 1.365837035642670224e-18
4.962840000000000000e+05 1.838270669047542121e-19
6.244907500000000000e+05 2.537673312718356896e-20
7.857830000000000000e+05 3.904773571735637605e-21
9.925680000000000000e+05 7.063259935824546158e-22
1.248981500000000000e+06 1.537590328542653913e-22
1.571566000000000000e+06 3.403316792122738628e-23
1.981000250000000000e+06 6.322925298208495445e-24
2.497963000000000000e+06 8.172541390166696449e-25
3.147267500000000000e+06 6.152462240343913209e-26
3.970272000000000000e+06 2.107858200854531716e-27
5.004197000000000000e+06 2.058562586697705587e-29
6.286264000000000000e+06 1.892668315003808190e-32
7.940544000000000000e+06 1.044463275465190070e-37
1.000839400000000000e+07 9.999999999999999821e-201
