1.211760009765625000e+03 2.154647607228525931e-10
1.526073364257812500e+03 1.226289720159575243e-10
1.923100463867187500e+03 7.007992807152572828e-11
2.423520019531250000e+03 4.003682301793431567e-11
3.056282226562500000e+03 2.304493171327099717e-11
3.850336669921875000e+03 1.341183141105475615e-11
4.838769042968750000e+03 8.022071500247262808e-12
6.120835937500000000e+03 4.877733145190243075e-12
7.692401855468750000e+03 3.046316593419465959e-12
9.718894531250000000e+03 1.873641999604135941e-12
1.224167187500000000e+04 1.009826644391988516e-12
1.542616113281250000e+04 5.827764186661247940e-13
1.943778906250000000e+04 2.993081438234288924e-13
2.448334375000000000e+04 1.359271070829293543e-13
3.085232226562500000e+04 5.424187851940107829e-14
3.891693750000000000e+04 1.843066796715232074e-14
4.921482812500000000e+04 5.055332830357719559e-15
6.162192968750000000e+04 1.150449121421859214e-15
7.775115625000000000e+04 1.855850984517183000e-16
9.801609375000000000e+04 2.114754871235360378e-17
1.236574296875000000e+05 1.618167600569119513e-18
1.559158906250000000e+05 8.286552378752603015e-20
1.964457500000000000e+05 2.983167159114891156e-21
2.473148593750000000e+05 8.469167398091031228e-23
3.118317812500000000e+05 2.089011022998310904e-24
3.928915000000000000e+05 4.945865638881838106e-26
4.962840000000000000e+05 9.645695782681264040e-28
6.244907500000000000e+05 1.300330156996754196e-29
7.857830000000000000e+05 8.418430058666586719e-32
9.925680000000000000e+05 1.594829237410105002e-34
1.248981500000000000e+06 6.133881072892766214e-38
1.571566000000000000e+06 1.720282175759386824e-42
1.981000250000000000e+06 3.358569744250707645e-49
2.497963000000000000e+06 2.938949129439871130e-60
3.147267500000000000e+06 9.257871860355379948e-80
3.970272000000000000e+06 1.689487230201310390e-114
5.004197000000000000e+06 7.880515240614680707e-173
6.286264000000000000e+06 9.999999999999999821e-201
7.940544000000000000e+06 9.999999999999999821e-201
1.000839400000000000e+07 9.999999999999999821e-201
