1.211760009765625000e+03 8.892591858735072317e-09
1.526073364257812500e+03 5.231510177132382196e-09
1.923100463867187500e+03 3.060620076797857775e-09
2.423520019531250000e+03 1.774781988613092241e-09
3.056282226562500000e+03 1.022171283065049219e-09
3.850336669921875000e+03 5.801090967597422532e-10
4.838769042968750000e+03 3.274851935830364280e-10
6.120835937500000000e+03 1.799651179539784747e-10
7.692401855468750000e+03 9.764550572263798855e-11
9.718894531250000000e+03 5.162114011757348519e-11
1.224167187500000000e+04 2.650968598792361261e-11
1.542616113281250000e+04 1.323347415052483451e-11
1.943778906250000000e+04 6.230824510197951993e-12
2.448334375000000000e+04 2.751094457289996343e-12
3.085232226562500000e+04 1.121980527936418404e-12
3.891693750000000000e+04 6.785912996131929049e-14
4.921482812500000000e+04 4.294238761292204380e-14
6.162192968750000000e+04 2.542606423542718205e-14
7.775115625000000000e+04 1.312842878807568786e-14
9.801609375000000000e+04 5.724895739849981905e-15
1.236574296875000000e+05 2.000749427835286912e-15
1.559158906250000000e+05 5.276003312029808073e-16
1.964457500000000000e+05 1.029118058745355385e-16
2.473148593750000000e+05 1.466208503819068964e-17
3.118317812500000000e+05 1.545499621680831312e-18
3.928915000000000000e+05 1.331116407055202297e-19
4.962840000000000000e+05 1.059879178228523399e-20
6.244907500000000000e+05 9.703661238241342689e-22
7.857830000000000000e+05 1.101391422307482945e-22
9.925680000000000000e+05 1.453320132607617963e-23
1.248981500000000000e+06 1.926656132172567567e-24
1.571566000000000000e+06 1.894051916698751720e-25
1.981000250000000000e+06 1.011599315275713236e-26
2.497963000000000000e+06 2.213306369513064575e-28
3.147267500000000000e+06 1.393837887171013986e-30
3.970272000000000000e+06 1.095349612858031042e-33
5.004197000000000000e+06 1.549132618271194790e-38
6.286264000000000000e+06 7.900823456128615369e-47
7.940544000000000000e+06 6.005459103769638302e-62
1.000839400000000000e+07 9.999999999999999821e-201
