1.211760009765625000e+03 3.175925663833954340e-09
1.526073364257812500e+03 1.829545147012269597e-09
1.923100463867187500e+03 1.051597667412597376e-09
2.423520019531250000e+03 6.015576845614902214e-10
3.056282226562500000e+03 3.387485508128616991e-10
3.850336669921875000e+03 1.897114088749692617e-10
4.838769042968750000e+03 1.044856656724055082e-10
6.120835937500000000e+03 5.671054748349797931e-11
7.692401855468750000e+03 3.040979104036055617e-11
9.718894531250000000e+03 1.599360152343485644e-11
1.224167187500000000e+04 8.283275861435080748e-12
1.542616113281250000e+04 4.224507266357948339e-12
1.943778906250000000e+04 2.163731969168694588e-12
2.448334375000000000e+04 1.130597110174983512e-12
3.085232226562500000e+04 3.409510838445015134e-13
3.891693750000000000e+04 2.713271474742736078e-13
4.921482812500000000e+04 2.122679251660059724e-13
6.162192968750000000e+04 1.645649380473059711e-13
7.775115625000000000e+04 1.234184280127202480e-13
9.801609375000000000e+04 8.944030880347711258e-14
1.236574296875000000e+05 6.158191436819698783e-14
1.559158906250000000e+05 3.947862222249194666e-14
1.964457500000000000e+05 2.298844644660390223e-14
2.473148593750000000e+05 1.191362598294815643e-14
3.118317812500000000e+05 5.385263939475772294e-15
3.928915000000000000e+05 2.122484660032851005e-15
4.962840000000000000e+05 7.334578416299547413e-16
6.244907500000000000e+05 2.379093700482746581e-16
7.857830000000000000e+05 7.528601423545066798e-17
9.925680000000000000e+05 2.418752898751243803e-17
1.248981500000000000e+06 8.387891905734053017e-18
1.571566000000000000e+06 3.046836146804934058e-18
1.981000250000000000e+06 1.066359795248487566e-18
2.497963000000000000e+06 3.353042498565913608e-19
3.147267500000000000e+06 8.941365555450845173e-20
3.970272000000000000e+06 1.833423203484673994e-20
5.004197000000000000e+06 2.671077807288982152e-21
6.286264000000000000e+06 2.382143590670432866e-22
7.940544000000000000e+06 7.195008611455589870e-24
1.000839400000000000e+07 9.999999999999999821e-201
