1.211760009765625000e+03 4.384022877135497339e-14
1.526073364257812500e+03 2.887714502311257887e-14
1.923100463867187500e+03 1.899153996372004100e-14
2.423520019531250000e+03 1.239233739417562557e-14
3.056282226562500000e+03 8.098361856167538374e-15
3.850336669921875000e+03 5.252340658935099652e-15
4.838769042968750000e+03 3.399682853221551678e-15
6.120835937500000000e+03 2.199382971968704263e-15
7.692401855468750000e+03 1.424355373890436154e-15
9.718894531250000000e+03 9.145855628449638918e-16
1.224167187500000000e+04 5.879646705215079969e-16
1.542616113281250000e+04 3.774675474106870380e-16
1.943778906250000000e+04 2.411901944127111455e-16
2.448334375000000000e+04 1.536137377955141117e-16
3.085232226562500000e+04 9.699888587325789374e-17
3.891693750000000000e+04 6.080160167490722303e-17
4.921482812500000000e+04 3.733798683667971225e-17
6.162192968750000000e+04 2.292559826590055815e-17
7.775115625000000000e+04 1.363918727277503166e-17
9.801609375000000000e+04 7.879265299353935981e-18
1.236574296875000000e+05 4.349553550647723499e-18
1.559158906250000000e+05 2.255084503807032233e-18
1.964457500000000000e+05 1.072315988694940058e-18
2.473148593750000000e+05 4.586746003435040214e-19
3.118317812500000000e+05 1.736552502222259543e-19
3.928915000000000000e+05 5.819716003315881211e-20
4.962840000000000000e+05 1.736693280181272046e-20
6.244907500000000000e+05 5.008280808832951112e-21
7.857830000000000000e+05 1.444212103144102639e-21
9.925680000000000000e+05 4.341859711692806052e-22
1.248981500000000000e+06 1.461116654547222565e-22
1.571566000000000000e+06 5.371459281033883910e-23
1.981000250000000000e+06 2.012436056108859108e-23
2.497963000000000000e+06 7.064939043801089571e-24
3.147267500000000000e+06 2.119174041095042712e-24
3.970272000000000000e+06 4.940270054577950233e-25
5.004197000000000000e+06 8.174573692105878068e-26
6.286264000000000000e+06 8.083172226270707143e-27
7.940544000000000000e+06 2.683088495576248194e-28
1.000839400000000000e+07 9.999999999999999821e-201
