1.211760009765625000e+03 3.038924948923470245e-12
1.526073364257812500e+03 2.047112678008323084e-12
1.923100463867187500e+03 1.389050650239027727e-12
2.423520019531250000e+03 9.403230887037787607e-13
3.056282226562500000e+03 6.370052923448856391e-13
3.850336669921875000e+03 4.311622928976573387e-13
4.838769042968750000e+03 2.910003763353860490e-13
6.120835937500000000e+03 1.945418346281735058e-13
7.692401855468750000e+03 1.304678131731597469e-13
9.718894531250000000e+03 8.664494805899657474e-14
1.224167187500000000e+04 5.744057368197541203e-14
1.542616113281250000e+04 3.784454426112328611e-14
1.943778906250000000e+04 2.481699749584165819e-14
2.448334375000000000e+04 1.609871972096987832e-14
3.085232226562500000e+04 1.037888078843859519e-14
3.891693750000000000e+04 6.574173181099345821e-15
4.921482812500000000e+04 4.086598559290141981e-15
6.162192968750000000e+04 2.519545948034615797e-15
7.775115625000000000e+04 1.519258657417994955e-15
9.801609375000000000e+04 8.868870956983445706e-16
1.236574296875000000e+05 4.958314595261705455e-16
1.559158906250000000e+05 2.600668882312525843e-16
1.964457500000000000e+05 1.251633043660649109e-16
2.473148593750000000e+05 5.420699822241411754e-17
3.118317812500000000e+05 2.078009454906411888e-17
3.928915000000000000e+05 7.060684856964120572e-18
4.962840000000000000e+05 2.141359675563316122e-18
6.244907500000000000e+05 6.258747848170243954e-19
7.857830000000000000e+05 1.830483483371741639e-19
9.925680000000000000e+05 5.580974926217009291e-20
1.248981500000000000e+06 1.907568965658873623e-20
1.571566000000000000e+06 7.131853499187846239e-21
1.981000250000000000e+06 2.706379523732604092e-21
2.497963000000000000e+06 9.644202504236406316e-22
3.147267500000000000e+06 2.933518883021931343e-22
3.970272000000000000e+06 6.919446567126259815e-23
5.004197000000000000e+06 1.158064606381665869e-23
6.286264000000000000e+06 1.163372451257653291e-24
7.940544000000000000e+06 3.946426128022463394e-26
1.000839400000000000e+07 9.999999999999999821e-201
