1.211760009765625000e+03 1.216815440614028831e-10
1.526073364257812500e+03 6.962160991873716900e-11
1.923100463867187500e+03 4.018039547520890848e-11
2.423520019531250000e+03 2.353780273307769746e-11
3.056282226562500000e+03 1.401795586390182659e-11
3.850336669921875000e+03 8.686873765854536333e-12
4.838769042968750000e+03 5.554928746923320013e-12
6.120835937500000000e+03 3.668740948613076323e-12
7.692401855468750000e+03 2.478955793024508447e-12
9.718894531250000000e+03 1.558393888850623987e-12
1.224167187500000000e+04 9.920603712127442051e-13
1.542616113281250000e+04 5.621712772873204413e-13
1.943778906250000000e+04 2.844583675700964264e-13
2.448334375000000000e+04 1.278442625463055297e-13
3.085232226562500000e+04 5.035858656509390989e-14
3.891693750000000000e+04 1.694679646038808074e-14
4.921482812500000000e+04 4.688559013859894818e-15
6.162192968750000000e+04 1.068321047652342828e-15
7.775115625000000000e+04 1.747165546360082248e-16
9.801609375000000000e+04 2.032838331784329172e-17
1.236574296875000000e+05 1.594014057176040462e-18
1.559158906250000000e+05 8.455699423337206576e-20
1.964457500000000000e+05 3.155530234972175132e-21
2.473148593750000000e+05 9.067860870243331220e-23
3.118317812500000000e+05 2.239924093058279422e-24
3.928915000000000000e+05 5.488142282917319788e-26
4.962840000000000000e+05 1.219764110967425123e-27
6.244907500000000000e+05 2.086196816692902064e-29
7.857830000000000000e+05 1.877444258652321042e-31
9.925680000000000000e+05 5.424460966850532708e-34
1.248981500000000000e+06 3.614374550464594962e-37
1.571566000000000000e+06 2.328343359548591036e-41
1.981000250000000000e+06 2.087781288526621100e-47
2.497963000000000000e+06 3.416517004971114864e-57
3.147267500000000000e+06 2.207366958169323204e-74
3.970272000000000000e+06 2.631368720200894305e-105
5.004197000000000000e+06 4.417798200020160243e-158
6.286264000000000000e+06 9.999999999999999821e-201
7.940544000000000000e+06 9.999999999999999821e-201
1.000839400000000000e+07 9.999999999999999821e-201
