1.211760009765625000e+03 1.556826305800957885e-13
1.526073364257812500e+03 1.018611622390614953e-13
1.923100463867187500e+03 6.623487066616467906e-14
2.423520019531250000e+03 4.296583038577674183e-14
3.056282226562500000e+03 2.769039873115818891e-14
3.850336669921875000e+03 1.780417821380096618e-14
4.838769042968750000e+03 1.138915558726736045e-14
6.120835937500000000e+03 7.191704111188546493e-15
7.692401855468750000e+03 4.450852446566731093e-15
9.718894531250000000e+03 2.620308308686889828e-15
1.224167187500000000e+04 1.426677295744041808e-15
1.542616113281250000e+04 7.063932280050098555e-16
1.943778906250000000e+04 3.138965009581644792e-16
2.448334375000000000e+04 1.251633867917303111e-16
3.085232226562500000e+04 4.430041073771418413e-17
3.891693750000000000e+04 1.355743716831046489e-17
4.921482812500000000e+04 3.422164723518354689e-18
6.162192968750000000e+04 7.273108379279042696e-19
7.775115625000000000e+04 1.125474738452813442e-19
9.801609375000000000e+04 1.255807463650550776e-20
1.236574296875000000e+05 9.595806015835866476e-22
1.559158906250000000e+05 5.051313250281180709e-23
1.964457500000000000e+05 1.893318140983304731e-24
2.473148593750000000e+05 5.583604026768013660e-26
3.118317812500000000e+05 1.443506637748668921e-27
3.928915000000000000e+05 3.776493947155978573e-29
4.962840000000000000e+05 9.048431950449265506e-31
6.244907500000000000e+05 1.671200675737862632e-32
7.857830000000000000e+05 1.637131393544823828e-34
9.925680000000000000e+05 5.125270074194507389e-37
1.248981500000000000e+06 3.698883307939486340e-40
1.571566000000000000e+06 2.599667924482437164e-44
1.981000250000000000e+06 2.522380658791346425e-50
2.497963000000000000e+06 4.498767733253891546e-60
3.147267500000000000e+06 3.144456704561960822e-77
3.970272000000000000e+06 4.045351337090455363e-108
5.004197000000000000e+06 7.372685153981011494e-161
6.286264000000000000e+06 9.999999999999999821e-201
7.940544000000000000e+06 9.999999999999999821e-201
1.000839400000000000e+07 9.999999999999999821e-201
