1.211760009765625000e+03 3.512200145886960650e-11
1.526073364257812500e+03 1.908660612829016600e-11
1.923100463867187500e+03 1.020206692265952417e-11
2.423520019531250000e+03 5.386619018071314829e-12
3.056282226562500000e+03 2.849222311227319592e-12
3.850336669921875000e+03 1.524582700056728814e-12
4.838769042968750000e+03 8.478929649057619443e-13
6.120835937500000000e+03 4.971306875316851132e-13
7.692401855468750000e+03 3.201124479748205188e-13
9.718894531250000000e+03 2.218474996379065382e-13
1.224167187500000000e+04 1.522866068984236815e-13
1.542616113281250000e+04 1.129361947467746458e-13
1.943778906250000000e+04 7.820560242936085871e-14
2.448334375000000000e+04 4.979389821482007772e-14
3.085232226562500000e+04 2.863829264938409023e-14
3.891693750000000000e+04 1.496032046954613441e-14
4.921482812500000000e+04 6.759011084266360104e-15
6.162192968750000000e+04 2.691368152153097752e-15
7.775115625000000000e+04 8.205643569415584333e-16
9.801609375000000000e+04 1.876075822156541963e-16
1.236574296875000000e+05 3.006906399193876172e-17
1.559158906250000000e+05 3.274276956943909816e-18
1.964457500000000000e+05 2.397240428571921626e-19
2.473148593750000000e+05 1.238114364099862479e-20
3.118317812500000000e+05 4.913586765836392691e-22
3.928915000000000000e+05 1.827079606178070112e-23
4.962840000000000000e+05 7.236266402935686874e-25
6.244907500000000000e+05 3.549517831540698190e-26
7.857830000000000000e+05 1.679952141067921389e-27
9.925680000000000000e+05 5.276474002327313654e-29
1.248981500000000000e+06 8.442750095430541181e-31
1.571566000000000000e+06 4.367225310781338797e-33
1.981000250000000000e+06 4.281983522890928651e-36
2.497963000000000000e+06 3.094265884825173550e-40
3.147267500000000000e+06 1.572809812861314990e-46
3.970272000000000000e+06 2.289212316633466135e-57
5.004197000000000000e+06 6.470389085063279494e-77
6.286264000000000000e+06 6.712198110029587416e-111
7.940544000000000000e+06 2.426700274362175654e-168
1.000839400000000000e+07 9.999999999999999821e-201
