1.211760009765625000e+03 6.762853472399361717e-13
1.526073364257812500e+03 4.638144183506779998e-13
1.923100463867187500e+03 3.178336233597775273e-13
2.423520019531250000e+03 2.167102217674933486e-13
3.056282226562500000e+03 1.476460088486947490e-13
3.850336669921875000e+03 9.994051118623797200e-14
4.838769042968750000e+03 6.764440197961409762e-14
6.120835937500000000e+03 4.528319133951983641e-14
7.692401855468750000e+03 3.025453014396169630e-14
9.718894531250000000e+03 1.988977582960541049e-14
1.224167187500000000e+04 1.286762802475052428e-14
1.542616113281250000e+04 7.905533632274223505e-15
1.943778906250000000e+04 4.551810453896393079e-15
2.448334375000000000e+04 2.410656977066686357e-15
3.085232226562500000e+04 1.164310914270041577e-15
3.891693750000000000e+04 5.058616836736362849e-16
4.921482812500000000e+04 1.919076361425627190e-16
6.162192968750000000e+04 6.398346927760195503e-17
7.775115625000000000e+04 1.666248030932348151e-17
9.801609375000000000e+04 3.281029464758078513e-18
1.236574296875000000e+05 4.602792731513838125e-19
1.559158906250000000e+05 4.465776021505160005e-20
1.964457500000000000e+05 2.963422841350214997e-21
2.473148593750000000e+05 1.412146503631971716e-22
3.118317812500000000e+05 5.290619413709978543e-24
3.928915000000000000e+05 1.896026006411204810e-25
4.962840000000000000e+05 7.445579893929693919e-27
6.244907500000000000e+05 3.750055562136217980e-28
7.857830000000000000e+05 1.898482500881634720e-29
9.925680000000000000e+05 6.430111687423965628e-31
1.248981500000000000e+06 1.127721018132912720e-32
1.571566000000000000e+06 6.478453016269556052e-35
1.981000250000000000e+06 7.099565754403572303e-38
2.497963000000000000e+06 5.801748534047200917e-42
3.147267500000000000e+06 3.340011849784140715e-48
3.970272000000000000e+06 5.425063299741786956e-59
5.004197000000000000e+06 1.718580222304380031e-78
6.286264000000000000e+06 1.994751832698933470e-112
7.940544000000000000e+06 8.021078006097877399e-170
1.000839400000000000e+07 9.999999999999999821e-201
