1.211760009765625000e+03 2.092374554996487850e-10
1.526073364257812500e+03 1.414188951474348919e-10
1.923100463867187500e+03 9.652724857593242710e-11
2.423520019531250000e+03 6.600943536596060384e-11
3.056282226562500000e+03 4.523231378200893126e-11
3.850336669921875000e+03 3.096525245131628523e-11
4.838769042968750000e+03 2.120825739867167320e-11
6.120835937500000000e+03 1.437161524891377432e-11
7.692401855468750000e+03 9.762683228014450526e-12
9.718894531250000000e+03 6.538561988670962102e-12
1.224167187500000000e+04 4.363084883227684856e-12
1.542616113281250000e+04 2.866716988142269803e-12
1.943778906250000000e+04 1.840534631474100597e-12
2.448334375000000000e+04 1.132984676897826326e-12
3.085232226562500000e+04 6.637363096962116874e-13
3.891693750000000000e+04 3.631583537561236592e-13
4.921482812500000000e+04 1.836283990478015507e-13
6.162192968750000000e+04 8.690905476466749942e-14
7.775115625000000000e+04 3.541409466799330223e-14
9.801609375000000000e+04 1.203058139324586886e-14
1.236574296875000000e+05 3.210804563062589168e-15
1.559158906250000000e+05 6.416545094246237491e-16
1.964457500000000000e+05 9.456608209688811259e-17
2.473148593750000000e+05 1.017252271049180559e-17
3.118317812500000000e+05 8.117855105691441921e-19
3.928915000000000000e+05 5.448719784842027010e-20
4.962840000000000000e+05 3.460508295360283253e-21
6.244907500000000000e+05 2.607088249003328941e-22
7.857830000000000000e+05 2.479278669337220700e-23
9.925680000000000000e+05 2.696910356718049915e-24
1.248981500000000000e+06 2.805388707010447108e-25
1.571566000000000000e+06 2.048570092677819497e-26
1.981000250000000000e+06 7.626739084736897219e-28
2.497963000000000000e+06 1.072814829525740491e-29
3.147267500000000000e+06 3.755825112384519970e-32
3.970272000000000000e+06 1.061760635078929169e-35
5.004197000000000000e+06 2.043039831606812566e-41
6.286264000000000000e+06 2.581197312885237429e-51
7.940544000000000000e+06 2.407428108139219378e-69
1.000839400000000000e+07 9.999999999999999821e-201
