1.211760009765625000e+03 1.967828450532410783e-11
1.526073364257812500e+03 1.097727088207361828e-11
1.923100463867187500e+03 6.082001434662409977e-12
2.423520019531250000e+03 3.312926378744438251e-12
3.056282226562500000e+03 1.757937085851002337e-12
3.850336669921875000e+03 9.171986169124063339e-13
4.838769042968750000e+03 4.678292073236400283e-13
6.120835937500000000e+03 2.275300321569024753e-13
7.692401855468750000e+03 1.082128743346180095e-13
9.718894531250000000e+03 4.927162825586176962e-14
1.224167187500000000e+04 2.206054154440964396e-14
1.542616113281250000e+04 3.261131070403455027e-15
1.943778906250000000e+04 2.471363033390626561e-15
2.448334375000000000e+04 1.805000097998987977e-15
3.085232226562500000e+04 1.247983240985691193e-15
3.891693750000000000e+04 8.070185639024969784e-16
4.921482812500000000e+04 4.828746789775522932e-16
6.162192968750000000e+04 2.694383282913933966e-16
7.775115625000000000e+04 1.298340877544910986e-16
9.801609375000000000e+04 5.245893049380466732e-17
1.236574296875000000e+05 1.666990604352187940e-17
1.559158906250000000e+05 3.968996965513136839e-18
1.964457500000000000e+05 6.917333783013111724e-19
2.473148593750000000e+05 8.701025714634501364e-20
3.118317812500000000e+05 8.047873596159619156e-21
3.928915000000000000e+05 6.213225057863856930e-22
4.962840000000000000e+05 4.454119588087492463e-23
6.244907500000000000e+05 3.726992208159493703e-24
7.857830000000000000e+05 3.831612488975704887e-25
9.925680000000000000e+05 4.478355729963000172e-26
1.248981500000000000e+06 5.005693575253935564e-27
1.571566000000000000e+06 3.905685036507244305e-28
1.981000250000000000e+06 1.531473711794557241e-29
2.497963000000000000e+06 2.273788656027580692e-31
3.147267500000000000e+06 8.304546637383548331e-34
3.970272000000000000e+06 2.440336943528184095e-37
5.004197000000000000e+06 4.814883345833599466e-43
6.286264000000000000e+06 6.199285854023517934e-53
7.940544000000000000e+06 5.830724756292241452e-71
1.000839400000000000e+07 9.999999999999999821e-201
