1.211760009765625000e+03 3.350290210083661587e-10
1.526073364257812500e+03 2.235011909323096647e-10
1.923100463867187500e+03 1.514614550825606444e-10
2.423520019531250000e+03 1.033732667051836206e-10
3.056282226562500000e+03 7.160137006977397015e-11
3.850336669921875000e+03 4.977958305464770649e-11
4.838769042968750000e+03 3.493124748016510919e-11
6.120835937500000000e+03 2.423207168041550413e-11
7.692401855468750000e+03 1.689845972399288147e-11
9.718894531250000000e+03 1.162066704147683105e-11
1.224167187500000000e+04 7.966306668814591280e-12
1.542616113281250000e+04 5.377499316682983356e-12
1.943778906250000000e+04 3.525217540121764290e-12
2.448334375000000000e+04 2.227092428607982240e-12
3.085232226562500000e+04 1.327472619392423375e-12
3.891693750000000000e+04 7.424570787902972454e-13
4.921482812500000000e+04 3.825591646829200024e-13
6.162192968750000000e+04 1.833396143636925550e-13
7.775115625000000000e+04 7.547266076785456797e-14
9.801609375000000000e+04 2.611288984580498347e-14
1.236574296875000000e+05 7.029280577957994498e-15
1.559158906250000000e+05 1.431043905898902825e-15
1.964457500000000000e+05 2.136492965892657637e-16
2.473148593750000000e+05 2.284019250091556649e-17
3.118317812500000000e+05 1.805522945921027392e-18
3.928915000000000000e+05 1.198588775500327019e-19
4.962840000000000000e+05 7.480636744095659436e-21
6.244907500000000000e+05 5.569414850642214604e-22
7.857830000000000000e+05 5.216144732891295003e-23
9.925680000000000000e+05 5.567016791390470878e-24
1.248981500000000000e+06 5.702456783531040437e-25
1.571566000000000000e+06 4.097140185355638993e-26
1.981000250000000000e+06 1.500844237558666236e-27
2.497963000000000000e+06 2.065013515792321284e-29
3.147267500000000000e+06 7.073470628324179104e-32
3.970272000000000000e+06 1.965113433472695525e-35
5.004197000000000000e+06 3.691808818517573468e-41
6.286264000000000000e+06 4.588795222907089619e-51
7.940544000000000000e+06 4.177684232601142727e-69
1.000839400000000000e+07 9.999999999999999821e-201
