1.211760009765625000e+03 2.030101502764449381e-11
1.526073364257812500e+03 1.077948221753174945e-11
1.923100463867187500e+03 5.642527782609383612e-12
2.423520019531250000e+03 2.895694577488371297e-12
3.056282226562500000e+03 1.461585514376208066e-12
3.850336669921875000e+03 7.405550689875008081e-13
4.838769042968750000e+03 3.831121982154915970e-13
6.120835937500000000e+03 2.077469947661230529e-13
7.692401855468750000e+03 1.224039515884895186e-13
9.718894531250000000e+03 6.917173106006520189e-14
1.224167187500000000e+04 4.838605594000290570e-14
1.542616113281250000e+04 3.148493395500374343e-14
1.943778906250000000e+04 1.864460764335574831e-14
2.448334375000000000e+04 9.986202130395737646e-15
3.085232226562500000e+04 4.784893687658103564e-15
3.891693750000000000e+04 2.025770972379345699e-15
4.921482812500000000e+04 7.252404042079103395e-16
6.162192968750000000e+04 2.217006741846008378e-16
7.775115625000000000e+04 5.050221945847543252e-17
9.801609375000000000e+04 8.323872392628226548e-18
1.236574296875000000e+05 9.507858117385834720e-19
1.559158906250000000e+05 7.230550866419185412e-20
1.964457500000000000e+05 3.736620809124564079e-21
2.473148593750000000e+05 1.406504103865323282e-22
3.118317812500000000e+05 4.294991670046296847e-24
3.928915000000000000e+05 1.311850193929594658e-25
4.962840000000000000e+05 4.387509791800040537e-27
6.244907500000000000e+05 1.649275611689796466e-28
7.857830000000000000e+05 4.762657644234589364e-30
9.925680000000000000e+05 6.933277569102761819e-32
1.248981500000000000e+06 3.799776679920593331e-34
1.571566000000000000e+06 4.596299315023451979e-37
1.981000250000000000e+06 5.423645877060929628e-41
2.497963000000000000e+06 1.017038133336630612e-46
3.147267500000000000e+06 3.893717793700975969e-56
3.970272000000000000e+06 4.302103497564782527e-73
5.004197000000000000e+06 1.486212899140906631e-103
6.286264000000000000e+06 1.176264495675320336e-154
7.940544000000000000e+06 9.999999999999999821e-201
1.000839400000000000e+07 9.999999999999999821e-201
