1.211760009765625000e+03 1.868191566961149513e-13
1.526073364257812500e+03 1.018611622390614953e-13
1.923100463867187500e+03 5.414943212796209580e-14
2.423520019531250000e+03 2.796060045218520694e-14
3.056282226562500000e+03 1.387585171696999052e-14
3.850336669921875000e+03 6.624210229904613672e-15
4.838769042968750000e+03 3.006570641012766990e-15
6.120835937500000000e+03 1.276907729187857532e-15
7.692401855468750000e+03 5.018328264297280492e-16
9.718894531250000000e+03 1.797109692498059880e-16
1.224167187500000000e+04 2.144013729297983875e-18
1.542616113281250000e+04 1.508747319177597232e-18
1.943778906250000000e+04 1.043770355931809239e-18
2.448334375000000000e+04 6.961975201734516912e-19
3.085232226562500000e+04 4.372686221389649905e-19
3.891693750000000000e+04 2.603104459272952998e-19
4.921482812500000000e+04 1.433641781618985394e-19
6.162192968750000000e+04 7.382359511910039210e-20
7.775115625000000000e+04 3.293328630449095291e-20
9.801609375000000000e+04 1.233689420378156715e-20
1.236574296875000000e+05 3.642748081371460439e-21
1.559158906250000000e+05 8.090945823477148814e-22
1.964457500000000000e+05 1.315094280950318459e-22
2.473148593750000000e+05 1.550420430278068806e-23
3.118317812500000000e+05 1.349993628616338966e-24
3.928915000000000000e+05 9.901407037601781844e-26
4.962840000000000000e+05 6.934908043297264227e-27
6.244907500000000000e+05 5.855832912644757959e-28
7.857830000000000000e+05 6.234635006962127364e-29
9.925680000000000000e+05 7.557752413091351494e-30
1.248981500000000000e+06 8.704638104031200787e-31
1.571566000000000000e+06 6.915659604554159015e-32
1.981000250000000000e+06 2.740798686340855749e-33
2.497963000000000000e+06 4.011198731915439972e-35
3.147267500000000000e+06 1.388405984960160972e-37
3.970272000000000000e+06 3.510385276956487872e-41
5.004197000000000000e+06 4.767209120156527179e-47
6.286264000000000000e+06 2.832453615772520248e-57
7.940544000000000000e+06 6.092519591125290448e-76
1.000839400000000000e+07 9.999999999999999821e-201
