1.211760009765625000e+03 8.257406725968282984e-16
1.526073364257812500e+03 4.707370216096434390e-16
1.923100463867187500e+03 2.621146424744831952e-16
2.423520019531250000e+03 1.413598285667269778e-16
3.056282226562500000e+03 7.308277772638999126e-17
3.850336669921875000e+03 3.609998592746833316e-17
4.838769042968750000e+03 1.687297424053845636e-17
6.120835937500000000e+03 7.370567780447286728e-18
7.692401855468750000e+03 2.960029562144099660e-18
9.718894531250000000e+03 1.075167350511770334e-18
1.224167187500000000e+04 1.298659744603349943e-22
1.542616113281250000e+04 9.138972614891051399e-23
1.943778906250000000e+04 6.292232642142114819e-23
2.448334375000000000e+04 4.177185121040709917e-23
3.085232226562500000e+04 2.635429803702410562e-23
3.891693750000000000e+04 1.562924084109856270e-23
4.921482812500000000e+04 8.585180436439273554e-24
6.162192968750000000e+04 4.415616904320023016e-24
7.775115625000000000e+04 1.966849043184876466e-24
9.801609375000000000e+04 7.353409112487396601e-25
1.236574296875000000e+05 2.170310962164469484e-25
1.559158906250000000e+05 4.822284418481394224e-26
1.964457500000000000e+05 7.827942148513801101e-27
2.473148593750000000e+05 9.202135647333860627e-28
3.118317812500000000e+05 8.028596469744746864e-29
3.928915000000000000e+05 5.919319424653238790e-30
4.962840000000000000e+05 4.146981923877760514e-31
6.244907500000000000e+05 3.494141622255797132e-32
7.857830000000000000e+05 3.730560291051109314e-33
9.925680000000000000e+05 4.528882171203596759e-34
1.248981500000000000e+06 5.220028230107319571e-35
1.571566000000000000e+06 4.168529998792528113e-36
1.981000250000000000e+06 1.655333860067249353e-37
2.497963000000000000e+06 2.429142089203449773e-39
3.147267500000000000e+06 8.439330496816664584e-42
3.970272000000000000e+06 2.137511827057663290e-45
5.004197000000000000e+06 2.932283345605713970e-51
6.286264000000000000e+06 1.749323353101108637e-61
7.940544000000000000e+06 3.799232729645309047e-80
1.000839400000000000e+07 9.999999999999999821e-201
