1.211760009765625000e+03 1.967828450532411223e-09
1.526073364257812500e+03 1.137284821115735116e-09
1.923100463867187500e+03 6.537170574288758734e-10
2.423520019531250000e+03 3.730155828699095227e-10
3.056282226562500000e+03 2.098660846872685011e-10
3.850336669921875000e+03 1.168057848031835385e-10
4.838769042968750000e+03 6.456254853381173347e-11
6.120835937500000000e+03 3.451758172203013707e-11
7.692401855468750000e+03 1.849632354848375504e-11
9.718894531250000000e+03 9.650902886744218701e-12
1.224167187500000000e+04 5.019377503497926420e-12
1.542616113281250000e+04 2.597416038071631672e-12
1.943778906250000000e+04 1.375494282417785433e-12
2.448334375000000000e+04 4.414163592261736479e-13
3.085232226562500000e+04 3.304936232077358526e-13
3.891693750000000000e+04 2.366659245780649949e-13
4.921482812500000000e+04 1.602686991608546414e-13
6.162192968750000000e+04 1.036235412885617639e-13
7.775115625000000000e+04 6.066862736581630576e-14
9.801609375000000000e+04 3.141961335842710006e-14
1.236574296875000000e+05 1.362048212853452798e-14
1.559158906250000000e+05 4.718422734807547287e-15
1.964457500000000000e+05 1.260991319343617008e-15
2.473148593750000000e+05 2.539429262267333920e-16
3.118317812500000000e+05 3.817631038075858460e-17
3.928915000000000000e+05 4.582012130092353306e-18
4.962840000000000000e+05 4.778216752076065075e-19
6.244907500000000000e+05 5.226929082723377035e-20
7.857830000000000000e+05 6.502865662941176259e-21
9.925680000000000000e+05 9.457223840415276082e-22
1.248981500000000000e+06 1.507941061882950336e-22
1.571566000000000000e+06 2.126069565876642461e-23
1.981000250000000000e+06 2.165948817890955371e-24
2.497963000000000000e+06 1.240744067904732854e-25
3.147267500000000000e+06 3.201745382134606810e-27
3.970272000000000000e+06 2.426798707202341353e-29
5.004197000000000000e+06 2.095417788044580438e-32
6.286264000000000000e+06 2.575792342032976115e-37
7.940544000000000000e+06 4.181056469444258974e-46
1.000839400000000000e+07 9.999999999999999821e-201
