1.211760009765625000e+03 9.154138678109632878e-09
1.526073364257812500e+03 5.429298841674249604e-09
1.923100463867187500e+03 3.194031721171098521e-09
2.423520019531250000e+03 1.874418872184353170e-09
3.056282226562500000e+03 1.086365614851743024e-09
3.850336669921875000e+03 6.271451533056834457e-10
4.838769042968750000e+03 3.617997888851285832e-10
6.120835937500000000e+03 2.024209613841910047e-10
7.692401855468750000e+03 1.131747474811784349e-10
9.718894531250000000e+03 6.175336573833118222e-11
1.224167187500000000e+04 3.321646877314804341e-11
1.542616113281250000e+04 1.731610692047754717e-11
1.943778906250000000e+04 8.711463788645973401e-12
2.448334375000000000e+04 4.207064764206561624e-12
3.085232226562500000e+04 1.880240748249415720e-12
3.891693750000000000e+04 7.737155226590585713e-13
4.921482812500000000e+04 2.821632027479835194e-13
6.162192968750000000e+04 1.845557961635698678e-15
7.775115625000000000e+04 1.170635076277619722e-15
9.801609375000000000e+04 6.550017117066236362e-16
1.236574296875000000e+05 3.074817835013085361e-16
1.559158906250000000e+05 1.177306257417867676e-16
1.964457500000000000e+05 3.464261866328617577e-17
2.473148593750000000e+05 7.818599000873982240e-18
3.118317812500000000e+05 1.330386573874920097e-18
3.928915000000000000e+05 1.829385439999559512e-19
4.962840000000000000e+05 2.228324779167226696e-20
6.244907500000000000e+05 2.904212471588176288e-21
7.857830000000000000e+05 4.428675753209939056e-22
9.925680000000000000e+05 8.077801821664965155e-23
1.248981500000000000e+06 1.679874528751847319e-23
1.571566000000000000e+06 3.148814400773569483e-24
1.981000250000000000e+06 4.157067686355736246e-25
2.497963000000000000e+06 3.076011335013816017e-26
3.147267500000000000e+06 1.023309737518644877e-27
3.970272000000000000e+06 9.864028758866660287e-30
5.004197000000000000e+06 1.070119779455922321e-32
6.286264000000000000e+06 1.521565096559564262e-37
7.940544000000000000e+06 2.641541636986637397e-46
1.000839400000000000e+07 9.999999999999999821e-201
