1.211760009765625000e+03 8.531408155789250826e-09
1.526073364257812500e+03 4.905158880638301799e-09
1.923100463867187500e+03 2.793796788051377936e-09
2.423520019531250000e+03 1.587962831916977170e-09
3.056282226562500000e+03 9.036586705357682224e-10
3.850336669921875000e+03 5.134750848713289474e-10
4.838769042968750000e+03 2.975482019178599363e-10
6.120835937500000000e+03 1.745565180127828961e-10
7.692401855468750000e+03 1.064979279254741934e-10
9.718894531250000000e+03 6.717055991320638038e-11
1.224167187500000000e+04 4.426604299439428381e-11
1.542616113281250000e+04 3.011242659550832366e-11
1.943778906250000000e+04 2.009154900584378645e-11
2.448334375000000000e+04 1.406754600182022051e-11
3.085232226562500000e+04 9.471041949194782806e-12
3.891693750000000000e+04 6.018340559345870157e-12
4.921482812500000000e+04 3.592230354094072414e-12
6.162192968750000000e+04 2.017854949857561720e-12
7.775115625000000000e+04 1.009151428414389130e-12
9.801609375000000000e+04 4.405030463634863151e-13
1.236574296875000000e+05 1.597869764625465929e-13
1.559158906250000000e+05 4.585590240555924703e-14
1.964457500000000000e+05 1.003294885866121318e-14
2.473148593750000000e+05 1.649996616134591432e-15
3.118317812500000000e+05 2.035179077969047955e-16
3.928915000000000000e+05 2.038922141961004824e-17
4.962840000000000000e+05 1.816975777963729275e-18
6.244907500000000000e+05 1.771146832370456791e-19
7.857830000000000000e+05 2.051241182227498479e-20
9.925680000000000000e+05 2.822882308782253618e-21
1.248981500000000000e+06 4.333852353767318147e-22
1.571566000000000000e+06 5.785273574431016633e-23
1.981000250000000000e+06 5.168257899646679785e-24
2.497963000000000000e+06 2.412388153010274263e-25
3.147267500000000000e+06 4.652694620688900827e-27
3.970272000000000000e+06 2.181431021457052611e-29
5.004197000000000000e+06 7.913604350503334556e-33
6.286264000000000000e+06 1.704860988659024655e-38
7.940544000000000000e+06 9.576572929674813968e-49
1.000839400000000000e+07 9.999999999999999821e-201
