1.211760009765625000e+03 1.240479200462203292e-08
1.526073364257812500e+03 7.189617956096864575e-09
1.923100463867187500e+03 4.135760975570437912e-09
2.423520019531250000e+03 2.347694069147845069e-09
3.056282226562500000e+03 1.323390839910305225e-09
3.850336669921875000e+03 7.368955416474033891e-10
4.838769042968750000e+03 4.023450529077979698e-10
6.120835937500000000e+03 2.152370624649145321e-10
7.692401855468750000e+03 1.131663064696106952e-10
9.718894531250000000e+03 5.832824602162954769e-11
1.224167187500000000e+04 2.938773409905620184e-11
1.542616113281250000e+04 1.466766585781211774e-11
1.943778906250000000e+04 7.290796949847859604e-12
2.448334375000000000e+04 3.675146392975533052e-12
3.085232226562500000e+04 1.284729301441699390e-12
3.891693750000000000e+04 8.728169292873330069e-13
4.921482812500000000e+04 5.549673241654314870e-13
6.162192968750000000e+04 3.344277084728965949e-13
7.775115625000000000e+04 1.808062975909113623e-13
9.801609375000000000e+04 8.490018350698879481e-14
1.236574296875000000e+05 3.298445620425870133e-14
1.559158906250000000e+05 1.015884607138543432e-14
1.964457500000000000e+05 2.366446027091631511e-15
2.473148593750000000e+05 4.187177342452103834e-16
3.118317812500000000e+05 5.616826468473786562e-17
3.928915000000000000e+05 6.027340016147882590e-18
4.962840000000000000e+05 5.775387294241854634e-19
6.244907500000000000e+05 6.024802749456882369e-20
7.857830000000000000e+05 7.474062698461115057e-21
9.925680000000000000e+05 1.106830295700455122e-21
1.248981500000000000e+06 1.795453117989317155e-22
1.571566000000000000e+06 2.493652402771989330e-23
1.981000250000000000e+06 2.237855670547012381e-24
2.497963000000000000e+06 1.038911686332891749e-25
3.147267500000000000e+06 1.975666505600382477e-27
3.970272000000000000e+06 9.151204439858533540e-30
5.004197000000000000e+06 3.161986017777533697e-33
6.286264000000000000e+06 6.754081872003803521e-39
7.940544000000000000e+06 3.772180604693505597e-49
1.000839400000000000e+07 9.999999999999999821e-201
