1.211760009765625000e+03 9.652323095965940061e-11
1.526073364257812500e+03 6.527025929881611290e-11
1.923100463867187500e+03 4.402584264316919224e-11
2.423520019531250000e+03 2.964197286245023830e-11
3.056282226562500000e+03 1.985086259865457617e-11
3.850336669921875000e+03 1.328763769247179209e-11
4.838769042968750000e+03 8.889018610753675950e-12
6.120835937500000000e+03 5.867860351277166664e-12
7.692401855468750000e+03 3.902962736126954224e-12
9.718894531250000000e+03 2.559617179140658480e-12
1.224167187500000000e+04 1.672272735343784165e-12
1.542616113281250000e+04 1.078219145839168971e-12
1.943778906250000000e+04 6.917885623603031107e-13
2.448334375000000000e+04 4.319908918058959664e-13
3.085232226562500000e+04 2.600151794385419415e-13
3.891693750000000000e+04 1.490405803440103113e-13
4.921482812500000000e+04 8.066385525660342731e-14
6.162192968750000000e+04 4.162707763692172353e-14
7.775115625000000000e+04 1.942616499697699192e-14
9.801609375000000000e+04 8.001064414271195752e-15
1.236574296875000000e+05 2.765163993171387902e-15
1.559158906250000000e+05 7.548587011376675288e-16
1.964457500000000000e+05 1.603707224971188076e-16
2.473148593750000000e+05 2.574492207586887097e-17
3.118317812500000000e+05 3.126409965169556870e-18
3.928915000000000000e+05 3.129924340729612804e-19
4.962840000000000000e+05 2.833616987062482873e-20
6.244907500000000000e+05 2.830931412395401738e-21
7.857830000000000000e+05 3.395157818859308904e-22
9.925680000000000000e+05 4.976085783191123118e-23
1.248981500000000000e+06 8.120813815273522587e-24
1.571566000000000000e+06 1.155059792963985670e-24
1.981000250000000000e+06 1.098254803674919482e-25
2.497963000000000000e+06 5.493905866709528709e-27
3.147267500000000000e+06 1.140947406984221169e-28
3.970272000000000000e+06 5.740607951202771042e-31
5.004197000000000000e+06 2.142547902756361416e-34
6.286264000000000000e+06 4.962071439835051739e-40
7.940544000000000000e+06 2.994365056884237013e-50
1.000839400000000000e+07 9.999999999999999821e-201
