1.211760009765625000e+03 2.017646892318041274e-10
1.526073364257812500e+03 1.364741785338882325e-10
1.923100463867187500e+03 9.181860230393573532e-11
2.423520019531250000e+03 6.227305223203831380e-11
3.056282226562500000e+03 4.222011821355637327e-11
3.850336669921875000e+03 2.853510395315476196e-11
4.838769042968750000e+03 1.927513509279218058e-11
6.120835937500000000e+03 1.289449984755444532e-11
7.692401855468750000e+03 8.629666351235478090e-12
9.718894531250000000e+03 5.724234782441835460e-12
1.224167187500000000e+04 3.787205900631511232e-12
1.542616113281250000e+04 2.476989929630523028e-12
1.943778906250000000e+04 1.605801833421605512e-12
2.448334375000000000e+04 1.014035607631207726e-12
3.085232226562500000e+04 6.138638300404026042e-13
3.891693750000000000e+04 3.560588917309337291e-13
4.921482812500000000e+04 1.953140815279890911e-13
6.162192968750000000e+04 1.015982911816394666e-13
7.775115625000000000e+04 4.751421308784416430e-14
9.801609375000000000e+04 1.955815745710736178e-14
1.236574296875000000e+05 6.735149440510307710e-15
1.559158906250000000e+05 1.848345604654849837e-15
1.964457500000000000e+05 3.891923631332517690e-16
2.473148593750000000e+05 6.260037412972946593e-17
3.118317812500000000e+05 7.564974862187579960e-18
3.928915000000000000e+05 7.493933135804043528e-19
4.962840000000000000e+05 6.748767175293853423e-20
6.244907500000000000e+05 6.707129807829107114e-21
7.857830000000000000e+05 8.039922334937667027e-22
9.925680000000000000e+05 1.162636865231570512e-22
1.248981500000000000e+06 1.908958774873699859e-23
1.571566000000000000e+06 2.713093814215925096e-24
1.981000250000000000e+06 2.555703531375282915e-25
2.497963000000000000e+06 1.269585298044093058e-26
3.147267500000000000e+06 2.593062288600502270e-28
3.970272000000000000e+06 1.289948374917328434e-30
5.004197000000000000e+06 4.803454169082810099e-34
6.286264000000000000e+06 1.100261724310297100e-39
7.940544000000000000e+06 6.564223698274753812e-50
1.000839400000000000e+07 9.999999999999999821e-201
