1.211760009765625000e+03 1.132124089578456809e-11
1.526073364257812500e+03 6.408352731156491446e-12
1.923100463867187500e+03 3.782612505170684607e-12
2.423520019531250000e+03 2.341466763924640757e-12
3.056282226562500000e+03 1.520907564340690964e-12
3.850336669921875000e+03 1.026878004884126720e-12
4.838769042968750000e+03 7.077203650259196380e-13
6.120835937500000000e+03 4.899560654100711887e-13
7.692401855468750000e+03 3.419629202275093716e-13
9.718894531250000000e+03 2.364345740608357213e-13
1.224167187500000000e+04 1.597675044565540994e-13
1.542616113281250000e+04 1.039034668788357785e-13
1.943778906250000000e+04 6.378793045430176960e-14
2.448334375000000000e+04 3.652062647273645851e-14
3.085232226562500000e+04 1.905929216575737286e-14
3.891693750000000000e+04 9.021999648048440493e-15
4.921482812500000000e+04 3.772413617822029428e-15
6.162192968750000000e+04 1.393639986839760798e-15
7.775115625000000000e+04 4.049648947121795465e-16
9.801609375000000000e+04 8.959517913588173637e-17
1.236574296875000000e+05 1.415691266173019801e-17
1.559158906250000000e+05 1.553371113148332285e-18
1.964457500000000000e+05 1.165621014869156712e-19
2.473148593750000000e+05 6.221601355263437211e-21
3.118317812500000000e+05 2.584034298984695502e-22
3.928915000000000000e+05 1.000092443363251600e-23
4.962840000000000000e+05 4.160415360386564509e-25
6.244907500000000000e+05 2.231570532525111874e-26
7.857830000000000000e+05 1.286048079090740936e-27
9.925680000000000000e+05 5.438405022287414032e-29
1.248981500000000000e+06 1.296307825469313621e-30
1.571566000000000000e+06 1.145375410785645623e-32
1.981000250000000000e+06 2.337217783798926372e-35
2.497963000000000000e+06 5.052507815521710932e-39
3.147267500000000000e+06 1.743647018513177213e-44
3.970272000000000000e+06 9.580567255977363394e-54
5.004197000000000000e+06 2.107486438385738584e-70
6.286264000000000000e+06 1.260249015775678499e-99
7.940544000000000000e+06 8.794131147109166169e-150
1.000839400000000000e+07 9.999999999999999821e-201
