1.211760009765625000e+03 3.288017157851623506e-11
1.526073364257812500e+03 1.859213446693549554e-11
1.923100463867187500e+03 1.035902179839275035e-11
2.423520019531250000e+03 5.673075058338690894e-12
3.056282226562500000e+03 3.027001093963777672e-12
3.850336669921875000e+03 1.583430206004531091e-12
4.838769042968750000e+03 8.012516908002702118e-13
6.120835937500000000e+03 3.890103433909107905e-13
7.692401855468750000e+03 1.807518292631121022e-13
9.718894531250000000e+03 7.937446414899485833e-14
1.224167187500000000e+04 3.254964829599945383e-14
1.542616113281250000e+04 1.397322485611929403e-15
1.943778906250000000e+04 9.568189568145266386e-16
2.448334375000000000e+04 6.058526201393636142e-16
3.085232226562500000e+04 3.505455643565729552e-16
3.891693750000000000e+04 1.848054766616374223e-16
4.921482812500000000e+04 8.560477055826913885e-17
6.162192968750000000e+04 3.516360151979951960e-17
7.775115625000000000e+04 1.128197974282663742e-17
9.801609375000000000e+04 2.774961798236336079e-18
1.236574296875000000e+05 4.878312761358110999e-19
1.559158906250000000e+05 5.926448486033310571e-20
1.964457500000000000e+05 4.927763324929608745e-21
2.473148593750000000e+05 2.907084527061145809e-22
3.118317812500000000e+05 1.321381175617174063e-23
3.928915000000000000e+05 5.585701498488086199e-25
4.962840000000000000e+05 2.514091153449970710e-26
6.244907500000000000e+05 1.449071774366956156e-27
7.857830000000000000e+05 8.934649812630411233e-29
9.925680000000000000e+05 4.078803766715561224e-30
1.248981500000000000e+06 1.061406407431250139e-31
1.571566000000000000e+06 1.029757326866717218e-33
1.981000250000000000e+06 2.257470195375341163e-36
2.497963000000000000e+06 5.257591158587168152e-40
3.147267500000000000e+06 1.953066764862018352e-45
3.970272000000000000e+06 1.150380380550441911e-54
5.004197000000000000e+06 2.712828287709301411e-71
6.286264000000000000e+06 1.735265952491126390e-100
7.940544000000000000e+06 1.275782037952714110e-150
1.000839400000000000e+07 9.999999999999999821e-201
