1.211760009765625000e+03 5.504937817312187551e-13
1.526073364257812500e+03 3.570085394980698898e-13
1.923100463867187500e+03 2.299388929491723856e-13
2.423520019531250000e+03 1.475871337899308128e-13
3.056282226562500000e+03 9.431523574589172931e-14
3.850336669921875000e+03 5.996209039128271465e-14
4.838769042968750000e+03 3.802538482002200384e-14
6.120835937500000000e+03 2.381393638515869243e-14
7.692401855468750000e+03 1.489757948787223100e-14
9.718894531250000000e+03 9.165903043197039811e-15
1.224167187500000000e+04 5.511499162646129655e-15
1.542616113281250000e+04 3.151400765436762456e-15
1.943778906250000000e+04 1.681320695384226682e-15
2.448334375000000000e+04 8.230281110660418074e-16
3.085232226562500000e+04 3.692405855212341277e-16
3.891693750000000000e+04 1.484568333060553896e-16
4.921482812500000000e+04 5.198444637900168724e-17
6.162192968750000000e+04 1.594181743830285206e-17
7.775115625000000000e+04 3.770735944873490559e-18
9.801609375000000000e+04 6.699440171751762985e-19
1.236574296875000000e+05 8.397144440191704540e-20
1.559158906250000000e+05 7.210972237079612089e-21
1.964457500000000000e+05 4.250027422430126267e-22
2.473148593750000000e+05 1.808231544542997329e-23
3.118317812500000000e+05 6.120069230708684362e-25
3.928915000000000000e+05 2.020942658693053682e-26
4.962840000000000000e+05 7.368705508657636488e-28
6.244907500000000000e+05 3.387053676348258680e-29
7.857830000000000000e+05 1.489079826110936449e-30
9.925680000000000000e+05 4.137247869931147950e-32
1.248981500000000000e+06 5.576058808640278737e-34
1.571566000000000000e+06 2.270201415940413926e-36
1.981000250000000000e+06 1.560521666000667562e-39
2.497963000000000000e+06 6.027293315066915451e-44
3.147267500000000000e+06 8.412197238830747734e-51
3.970272000000000000e+06 8.190378074914516709e-63
5.004197000000000000e+06 1.507971937707899687e-84
6.286264000000000000e+06 4.206497424972768617e-122
7.940544000000000000e+06 6.681991160320979935e-185
1.000839400000000000e+07 9.999999999999999821e-201
