1.211760009765625000e+03 1.942919229639595577e-08
1.526073364257812500e+03 1.107616521434455170e-08
1.923100463867187500e+03 6.231108548065627752e-09
2.423520019531250000e+03 3.480984323332830960e-09
3.056282226562500000e+03 1.895749905381959834e-09
3.850336669921875000e+03 1.010175997715461448e-09
4.838769042968750000e+03 5.253096019048182748e-10
6.120835937500000000e+03 2.612555374700733392e-10
7.692401855468750000e+03 1.252088180077810320e-10
9.718894531250000000e+03 5.514200942989044899e-11
1.224167187500000000e+04 2.200878308699038971e-11
1.542616113281250000e+04 7.650218280939880485e-12
1.943778906250000000e+04 2.338543763646210201e-12
2.448334375000000000e+04 6.295792839174486793e-13
3.085232226562500000e+04 5.111937348216742372e-14
3.891693750000000000e+04 1.751102017171822452e-14
4.921482812500000000e+04 4.986347638662963488e-15
6.162192968750000000e+04 1.211126614538798623e-15
7.775115625000000000e+04 2.160538345515773729e-16
9.801609375000000000e+04 2.808860457341474104e-17
1.236574296875000000e+05 2.524536805613999038e-18
1.559158906250000000e+05 1.552824915304243585e-19
1.964457500000000000e+05 6.765407256887325381e-21
2.473148593750000000e+05 2.299117992773452529e-22
3.118317812500000000e+05 6.771732196276576542e-24
3.928915000000000000e+05 2.062470159616519018e-25
4.962840000000000000e+05 6.468445775887591439e-27
6.244907500000000000e+05 1.710389407924344009e-28
7.857830000000000000e+05 2.652383901822276253e-30
9.925680000000000000e+05 1.505163315597223561e-32
1.248981500000000000e+06 2.275015461939616470e-35
1.571566000000000000e+06 4.444716610648409723e-39
1.981000250000000000e+06 2.469451708609446315e-44
2.497963000000000000e+06 1.221581251340644622e-52
3.147267500000000000e+06 4.026183299141841051e-67
3.970272000000000000e+06 1.952584195960165677e-93
5.004197000000000000e+06 3.016252567481212915e-139
6.286264000000000000e+06 9.999999999999999821e-201
7.940544000000000000e+06 9.999999999999999821e-201
1.000839400000000000e+07 9.999999999999999821e-201
