1.211760009765625000e+03 4.259476772671421243e-11
1.526073364257812500e+03 2.798709603267417934e-11
1.923100463867187500e+03 1.836372040613799747e-11
2.423520019531250000e+03 1.208069693607458591e-11
3.056282226562500000e+03 7.898957939091498447e-12
3.850336669921875000e+03 5.129188205454474245e-12
4.838769042968750000e+03 3.357008106847358464e-12
6.120835937500000000e+03 2.170618437485001900e-12
7.692401855468750000e+03 1.379774493723492512e-12
9.718894531250000000e+03 8.357014382509306404e-13
1.224167187500000000e+04 4.724821323262157362e-13
1.542616113281250000e+04 2.432377094452679146e-13
1.943778906250000000e+04 1.119434063909333561e-13
2.448334375000000000e+04 4.610145079008413634e-14
3.085232226562500000e+04 1.678258676584364198e-14
3.891693750000000000e+04 5.289369937452642917e-15
4.921482812500000000e+04 1.361175678520808841e-15
6.162192968750000000e+04 2.962350232858412605e-16
7.775115625000000000e+04 4.737245962503846882e-17
9.801609375000000000e+04 5.477976613322675851e-18
1.236574296875000000e+05 4.349503171118094907e-19
1.559158906250000000e+05 2.357573594038559099e-20
1.964457500000000000e+05 8.980629102062819305e-22
2.473148593750000000e+05 2.664213983042198161e-23
3.118317812500000000e+05 6.798218762885221169e-25
3.928915000000000000e+05 1.797295424808681080e-26
4.962840000000000000e+05 4.738654250132341268e-28
6.244907500000000000e+05 1.077348730508667460e-29
7.857830000000000000e+05 1.437949699583424831e-31
9.925680000000000000e+05 7.162501294910928088e-34
1.248981500000000000e+06 9.313042018663448586e-37
1.571566000000000000e+06 1.570936876144517490e-40
1.981000250000000000e+06 7.605911262517094558e-46
2.497963000000000000e+06 3.292057948528177074e-54
3.147267500000000000e+06 9.741486783717217848e-69
3.970272000000000000e+06 4.365293972841459257e-95
5.004197000000000000e+06 6.666116177584299617e-141
6.286264000000000000e+06 9.999999999999999821e-201
7.940544000000000000e+06 9.999999999999999821e-201
1.000839400000000000e+07 9.999999999999999821e-201
