1.211760009765625000e+03 1.743645462497073055e-08
1.526073364257812500e+03 9.988327559364280957e-09
1.923100463867187500e+03 5.658223253344227659e-09
2.423520019531250000e+03 3.157171828139079628e-09
3.056282226562500000e+03 1.732833897888197871e-09
3.850336669921875000e+03 9.318677808382938299e-10
4.838769042968750000e+03 4.880095118287364218e-10
6.120835937500000000e+03 2.466056942474523705e-10
7.692401855468750000e+03 1.194915203818549188e-10
9.718894531250000000e+03 5.342775006937572523e-11
1.224167187500000000e+04 2.140303676349524024e-11
1.542616113281250000e+04 7.519445318872529518e-12
1.943778906250000000e+04 2.281038589130320213e-12
2.448334375000000000e+04 5.950539683477821578e-13
3.085232226562500000e+04 1.359968237921812385e-13
3.891693750000000000e+04 8.655332624922506734e-15
4.921482812500000000e+04 2.486229045461477266e-15
6.162192968750000000e+04 6.096549512374357653e-16
7.775115625000000000e+04 1.089123838108361454e-16
9.801609375000000000e+04 1.439366304010805372e-17
1.236574296875000000e+05 1.300288535421668251e-18
1.559158906250000000e+05 8.081490252641793046e-20
1.964457500000000000e+05 3.562316210484917948e-21
2.473148593750000000e+05 1.223564940360120524e-22
3.118317812500000000e+05 3.655146191992834657e-24
3.928915000000000000e+05 1.132721706710024920e-25
4.962840000000000000e+05 3.520491203825826605e-27
6.244907500000000000e+05 9.475950512868206413e-29
7.857830000000000000e+05 1.497553832208644290e-30
9.925680000000000000e+05 8.667664610508149904e-33
1.248981500000000000e+06 1.384371110882404784e-35
1.571566000000000000e+06 2.775008254267261209e-39
1.981000250000000000e+06 1.578802792370972474e-44
2.497963000000000000e+06 7.992040051143879020e-53
3.147267500000000000e+06 2.721360298754029994e-67
3.970272000000000000e+06 1.377427219808757357e-93
5.004197000000000000e+06 2.244039109285803989e-139
6.286264000000000000e+06 9.999999999999999821e-201
7.940544000000000000e+06 9.999999999999999821e-201
1.000839400000000000e+07 9.999999999999999821e-201
