1.211760009765625000e+03 1.102233024507078351e-13
1.526073364257812500e+03 7.229175689005238478e-14
1.923100463867187500e+03 4.724341759570027189e-14
2.423520019531250000e+03 3.076288611681968274e-14
3.056282226562500000e+03 1.989979918967133747e-14
3.850336669921875000e+03 1.285369274559553350e-14
4.838769042968750000e+03 8.288739831396012331e-15
6.120835937500000000e+03 5.285693182606476428e-15
7.692401855468750000e+03 3.367134510096079240e-15
9.718894531250000000e+03 2.107418064565776434e-15
1.224167187500000000e+04 1.278768301446340755e-15
1.542616113281250000e+04 7.378165847008487098e-16
1.943778906250000000e+04 3.931578035108625987e-16
2.448334375000000000e+04 1.915225383016223236e-16
3.085232226562500000e+04 8.475199077711947065e-17
3.891693750000000000e+04 3.366672484427647056e-17
4.921482812500000000e+04 1.150724026925497833e-17
6.162192968750000000e+04 3.416591233581075154e-18
7.775115625000000000e+04 7.712830068224283024e-19
9.801609375000000000e+04 1.303487790104802347e-19
1.236574296875000000e+05 1.535999832316663291e-20
1.559158906250000000e+05 1.233469347715963378e-21
1.964457500000000000e+05 6.768597983712189697e-23
2.473148593750000000e+05 2.719011561266617459e-24
3.118317812500000000e+05 8.798984687690608244e-26
3.928915000000000000e+05 2.819141220581948126e-27
4.962840000000000000e+05 1.003349740655765570e-28
6.244907500000000000e+05 4.313015682140951020e-30
7.857830000000000000e+05 1.629540265506981468e-31
9.925680000000000000e+05 3.515159454777511466e-33
1.248981500000000000e+06 3.295694892949651811e-35
1.571566000000000000e+06 8.195132068301973949e-38
1.981000250000000000e+06 2.778569362694595466e-41
2.497963000000000000e+06 3.200109492715817727e-46
3.147267500000000000e+06 4.280807256613592852e-54
3.970272000000000000e+06 4.261615840577130637e-68
5.004197000000000000e+06 2.095704883183407796e-93
6.286264000000000000e+06 1.291202426562430201e-136
7.940544000000000000e+06 9.999999999999999821e-201
1.000839400000000000e+07 9.999999999999999821e-201
