1.211760009765625000e+03 7.173855617130814458e-15
1.526073364257812500e+03 3.876657825020592192e-15
1.923100463867187500e+03 2.024717896958583340e-15
2.423520019531250000e+03 1.015050695757410865e-15
3.056282226562500000e+03 4.893474192795110746e-16
3.850336669921875000e+03 2.214126951604108621e-16
4.838769042968750000e+03 9.441684845537563924e-17
6.120835937500000000e+03 3.638523679189574605e-17
7.692401855468750000e+03 1.286517867730351464e-17
9.718894531250000000e+03 3.001933645928228763e-20
1.224167187500000000e+04 2.142800937558733505e-20
1.542616113281250000e+04 1.445721686238149160e-20
1.943778906250000000e+04 8.910091864268839347e-21
2.448334375000000000e+04 5.036460309541767031e-21
3.085232226562500000e+04 2.575230558760546311e-21
3.891693750000000000e+04 1.164267141588811850e-21
4.921482812500000000e+04 4.543449110001042128e-22
6.162192968750000000e+04 1.538275673887213669e-22
7.775115625000000000e+04 3.941587390693759208e-23
9.801609375000000000e+04 7.479537081315649524e-24
1.236574296875000000e+05 9.890185255703567261e-25
1.559158906250000000e+05 8.848801842310173736e-26
1.964457500000000000e+05 5.395435376603611967e-27
2.473148593750000000e+05 2.382372034633607326e-28
3.118317812500000000e+05 8.434695512722524241e-30
3.928915000000000000e+05 2.915935768928108963e-31
4.962840000000000000e+05 1.120018315150622080e-32
6.244907500000000000e+05 5.203003045122416178e-34
7.857830000000000000e+05 2.116286059099976269e-35
9.925680000000000000e+05 4.956740449604544331e-37
1.248981500000000000e+06 5.041668778742280175e-39
1.571566000000000000e+06 1.363520549255940972e-41
1.981000250000000000e+06 5.008014345410023154e-45
2.497963000000000000e+06 6.276457844829366601e-50
3.147267500000000000e+06 9.125751903633628656e-58
3.970272000000000000e+06 9.895537329708123642e-72
5.004197000000000000e+06 5.304346210541855156e-97
6.286264000000000000e+06 3.570803170803180238e-140
7.940544000000000000e+06 9.999999999999999821e-201
1.000839400000000000e+07 9.999999999999999821e-201
