1.211760009765625000e+03 1.114687634953486092e-11
1.526073364257812500e+03 5.943549369483103250e-12
1.923100463867187500e+03 3.099858795731163393e-12
2.423520019531250000e+03 1.600417354660457190e-12
3.056282226562500000e+03 8.147560462272385113e-13
3.850336669921875000e+03 4.153937289735141291e-13
4.838769042968750000e+03 2.199943729686309965e-13
6.120835937500000000e+03 1.216938662972188659e-13
7.692401855468750000e+03 7.357091588533629842e-14
9.718894531250000000e+03 4.275481253291718611e-14
1.224167187500000000e+04 3.064435749411952523e-14
1.542616113281250000e+04 2.060568840155523302e-14
1.943778906250000000e+04 1.280825705488645780e-14
2.448334375000000000e+04 7.194943299345383024e-15
3.085232226562500000e+04 3.651446314660475523e-15
3.891693750000000000e+04 1.649378450584149996e-15
4.921482812500000000e+04 6.411783323459414826e-16
6.162192968750000000e+04 2.137393567927497043e-16
7.775115625000000000e+04 5.394249250169130770e-17
9.801609375000000000e+04 1.007616752033394683e-17
1.236574296875000000e+05 1.303850789337126066e-18
1.559158906250000000e+05 1.139618419085401142e-19
1.964457500000000000e+05 6.744294220754515041e-21
2.473148593750000000e+05 2.874383650481852173e-22
3.118317812500000000e+05 9.751740991453285109e-24
3.928915000000000000e+05 3.218418732509862736e-25
4.962840000000000000e+05 1.166685744948564832e-26
6.244907500000000000e+05 5.100312195547632225e-28
7.857830000000000000e+05 1.939928887508311510e-29
9.925680000000000000e+05 4.220280593551603525e-31
1.248981500000000000e+06 3.938592253997325033e-33
1.571566000000000000e+06 9.666053208766430147e-36
1.981000250000000000e+06 3.195903891478764387e-39
2.497963000000000000e+06 3.571392914522626091e-44
3.147267500000000000e+06 4.612652780382089282e-52
3.970272000000000000e+06 4.396979322917477636e-66
5.004197000000000000e+06 2.059908681762572690e-91
6.286264000000000000e+06 1.205503150463153679e-134
7.940544000000000000e+06 9.999999999999999821e-201
1.000839400000000000e+07 9.999999999999999821e-201
