1.211760009765625000e+03 2.216920659460564013e-10
1.526073364257812500e+03 1.246068586613761932e-10
1.923100463867187500e+03 6.968796482555121673e-11
2.423520019531250000e+03 3.885838459279190947e-11
3.056282226562500000e+03 2.167793204181432070e-11
3.850336669921875000e+03 1.219013219872813462e-11
4.838769042968750000e+03 7.048788097767807892e-12
6.120835937500000000e+03 4.191167969058991179e-12
7.692401855468750000e+03 2.627805801179127270e-12
9.718894531250000000e+03 1.721379736141983431e-12
1.224167187500000000e+04 1.185579379096908571e-12
1.542616113281250000e+04 8.071308771840821714e-13
1.943778906250000000e+04 5.843902781033787548e-13
2.448334375000000000e+04 4.106940486171822733e-13
3.085232226562500000e+04 2.756350770557672369e-13
3.891693750000000000e+04 1.747801215874646259e-13
4.921482812500000000e+04 1.037933963444264904e-13
6.162192968750000000e+04 5.811980209265357533e-14
7.775115625000000000e+04 2.889068981791922092e-14
9.801609375000000000e+04 1.241930024410099955e-14
1.236574296875000000e+05 4.354944929290173905e-15
1.559158906250000000e+05 1.187343176573061321e-15
1.964457500000000000e+05 2.435861265930871323e-16
2.473148593750000000e+05 3.731269265117734551e-17
3.118317812500000000e+05 4.221663823051028942e-18
3.928915000000000000e+05 3.858937116356908963e-19
4.962840000000000000e+05 3.158934768891874534e-20
6.244907500000000000e+05 2.889539520556446048e-21
7.857830000000000000e+05 3.195019265348388306e-22
9.925680000000000000e+05 4.175880529126429672e-23
1.248981500000000000e+06 5.773516392506266942e-24
1.571566000000000000e+06 6.418911941890580253e-25
1.981000250000000000e+06 4.344029303006078709e-26
2.497963000000000000e+06 1.377832594837013399e-27
3.147267500000000000e+06 1.575460576961923746e-29
3.970272000000000000e+06 3.299619490368512726e-32
5.004197000000000000e+06 2.676742718177678345e-36
6.286264000000000000e+06 3.788098184125180552e-43
7.940544000000000000e+06 1.390191441305305034e-55
1.000839400000000000e+07 9.999999999999999821e-201
