1.211760009765625000e+03 1.531917084908142587e-09
1.526073364257812500e+03 8.880711037929827813e-10
1.923100463867187500e+03 5.108881205116424154e-10
2.423520019531250000e+03 2.908151539236189867e-10
3.056282226562500000e+03 1.629548422277615001e-10
3.850336669921875000e+03 9.054406874296456678e-11
4.838769042968750000e+03 4.959103130730448719e-11
6.120835937500000000e+03 2.662624356813947375e-11
7.692401855468750000e+03 1.417838503173513930e-11
9.718894531250000000e+03 7.428296338846937278e-12
1.224167187500000000e+04 3.882311749167078847e-12
1.542616113281250000e+04 2.034783723993484842e-12
1.943778906250000000e+04 1.096204273285768305e-12
2.448334375000000000e+04 3.962533296081392868e-13
3.085232226562500000e+04 2.897155066886470352e-13
3.891693750000000000e+04 2.009971398255842794e-13
4.921482812500000000e+04 1.303451954092797764e-13
6.162192968750000000e+04 8.005906513425128934e-14
7.775115625000000000e+04 4.351981774098774066e-14
9.801609375000000000e+04 2.041629773065861570e-14
1.236574296875000000e+05 7.793059347150838511e-15
1.559158906250000000e+05 2.304547937652355392e-15
1.964457500000000000e+05 5.110286264092086908e-16
2.473148593750000000e+05 8.341882242396973155e-17
3.118317812500000000e+05 1.004347441774236869e-17
3.928915000000000000e+05 9.779220242292481966e-19
4.962840000000000000e+05 8.441597835294742695e-20
6.244907500000000000e+05 8.066400956046675689e-21
7.857830000000000000e+05 9.128626472423967932e-22
9.925680000000000000e+05 1.186012165149662616e-22
1.248981500000000000e+06 1.584645988581506919e-23
1.571566000000000000e+06 1.681854446789935333e-24
1.981000250000000000e+06 1.087254176871785191e-25
2.497963000000000000e+06 3.372819372778106031e-27
3.147267500000000000e+06 3.817303956711918335e-29
3.970272000000000000e+06 7.793264710714735357e-32
5.004197000000000000e+06 6.183119144328556205e-36
6.286264000000000000e+06 8.581886151646425356e-43
7.940544000000000000e+06 3.097607775257457783e-55
1.000839400000000000e+07 9.999999999999999821e-201
