1.211760009765625000e+03 1.370007149104843020e-11
1.526073364257812500e+03 7.931325448128867058e-12
1.923100463867187500e+03 4.520300421116836842e-12
2.423520019531250000e+03 2.559422446736775123e-12
3.056282226562500000e+03 1.432026783786854157e-12
3.850336669921875000e+03 7.878264358876189480e-13
4.838769042968750000e+03 4.303186752938110504e-13
6.120835937500000000e+03 2.266323399667391478e-13
7.692401855468750000e+03 1.179911239503141168e-13
9.718894531250000000e+03 5.904286584507654875e-14
1.224167187500000000e+04 2.848374228036261455e-14
1.542616113281250000e+04 1.282609340129319734e-14
1.943778906250000000e+04 5.276848028350146430e-15
2.448334375000000000e+04 7.576233277638076741e-17
3.085232226562500000e+04 5.025610838035037417e-17
3.891693750000000000e+04 3.055021265546115472e-17
4.921482812500000000e+04 1.666186739943082757e-17
6.162192968750000000e+04 8.183129560737252481e-18
7.775115625000000000e+04 3.257968928836409415e-18
9.801609375000000000e+04 1.017619101678395251e-18
1.236574296875000000e+05 2.320609484149275491e-19
1.559158906250000000e+05 3.722684672873007998e-20
1.964457500000000000e+05 4.121901633132530422e-21
2.473148593750000000e+05 3.245345737524080937e-22
3.118317812500000000e+05 1.919890386595457013e-23
3.928915000000000000e+05 1.019846345462257104e-24
4.962840000000000000e+05 5.613027002425438338e-26
6.244907500000000000e+05 3.928499765599688689e-27
7.857830000000000000e+05 3.218140782853222393e-28
9.925680000000000000e+05 2.203740749636817379e-29
1.248981500000000000e+06 9.779998898442216322e-31
1.571566000000000000e+06 1.867305079493878733e-32
1.981000250000000000e+06 9.976451383498604746e-35
2.497963000000000000e+06 8.890537413211322174e-38
3.147267500000000000e+06 3.747000931463364090e-42
3.970272000000000000e+06 2.728577606045722356e-49
5.004197000000000000e+06 6.164784461363598907e-62
6.286264000000000000e+06 2.545845261811581324e-84
7.940544000000000000e+06 1.208962375403131651e-123
1.000839400000000000e+07 9.999999999999999821e-201
