1.211760009765625000e+03 2.341466763924641097e-14
1.526073364257812500e+03 1.522972716972375865e-14
1.923100463867187500e+03 9.888157171193077814e-15
2.423520019531250000e+03 6.351851327667910048e-15
3.056282226562500000e+03 4.078807322096349930e-15
3.850336669921875000e+03 2.610409981597781906e-15
4.838769042968750000e+03 1.668264429581079169e-15
6.120835937500000000e+03 1.059259849844541752e-15
7.692401855468750000e+03 6.731168596833842204e-16
9.718894531250000000e+03 4.223954371162134540e-16
1.224167187500000000e+04 2.631125346236885848e-16
1.542616113281250000e+04 1.596341121168145788e-16
1.943778906250000000e+04 9.268309998512436930e-17
2.448334375000000000e+04 5.050822185092049517e-17
3.085232226562500000e+04 2.542898897089584590e-17
3.891693750000000000e+04 1.179131014772184768e-17
4.921482812500000000e+04 4.921953932935311968e-18
6.162192968750000000e+04 1.850503162030355889e-18
7.775115625000000000e+04 5.650827464139988767e-19
9.801609375000000000e+04 1.351076208443067435e-19
1.236574296875000000e+05 2.373651986644115842e-20
1.559158906250000000e+05 2.960731669653386075e-21
1.964457500000000000e+05 2.573065867955458242e-22
2.473148593750000000e+05 1.581592542970596348e-23
3.118317812500000000e+05 7.383202627645616903e-25
3.928915000000000000e+05 3.133440945478238710e-26
4.962840000000000000e+05 1.389892400600585120e-27
6.244907500000000000e+05 7.962227203492225112e-29
7.857830000000000000e+05 5.429378621378133932e-30
9.925680000000000000e+05 3.144394298151685608e-31
1.248981500000000000e+06 1.219606371506921338e-32
1.571566000000000000e+06 2.122420763978810994e-34
1.981000250000000000e+06 1.073995531590921221e-36
2.497963000000000000e+06 9.233680962493163949e-40
3.147267500000000000e+06 3.747000931463364369e-44
3.970272000000000000e+06 2.654330596357404144e-51
5.004197000000000000e+06 5.838762206195330611e-64
6.286264000000000000e+06 2.347332019782497198e-86
7.940544000000000000e+06 1.089970015619358865e-125
1.000839400000000000e+07 9.999999999999999821e-201
