1.211760009765625000e+03 2.677741245977647209e-09
1.526073364257812500e+03 1.582309316334935751e-09
1.923100463867187500e+03 9.260337668260185492e-10
2.423520019531250000e+03 5.411496894347368248e-10
3.056282226562500000e+03 3.130344660958432301e-10
3.850336669921875000e+03 1.790128511226154463e-10
4.838769042968750000e+03 1.017640761844954560e-10
6.120835937500000000e+03 5.634903132171657140e-11
7.692401855468750000e+03 3.062467503933110432e-11
9.718894531250000000e+03 1.586908507200646100e-11
1.224167187500000000e+04 7.693094230542526829e-12
1.542616113281250000e+04 3.356064547847872684e-12
1.943778906250000000e+04 1.286465955235901771e-12
2.448334375000000000e+04 4.301467974187563528e-13
3.085232226562500000e+04 1.236763578298044799e-13
3.891693750000000000e+04 2.934294798148499006e-14
4.921482812500000000e+04 1.716576547644071824e-18
6.162192968750000000e+04 5.503421221879898586e-19
7.775115625000000000e+04 1.329734787872879474e-19
9.801609375000000000e+04 2.371965830454620819e-20
1.236574296875000000e+05 2.929249302738967461e-21
1.559158906250000000e+05 2.459042159472426062e-22
1.964457500000000000e+05 1.429460693678184209e-23
2.473148593750000000e+05 6.289252420596325000e-25
3.118317812500000000e+05 2.333731276363076348e-26
3.928915000000000000e+05 8.882229700003421535e-28
4.962840000000000000e+05 3.592810621790662416e-29
6.244907500000000000e+05 1.457944680339050285e-30
7.857830000000000000e+05 3.847155149572016480e-32
9.925680000000000000e+05 4.322406775064894597e-34
1.248981500000000000e+06 1.531921251909371628e-36
1.571566000000000000e+06 9.323510934272272506e-40
1.981000250000000000e+06 3.166451868402904374e-44
2.497963000000000000e+06 4.366306425974320363e-51
3.147267500000000000e+06 7.550580681703311738e-63
3.970272000000000000e+06 2.425243760941756221e-84
5.004197000000000000e+06 1.587955878220531077e-122
6.286264000000000000e+06 4.719736402338648432e-185
7.940544000000000000e+06 9.999999999999999821e-201
1.000839400000000000e+07 9.999999999999999821e-201
