1.211760009765625000e+03 1.204360830167621060e-09
1.526073364257812500e+03 6.873156092829878996e-10
1.923100463867187500e+03 3.908176405757264260e-10
2.423520019531250000e+03 2.192011438567748832e-10
3.056282226562500000e+03 1.219692028466568496e-10
3.850336669921875000e+03 6.702454125237751842e-11
4.838769042968750000e+03 3.648493803934606105e-11
6.120835937500000000e+03 1.956177798420616915e-11
7.692401855468750000e+03 1.047186704063843088e-11
9.718894531250000000e+03 5.601093396249270541e-12
1.224167187500000000e+04 3.037911737325422603e-12
1.542616113281250000e+04 1.682184562771860517e-12
1.943778906250000000e+04 6.818312373375902167e-13
2.448334375000000000e+04 4.597530636346294550e-13
3.085232226562500000e+04 2.861682038969168840e-13
3.891693750000000000e+04 1.623064772455123595e-13
4.921482812500000000e+04 8.218759719015579047e-14
6.162192968750000000e+04 3.716871264991317872e-14
7.775115625000000000e+04 1.352238938160046243e-14
9.801609375000000000e+04 3.828540513759574200e-15
1.236574296875000000e+05 7.851722500369388910e-16
1.559158906250000000e+05 1.127478447800037541e-16
1.964457500000000000e+05 1.133593243131344516e-17
2.473148593750000000e+05 8.296589830738708803e-19
3.118317812500000000e+05 4.421961708555997172e-20
3.928915000000000000e+05 2.093601589804671079e-21
4.962840000000000000e+05 1.011275742771834587e-22
6.244907500000000000e+05 6.247471455239780152e-24
7.857830000000000000e+05 4.555313231572960115e-25
9.925680000000000000e+05 2.904978365961417970e-26
1.248981500000000000e+06 1.245965994606226952e-27
1.571566000000000000e+06 2.422269255446416714e-29
1.981000250000000000e+06 1.428880520448161979e-31
2.497963000000000000e+06 1.611524246411634826e-34
3.147267500000000000e+06 1.130495050821022247e-38
3.970272000000000000e+06 2.543805511448176038e-45
5.004197000000000000e+06 5.634075548745300958e-57
6.286264000000000000e+06 1.375575719516327929e-77
7.940544000000000000e+06 5.454344238996537381e-114
1.000839400000000000e+07 9.999999999999999821e-201
