1.211760009765625000e+03 1.282824875979989642e-08
1.526073364257812500e+03 7.486300952909664860e-09
1.923100463867187500e+03 4.339802314023629009e-09
2.423520019531250000e+03 2.484694784058329054e-09
3.056282226562500000e+03 1.417213324829319072e-09
3.850336669921875000e+03 7.956786293078999297e-10
4.838769042968750000e+03 4.428297844276395962e-10
6.120835937500000000e+03 2.397554874614361327e-10
7.692401855468750000e+03 1.286504008507868621e-10
9.718894531250000000e+03 6.657989821322432107e-11
1.224167187500000000e+04 3.340124031069378220e-11
1.542616113281250000e+04 1.594399374466185974e-11
1.943778906250000000e+04 6.998442004552159652e-12
2.448334375000000000e+04 2.823685576754993651e-12
3.085232226562500000e+04 9.957983810067642010e-13
3.891693750000000000e+04 2.684806230828656004e-14
4.921482812500000000e+04 1.452691222212138543e-14
6.162192968750000000e+04 7.070144296524066015e-15
7.775115625000000000e+04 2.822223873648382712e-15
9.801609375000000000e+04 8.824673734256092527e-16
1.236574296875000000e+05 2.053497092107081074e-16
1.559158906250000000e+05 3.393875822609694833e-17
1.964457500000000000e+05 3.920071376391381496e-18
2.473148593750000000e+05 3.220550217497332905e-19
3.118317812500000000e+05 1.980892598053298416e-20
3.928915000000000000e+05 1.084301800027111456e-21
4.962840000000000000e+05 6.061563384182637107e-23
6.244907500000000000e+05 4.369714732453132404e-24
7.857830000000000000e+05 3.893083402414775008e-25
9.925680000000000000e+05 3.291840915178768953e-26
1.248981500000000000e+06 2.054610594461314650e-27
1.571566000000000000e+06 6.523100978238233654e-29
1.981000250000000000e+06 7.052115162020960633e-31
2.497963000000000000e+06 1.695996982819943738e-33
3.147267500000000000e+06 3.470265136810338256e-37
3.970272000000000000e+06 4.829572513487896690e-43
5.004197000000000000e+06 2.845839598558802420e-53
6.286264000000000000e+06 1.714399034229532313e-71
7.940544000000000000e+06 5.412655948289693483e-104
1.000839400000000000e+07 9.999999999999999821e-201
