1.211760009765625000e+03 3.113652611601915771e-13
1.526073364257812500e+03 2.136117577052163462e-13
1.923100463867187500e+03 1.467528088105639506e-13
2.423520019531250000e+03 1.002596140935817111e-13
3.056282226562500000e+03 6.863855475654194912e-14
3.850336669921875000e+03 4.664343194442028540e-14
4.838769042968750000e+03 3.180986820125438730e-14
6.120835937500000000e+03 2.131668108552708659e-14
7.692401855468750000e+03 1.435743706332703249e-14
9.718894531250000000e+03 9.554213956101777151e-15
1.224167187500000000e+04 6.318837860005761380e-15
1.542616113281250000e+04 4.087975673086226409e-15
1.943778906250000000e+04 2.557122172901914011e-15
2.448334375000000000e+04 1.510124197078046789e-15
3.085232226562500000e+04 8.379715021563820627e-16
3.891693750000000000e+04 4.322917985827428426e-16
4.921482812500000000e+04 2.032002130927809136e-16
6.162192968750000000e+04 8.745759634030993941e-17
7.775115625000000000e+04 3.162871061304026460e-17
9.801609375000000000e+04 9.290616237817772658e-18
1.236574296875000000e+05 2.062007542546677595e-18
1.559158906250000000e+05 3.323287296031933010e-19
1.964457500000000000e+05 3.802709473537198691e-20
2.473148593750000000e+05 3.117662211074928454e-21
3.118317812500000000e+05 1.908433618742899641e-22
3.928915000000000000e+05 1.026626173732700328e-23
4.962840000000000000e+05 5.548956987509490179e-25
6.244907500000000000e+05 3.782485792058788900e-26
7.857830000000000000e+05 3.227927257493876107e-27
9.925680000000000000e+05 2.727724763267006685e-28
1.248981500000000000e+06 1.809953402611003494e-29
1.571566000000000000e+06 6.541941146972699575e-31
1.981000250000000000e+06 8.816909618029963847e-33
2.497963000000000000e+06 2.974232891538597431e-35
3.147267500000000000e+06 1.131136086099264253e-38
3.970272000000000000e+06 5.522422787730972284e-44
5.004197000000000000e+06 4.029932949518234547e-53
6.286264000000000000e+06 2.676818064577914879e-69
7.940544000000000000e+06 2.518224166827320239e-98
1.000839400000000000e+07 9.999999999999999821e-201
