1.211760009765625000e+03 1.855736956514742122e-07
1.526073364257812500e+03 1.077948221753174993e-07
1.923100463867187500e+03 6.293890516902261036e-08
2.423520019531250000e+03 3.618064334681426557e-08
3.056282226562500000e+03 2.064094668218311911e-08
3.850336669921875000e+03 1.164136863316944611e-08
4.838769042968750000e+03 6.487242979647547921e-09
6.120835937500000000e+03 3.525139532543993420e-09
7.692401855468750000e+03 1.891805297798857145e-09
9.718894531250000000e+03 9.854864748800110301e-10
1.224167187500000000e+04 4.976666546266000088e-10
1.542616113281250000e+04 2.415705610683352321e-10
1.943778906250000000e+04 1.129353898451585371e-10
2.448334375000000000e+04 4.831816053790932120e-11
3.085232226562500000e+04 1.919310759629250321e-11
3.891693750000000000e+04 7.009946944932391361e-12
4.921482812500000000e+04 8.730980662137837468e-13
6.162192968750000000e+04 4.460316644440668653e-13
7.775115625000000000e+04 1.969886247897470013e-13
9.801609375000000000e+04 7.323664963414344874e-14
1.236574296875000000e+05 2.167414539467511219e-14
1.559158906250000000e+05 4.909533007792273533e-15
1.964457500000000000e+05 8.192855430112533184e-16
2.473148593750000000e+05 1.013555460086612416e-16
3.118317812500000000e+05 9.407154610970304003e-18
3.928915000000000000e+05 7.320435354198329606e-19
4.962840000000000000e+05 5.455669949378429439e-20
6.244907500000000000e+05 4.825799832514686927e-21
7.857830000000000000e+05 5.399769514172404222e-22
9.925680000000000000e+05 6.936242178799455584e-23
1.248981500000000000e+06 8.584156708477302967e-24
1.571566000000000000e+06 7.477944977476577768e-25
1.981000250000000000e+06 3.321009961765745657e-26
2.497963000000000000e+06 5.623973193213731533e-28
3.147267500000000000e+06 2.371292610010477460e-30
3.970272000000000000e+06 8.645435097428153135e-34
5.004197000000000000e+06 2.259587496192712158e-39
6.286264000000000000e+06 4.462352639009756550e-49
7.940544000000000000e+06 8.508892040291826748e-67
1.000839400000000000e+07 9.999999999999999821e-201
