1.211760009765625000e+03 5.629483921776264586e-11
1.526073364257812500e+03 3.332738997530458282e-11
1.923100463867187500e+03 1.985479174494357725e-11
2.423520019531250000e+03 1.208074065733743418e-11
3.056282226562500000e+03 7.504183252999622965e-12
3.850336669921875000e+03 4.777180808633375035e-12
4.838769042968750000e+03 3.105890725267667064e-12
6.120835937500000000e+03 2.054689328280533299e-12
7.692401855468750000e+03 1.321320453417589320e-12
9.718894531250000000e+03 8.771543564110401543e-13
1.224167187500000000e+04 5.454603173777570051e-13
1.542616113281250000e+04 3.077041644513768942e-13
1.943778906250000000e+04 1.562173958796270749e-13
2.448334375000000000e+04 7.082685974036464322e-14
3.085232226562500000e+04 2.840606751994007829e-14
3.891693750000000000e+04 9.897056349504737940e-15
4.921482812500000000e+04 2.834890374969177758e-15
6.162192968750000000e+04 6.779425927524524051e-16
7.775115625000000000e+04 1.177937852963153312e-16
9.801609375000000000e+04 1.452428160745079435e-17
1.236574296875000000e+05 1.210827862791691485e-18
1.559158906250000000e+05 6.722555685261152009e-20
1.964457500000000000e+05 2.571931855193118215e-21
2.473148593750000000e+05 7.567554322381022090e-23
3.118317812500000000e+05 1.942192198237364366e-24
3.928915000000000000e+05 5.139477493251410329e-26
4.962840000000000000e+05 1.361309490270038181e-27
6.244907500000000000e+05 3.173502849424265950e-29
7.857830000000000000e+05 4.390668055190097832e-31
9.925680000000000000e+05 2.270569103179616594e-33
1.248981500000000000e+06 3.218164673856218132e-36
1.571566000000000000e+06 6.139979953857411237e-40
1.981000250000000000e+06 3.782224909218993218e-45
2.497963000000000000e+06 2.666271169168809115e-53
3.147267500000000000e+06 2.047236297112761866e-67
3.970272000000000000e+06 5.070810318681268213e-93
5.004197000000000000e+06 1.121517640127384788e-137
6.286264000000000000e+06 9.999999999999999821e-201
7.940544000000000000e+06 9.999999999999999821e-201
1.000839400000000000e+07 9.999999999999999821e-201
