1.211760009765625000e+03 8.456680493110802595e-11
1.526073364257812500e+03 4.756817382231900933e-11
1.923100463867187500e+03 2.660385143678138159e-11
2.423520019531250000e+03 1.475870624668042129e-11
3.056282226562500000e+03 8.196786951040436205e-12
3.850336669921875000e+03 4.545357360422054874e-12
4.838769042968750000e+03 2.554341820761771749e-12
6.120835937500000000e+03 1.454133769574520083e-12
7.692401855468750000e+03 8.581073215336601991e-13
9.718894531250000000e+03 5.219582199665297519e-13
1.224167187500000000e+04 2.631410271784068140e-13
1.542616113281250000e+04 1.804011835460765939e-13
1.943778906250000000e+04 1.124248766223854126e-13
2.448334375000000000e+04 6.354541993579392527e-14
3.085232226562500000e+04 3.218572389979130172e-14
3.891693750000000000e+04 1.434778488594430803e-14
4.921482812500000000e+04 5.417022683177337789e-15
6.162192968750000000e+04 1.738799737651030794e-15
7.775115625000000000e+04 4.165797453386411280e-16
9.801609375000000000e+04 7.202271960441104419e-17
1.236574296875000000e+05 8.535792587087976219e-18
1.559158906250000000e+05 6.883347879973477891e-19
1.964457500000000000e+05 3.678969815561838957e-20
2.473148593750000000e+05 1.428136857846488526e-21
3.118317812500000000e+05 4.465534289012588779e-23
3.928915000000000000e+05 1.380098494957796572e-24
4.962840000000000000e+05 4.642991377417327062e-26
6.244907500000000000e+05 1.733751972041822128e-27
7.857830000000000000e+05 4.976510587281270291e-29
9.925680000000000000e+05 7.126437937625238753e-31
1.248981500000000000e+06 3.879250684804112626e-33
1.571566000000000000e+06 4.868025392409236116e-36
1.981000250000000000e+06 6.461361032760733661e-40
2.497963000000000000e+06 1.590449354411148090e-45
3.147267500000000000e+06 1.208725666964167109e-54
3.970272000000000000e+06 5.320702752997096409e-71
5.004197000000000000e+06 2.119165245220971879e-100
6.286264000000000000e+06 6.882181655694170541e-150
7.940544000000000000e+06 9.999999999999999821e-201
1.000839400000000000e+07 9.999999999999999821e-201
