1.211760009765625000e+03 1.544371695354550513e-11
1.526073364257812500e+03 1.008722189163521663e-11
1.923100463867187500e+03 6.607800268368708238e-12
2.423520019531250000e+03 4.296840604010644208e-12
3.056282226562500000e+03 2.785046394438104683e-12
3.850336669921875000e+03 1.803042315753839826e-12
4.838769042968750000e+03 1.163377710322604485e-12
6.120835937500000000e+03 7.421685534459670096e-13
7.692401855468750000e+03 4.747877260088311097e-13
9.718894531250000000e+03 3.012478774645921970e-13
1.224167187500000000e+04 1.898434712360557729e-13
1.542616113281250000e+04 1.193327611353609672e-13
1.943778906250000000e+04 7.504166896841370391e-14
2.448334375000000000e+04 4.690570878630706770e-14
3.085232226562500000e+04 2.913955973532586323e-14
3.891693750000000000e+04 1.793764723523174722e-14
4.921482812500000000e+04 1.093283661525924197e-14
6.162192968750000000e+04 6.643573292688322984e-15
7.775115625000000000e+04 3.954950002909672530e-15
9.801609375000000000e+04 2.301554623040022279e-15
1.236574296875000000e+05 1.308502016582905706e-15
1.559158906250000000e+05 7.112766386638645802e-16
1.964457500000000000e+05 3.668379737250637430e-16
2.473148593750000000e+05 1.766312413126526850e-16
3.118317812500000000e+05 7.816413809628969473e-17
3.928915000000000000e+05 3.179010043943500581e-17
4.962840000000000000e+05 1.187816227866074576e-17
6.244907500000000000e+05 4.265281395145334671e-18
7.857830000000000000e+05 1.509807492820976000e-18
9.925680000000000000e+05 5.432929166827551673e-19
1.248981500000000000e+06 2.102096915304918269e-19
1.571566000000000000e+06 8.713658436510322206e-20
1.981000250000000000e+06 3.739380834380969405e-20
2.497963000000000000e+06 1.586705672355142003e-20
3.147267500000000000e+06 6.248869791110300768e-21
3.970272000000000000e+06 2.136084614781311674e-21
5.004197000000000000e+06 6.081734120141369430e-22
6.286264000000000000e+06 1.319814316298768863e-22
7.940544000000000000e+06 1.670137033577720764e-23
1.000839400000000000e+07 9.999999999999999821e-201
