1.211760009765625000e+03 1.444734811783289141e-07
1.526073364257812500e+03 8.465354842391909193e-08
1.923100463867187500e+03 4.928383098023215901e-08
2.423520019531250000e+03 2.852105792227355325e-08
3.056282226562500000e+03 1.639424473321721230e-08
3.850336669921875000e+03 9.367980727503648209e-09
4.838769042968750000e+03 5.333447411934727336e-09
6.120835937500000000e+03 2.983468271327641617e-09
7.692401855468750000e+03 1.651947377270395982e-09
9.718894531250000000e+03 9.006379841724921578e-10
1.224167187500000000e+04 4.820051769694663589e-10
1.542616113281250000e+04 2.523594456796977774e-10
1.943778906250000000e+04 1.288202383532231523e-10
2.448334375000000000e+04 6.340272972427334791e-11
3.085232226562500000e+04 3.016285531131557177e-11
3.891693750000000000e+04 1.367409510865632239e-11
4.921482812500000000e+04 5.886912023601129706e-12
6.162192968750000000e+04 2.779934923890858503e-13
7.775115625000000000e+04 2.140752753868538602e-13
9.801609375000000000e+04 1.612466412548998025e-13
1.236574296875000000e+05 1.175607280523704445e-13
1.559158906250000000e+05 8.130968783902055236e-14
1.964457500000000000e+05 5.247682185440286965e-14
2.473148593750000000e+05 3.132644660237082351e-14
3.118317812500000000e+05 1.695764351919504568e-14
3.928915000000000000e+05 8.346195750548735384e-15
4.962840000000000000e+05 3.725661472425748477e-15
6.244907500000000000e+05 1.580963582990995411e-15
7.857830000000000000e+05 6.732256361431238355e-16
9.925680000000000000e+05 2.823412007957625502e-16
1.248981500000000000e+06 1.267776279152888662e-16
1.571566000000000000e+06 6.077122300141319364e-17
1.981000250000000000e+06 3.004859599056136337e-17
2.497963000000000000e+06 1.462129607170234081e-17
3.147267500000000000e+06 6.610076137417255632e-18
3.970272000000000000e+06 2.570248154371008476e-18
5.004197000000000000e+06 8.164330218164750901e-19
6.286264000000000000e+06 1.914153776042284874e-19
7.940544000000000000e+06 2.474976825776938443e-20
1.000839400000000000e+07 9.999999999999999821e-201
