1.211760009765625000e+03 1.818373125175519001e-09
1.526073364257812500e+03 1.236179153386668820e-09
1.923100463867187500e+03 8.554040727460679916e-10
2.423520019531250000e+03 5.959531098606068251e-10
3.056282226562500000e+03 4.177569591657156281e-10
3.850336669921875000e+03 2.939742906120391572e-10
4.838769042968750000e+03 2.070999462879918180e-10
6.120835937500000000e+03 1.447351963032500235e-10
7.692401855468750000e+03 1.012357300084945451e-10
9.718894531250000000e+03 7.018764980102870169e-11
1.224167187500000000e+04 4.832379267826874672e-11
1.542616113281250000e+04 3.315885739744866283e-11
1.943778906250000000e+04 2.250474043520163014e-11
2.448334375000000000e+04 1.520434392417040495e-11
3.085232226562500000e+04 1.013549903837421200e-11
3.891693750000000000e+04 6.683406036253371193e-12
4.921482812500000000e+04 4.325078221421238794e-12
6.162192968750000000e+04 2.803493694432306991e-12
7.775115625000000000e+04 1.756142937071818222e-12
9.801609375000000000e+04 1.074977608365998650e-12
1.236574296875000000e+05 6.348279314828005013e-13
1.559158906250000000e+05 3.582021383178473661e-13
1.964457500000000000e+05 1.894163379316065220e-13
2.473148593750000000e+05 9.247541438289241493e-14
3.118317812500000000e+05 4.088003348377377049e-14
3.928915000000000000e+05 1.656813052218110691e-14
4.962840000000000000e+05 6.174551316660651483e-15
6.244907500000000000e+05 2.176059729738817376e-15
7.857830000000000000e+05 7.536661992852250371e-16
9.925680000000000000e+05 2.658407410089971868e-16
1.248981500000000000e+06 1.010310145340348408e-16
1.571566000000000000e+06 4.095045488402919765e-17
1.981000250000000000e+06 1.713882882424611340e-17
2.497963000000000000e+06 7.015599460413230398e-18
3.147267500000000000e+06 2.687375216523736649e-18
3.970272000000000000e+06 8.909035832380591806e-19
5.004197000000000000e+06 2.435461217622027583e-19
6.286264000000000000e+06 5.076208908841418626e-20
7.940544000000000000e+06 6.159102635139556009e-21
1.000839400000000000e+07 9.999999999999999821e-201
