1.211760009765625000e+03 8.170224452843425912e-15
1.526073364257812500e+03 5.498524874263902024e-15
1.923100463867187500e+03 3.680591835944090373e-15
2.423520019531250000e+03 2.459785563165513915e-15
3.056282226562500000e+03 1.634486447799667461e-15
3.850336669921875000e+03 1.081825389452304238e-15
4.838769042968750000e+03 7.173642717806945436e-16
6.120835937500000000e+03 4.684774010512642901e-16
7.692401855468750000e+03 3.080146611417506809e-16
9.718894531250000000e+03 2.002896194473347891e-16
1.224167187500000000e+04 1.293925926988078081e-16
1.542616113281250000e+04 8.424026807204797326e-17
1.943778906250000000e+04 5.450131943974577206e-17
2.448334375000000000e+04 3.503650983615544320e-17
3.085232226562500000e+04 2.233073689315562800e-17
3.891693750000000000e+04 1.403953361293493083e-17
4.921482812500000000e+04 8.605423665145197611e-18
6.162192968750000000e+04 5.203738431970661589e-18
7.775115625000000000e+04 3.017021512772326458e-18
9.801609375000000000e+04 1.669905911047647226e-18
1.236574296875000000e+05 8.563457399032197513e-19
1.559158906250000000e+05 3.959485033750125966e-19
1.964457500000000000e+05 1.598032586289528801e-19
2.473148593750000000e+05 5.526410527262111612e-20
3.118317812500000000e+05 1.601175752711246302e-20
3.928915000000000000e+05 3.958681542652139990e-21
4.962840000000000000e+05 8.562035815619381146e-22
6.244907500000000000e+05 1.808422923033456315e-22
7.857830000000000000e+05 3.998545984546441072e-23
9.925680000000000000e+05 9.714128173228073553e-24
1.248981500000000000e+06 2.779765743104731389e-24
1.571566000000000000e+06 8.740144039344679274e-25
1.981000250000000000e+06 2.625761833766330732e-25
2.497963000000000000e+06 6.648704175805997481e-26
3.147267500000000000e+06 1.236294073111382390e-26
3.970272000000000000e+06 1.462920306349860149e-27
5.004197000000000000e+06 9.061393361170482398e-29
6.286264000000000000e+06 1.908991986674177606e-30
7.940544000000000000e+06 3.795515093492086167e-33
1.000839400000000000e+07 9.999999999999999821e-201
