1.211760009765625000e+03 8.257406725968281327e-14
1.526073364257812500e+03 5.666645239124490099e-14
1.923100463867187500e+03 3.884633174397281156e-14
2.423520019531250000e+03 2.652832025084831841e-14
3.056282226562500000e+03 1.807317341071536151e-14
3.850336669921875000e+03 1.230772363362403615e-14
4.838769042968750000e+03 8.358853253792442432e-15
6.120835937500000000e+03 5.646385517933659174e-15
7.692401855468750000e+03 3.806041035764308030e-15
9.718894531250000000e+03 2.546317642586270971e-15
1.224167187500000000e+04 1.700588361184331066e-15
1.542616113281250000e+04 1.123855084487879173e-15
1.943778906250000000e+04 7.431998105419878333e-16
2.448334375000000000e+04 4.854971869093790652e-16
3.085232226562500000e+04 3.119594359966591422e-16
3.891693750000000000e+04 1.967016450783232097e-16
4.921482812500000000e+04 1.210926066235415495e-16
6.162192968750000000e+04 7.364968506539121335e-17
7.775115625000000000e+04 4.284170548136703941e-17
9.801609375000000000e+04 2.375207786521187932e-17
1.236574296875000000e+05 1.228092727768183334e-17
1.559158906250000000e+05 5.727798738143385827e-18
1.964457500000000000e+05 2.324766231888189701e-18
2.473148593750000000e+05 8.115052746503532172e-19
3.118317812500000000e+05 2.368991025941201232e-19
3.928915000000000000e+05 5.898827447219277010e-20
4.962840000000000000e+05 1.285655851178178289e-20
6.244907500000000000e+05 2.738259810585071157e-21
7.857830000000000000e+05 6.101947778500557824e-22
9.925680000000000000e+05 1.496500826686486681e-22
1.248981500000000000e+06 4.354146340969358251e-23
1.571566000000000000e+06 1.374172935665752918e-23
1.981000250000000000e+06 4.169148560483945209e-24
2.497963000000000000e+06 1.068108257046318404e-24
3.147267500000000000e+06 2.005618374042107025e-25
3.970272000000000000e+06 2.395331051056364198e-26
5.004197000000000000e+06 1.499660601273714861e-27
6.286264000000000000e+06 3.177294881930309041e-29
7.940544000000000000e+06 6.398154014743802141e-32
1.000839400000000000e+07 9.999999999999999821e-201
