1.211760009765625000e+03 2.578104362406387110e-13
1.526073364257812500e+03 1.780097980876803264e-13
1.923100463867187500e+03 1.232095774505804422e-13
2.423520019531250000e+03 8.469135103557211714e-14
3.056282226562500000e+03 5.826868756059482977e-14
3.850336669921875000e+03 3.997953995749224078e-14
4.838769042968750000e+03 2.734807323517285411e-14
6.120835937500000000e+03 1.852693985600025402e-14
7.692401855468750000e+03 1.256609366391087573e-14
9.718894531250000000e+03 8.424502264851880234e-15
1.224167187500000000e+04 5.591119716320048358e-15
1.542616113281250000e+04 3.605060230289512158e-15
1.943778906250000000e+04 2.230357699454859089e-15
2.448334375000000000e+04 1.289733104372216000e-15
3.085232226562500000e+04 6.940602840244874351e-16
3.891693750000000000e+04 3.431799460896412397e-16
4.921482812500000000e+04 1.536049963947618767e-16
6.162192968750000000e+04 6.257167163555518213e-17
7.775115625000000000e+04 2.070751834799917734e-17
9.801609375000000000e+04 5.437263121507733613e-18
1.236574296875000000e+05 1.058104478288653443e-18
1.559158906250000000e+05 1.468284415803682209e-19
1.964457500000000000e+05 1.423007210106664548e-20
2.473148593750000000e+05 9.825862646589966264e-22
3.118317812500000000e+05 5.121645046581700565e-23
3.928915000000000000e+05 2.399255573099788938e-24
4.962840000000000000e+05 1.168569107272336851e-25
6.244907500000000000e+05 7.312199270619472949e-27
7.857830000000000000e+05 5.514118748678433333e-28
9.925680000000000000e+05 3.715148104694500978e-29
1.248981500000000000e+06 1.735366154888979225e-30
1.571566000000000000e+06 3.815310334706448965e-32
1.981000250000000000e+06 2.607048554548394615e-34
2.497963000000000000e+06 3.353297807189122332e-37
3.147267500000000000e+06 2.640244573228276889e-41
3.970272000000000000e+06 6.504736507572227484e-48
5.004197000000000000e+06 1.498982411326281722e-59
6.286264000000000000e+06 3.519847277821055292e-80
7.940544000000000000e+06 1.201827961828468330e-116
1.000839400000000000e+07 9.999999999999999821e-201
