1.211760009765625000e+03 1.037469050185758470e-12
1.526073364257812500e+03 5.340293942630408529e-13
1.923100463867187500e+03 2.660385143678137533e-13
2.423520019531250000e+03 1.264142960310378245e-13
3.056282226562500000e+03 5.777488512364064400e-14
3.850336669921875000e+03 2.453646275822562920e-14
4.838769042968750000e+03 9.854037790552588271e-15
6.120835937500000000e+03 3.646259439744731230e-15
7.692401855468750000e+03 1.276182721007771054e-15
9.718894531250000000e+03 1.666385063377295218e-16
1.224167187500000000e+04 1.189625688559005783e-16
1.542616113281250000e+04 8.278630580381328043e-17
1.943778906250000000e+04 5.517561816497559181e-17
2.448334375000000000e+04 3.452073736609648290e-17
3.085232226562500000e+04 2.007147307854598587e-17
3.891693750000000000e+04 1.072908732554977265e-17
4.921482812500000000e+04 5.164839140521858300e-18
6.162192968750000000e+04 2.246425588227308464e-18
7.775115625000000000e+04 7.964430133845835807e-19
9.801609375000000000e+04 2.232067964774138379e-19
1.236574296875000000e+05 4.600454253428928146e-20
1.559158906250000000e+05 6.730820242659044624e-21
1.964457500000000000e+05 6.822165317218393489e-22
2.473148593750000000e+05 4.912931323294983132e-23
3.118317812500000000e+05 2.649808634138795435e-24
3.928915000000000000e+05 1.288270233831906363e-25
4.962840000000000000e+05 6.460202800581030651e-27
6.244907500000000000e+05 4.220862993609614373e-28
7.857830000000000000e+05 3.335340895651890491e-29
9.925680000000000000e+05 2.368406916742744493e-30
1.248981500000000000e+06 1.170734152287234593e-31
1.571566000000000000e+06 2.746648471913979119e-33
1.981000250000000000e+06 2.002765777004065047e-35
2.497963000000000000e+06 2.776712663871535079e-38
3.147267500000000000e+06 2.361460984750757821e-42
3.970272000000000000e+06 6.282352353467193537e-49
5.004197000000000000e+06 1.562995895083987652e-60
6.286264000000000000e+06 3.956914406689564774e-81
7.940544000000000000e+06 1.458963246684791829e-117
1.000839400000000000e+07 9.999999999999999821e-201
