1.211760009765625000e+03 7.261037890255667917e-13
1.526073364257812500e+03 4.944716613546674302e-13
1.923100463867187500e+03 3.358834340690982617e-13
2.423520019531250000e+03 2.272966406469398805e-13
3.056282226562500000e+03 1.530787911836547067e-13
3.850336669921875000e+03 1.030860305741300899e-13
4.838769042968750000e+03 6.923383915228430478e-14
6.120835937500000000e+03 4.583845248511044717e-14
7.692401855468750000e+03 3.055860669334439276e-14
9.718894531250000000e+03 2.010232436358155042e-14
1.224167187500000000e+04 1.303611113552258498e-14
1.542616113281250000e+04 8.352072707424198312e-15
1.943778906250000000e+04 5.150051443951082294e-15
2.448334375000000000e+04 3.013149570274450371e-15
3.085232226562500000e+04 1.648442870463896850e-15
3.891693750000000000e+04 8.365818439684465707e-16
4.921482812500000000e+04 3.888228201484292186e-16
6.162192968750000000e+04 1.666903096300738067e-16
7.775115625000000000e+04 5.978469155033783610e-17
9.801609375000000000e+04 1.742311784786809260e-17
1.236574296875000000e+05 3.830039681952028514e-18
1.559158906250000000e+05 6.197018176748442850e-19
1.964457500000000000e+05 7.100799003791517761e-20
2.473148593750000000e+05 5.840473849716562259e-21
3.118317812500000000e+05 3.578924415759110267e-22
3.928915000000000000e+05 1.916452224478790162e-23
4.962840000000000000e+05 1.023626665553533507e-24
6.244907500000000000e+05 6.898939266856497302e-26
7.857830000000000000e+05 5.836650421399447722e-27
9.925680000000000000e+05 4.924595972871793870e-28
1.248981500000000000e+06 3.335982445657965744e-29
1.571566000000000000e+06 1.253508563398544976e-30
1.981000250000000000e+06 1.802628642655619086e-32
2.497963000000000000e+06 6.771189195584438677e-35
3.147267500000000000e+06 3.105639385815987339e-38
3.970272000000000000e+06 2.183233283321834784e-43
5.004197000000000000e+06 3.288200809796385199e-52
6.286264000000000000e+06 8.038537933847011692e-68
7.940544000000000000e+06 7.154205441407489848e-96
1.000839400000000000e+07 9.999999999999999821e-201
