1.211760009765625000e+03 1.718736241604257683e-11
1.526073364257812500e+03 1.157063687569921993e-11
1.923100463867187500e+03 7.761418605007900730e-12
2.423520019531250000e+03 5.193554421031671641e-12
3.056282226562500000e+03 3.461248712475636222e-12
3.850336669921875000e+03 2.299615048327719712e-12
4.838769042968750000e+03 1.522287535281579308e-12
6.120835937500000000e+03 9.931036050874809940e-13
7.692401855468750000e+03 6.450694625544718321e-13
9.718894531250000000e+03 4.043139239690083901e-13
1.224167187500000000e+04 2.417740580596000218e-13
1.542616113281250000e+04 1.334159872939706928e-13
1.943778906250000000e+04 6.669120434962677756e-14
2.448334375000000000e+04 3.021938176649722927e-14
3.085232226562500000e+04 1.215367513338852520e-14
3.891693750000000000e+04 4.290417185582680002e-15
4.921482812500000000e+04 1.267383037059737855e-15
6.162192968750000000e+04 3.186254338598929058e-16
7.775115625000000000e+04 5.911012328991552912e-17
9.801609375000000000e+04 7.996502377946051095e-18
1.236574296875000000e+05 7.428328044901272463e-19
1.559158906250000000e+05 4.653264234838491076e-20
1.964457500000000000e+05 2.033490509739428503e-21
2.473148593750000000e+05 6.685789829303222217e-23
3.118317812500000000e+05 1.845718722200095614e-24
3.928915000000000000e+05 5.221338459440876671e-26
4.962840000000000000e+05 1.598661726361515154e-27
6.244907500000000000e+05 5.085499822441345626e-29
7.857830000000000000e+05 1.123481513743611206e-30
9.925680000000000000e+05 1.112221922830906087e-32
1.248981500000000000e+06 3.700126445465895191e-35
1.571566000000000000e+06 2.325730785472368830e-38
1.981000250000000000e+06 9.822176479882810645e-43
2.497963000000000000e+06 2.725317180920956441e-49
3.147267500000000000e+06 2.552921192760356602e-60
3.970272000000000000e+06 2.562218351307020591e-80
5.004197000000000000e+06 6.350601805266987361e-116
6.286264000000000000e+06 1.216727476196220749e-174
7.940544000000000000e+06 9.999999999999999821e-201
1.000839400000000000e+07 9.999999999999999821e-201
