1.211760009765625000e+03 8.593681208021287770e-11
1.526073364257812500e+03 5.735871271714141786e-11
1.923100463867187500e+03 3.892480918183942773e-11
2.423520019531250000e+03 2.677731895735753431e-11
3.056282226562500000e+03 1.861470420261504653e-11
3.850336669921875000e+03 1.308469209781019529e-11
4.838769042968750000e+03 9.214664835242279789e-12
6.120835937500000000e+03 6.424522087232590205e-12
7.692401855468750000e+03 4.442095101423010585e-12
9.718894531250000000e+03 3.006436870538781176e-12
1.224167187500000000e+04 1.927658030475189212e-12
1.542616113281250000e+04 1.132917880932041720e-12
1.943778906250000000e+04 6.062836759056979640e-13
2.448334375000000000e+04 2.889397028551050207e-13
3.085232226562500000e+04 1.233060433465846058e-13
3.891693750000000000e+04 4.587588938696632433e-14
4.921482812500000000e+04 1.422524086793980754e-14
6.162192968750000000e+04 3.714667805643802472e-15
7.775115625000000000e+04 7.077659499187253379e-16
9.801609375000000000e+04 9.722619631335288804e-17
1.236574296875000000e+05 9.020112625951543881e-18
1.559158906250000000e+05 5.674712481510356468e-19
1.964457500000000000e+05 2.432081672778053769e-20
2.473148593750000000e+05 7.701867310960246212e-22
3.118317812500000000e+05 2.047351859919433568e-23
3.928915000000000000e+05 5.572481104374034406e-25
4.962840000000000000e+05 1.637973080288437489e-26
6.244907500000000000e+05 4.939364770072341273e-28
7.857830000000000000e+05 1.041275549323347049e-29
9.925680000000000000e+05 9.846321541631661045e-32
1.248981500000000000e+06 3.100767120415220914e-34
1.571566000000000000e+06 1.824636564714855932e-37
1.981000250000000000e+06 7.275686281394675543e-42
2.497963000000000000e+06 1.905076087634066668e-48
3.147267500000000000e+06 1.742099039285060249e-59
3.970272000000000000e+06 1.641911351653886758e-79
5.004197000000000000e+06 3.836821924015471512e-115
6.286264000000000000e+06 6.918646433272626687e-174
7.940544000000000000e+06 9.999999999999999821e-201
1.000839400000000000e+07 9.999999999999999821e-201
