1.211760009765625000e+03 1.054905504810729025e-11
1.526073364257812500e+03 7.041276457690465401e-12
1.923100463867187500e+03 4.692950784423382250e-12
2.423520019531250000e+03 3.113641739227620268e-12
3.056282226562500000e+03 2.058973913127447491e-12
3.850336669921875000e+03 1.355480079593511291e-12
4.838769042968750000e+03 8.872227966365032195e-13
6.120835937500000000e+03 5.737931940505443903e-13
7.692401855468750000e+03 3.688870279877369477e-13
9.718894531250000000e+03 2.295555245977887030e-13
1.224167187500000000e+04 1.361340417002252207e-13
1.542616113281250000e+04 7.445953704283616355e-14
1.943778906250000000e+04 3.693666702440867428e-14
2.448334375000000000e+04 1.648811882347479858e-14
3.085232226562500000e+04 6.587210262665226478e-15
3.891693750000000000e+04 2.309272164823001067e-15
4.921482812500000000e+04 6.802338334501417538e-16
6.162192968750000000e+04 1.711428691772197593e-16
7.775115625000000000e+04 3.188835598534916476e-17
9.801609375000000000e+04 4.297679692111974805e-18
1.236574296875000000e+05 4.019256067151939179e-19
1.559158906250000000e+05 2.530921766753618616e-20
1.964457500000000000e+05 1.107948317598891136e-21
2.473148593750000000e+05 3.657878933965288683e-23
3.118317812500000000e+05 1.012043248937447534e-24
3.928915000000000000e+05 2.885476517059431270e-26
4.962840000000000000e+05 8.845054633557563744e-28
6.244907500000000000e+05 2.829174613863920844e-29
7.857830000000000000e+05 6.284189280126865837e-31
9.925680000000000000e+05 6.276385590019134335e-33
1.248981500000000000e+06 2.103873549157467087e-35
1.571566000000000000e+06 1.318095667644761463e-38
1.981000250000000000e+06 5.589049916162272764e-43
2.497963000000000000e+06 1.561104016255693561e-49
3.147267500000000000e+06 1.479615592705474800e-60
3.970272000000000000e+06 1.495498874436342638e-80
5.004197000000000000e+06 3.742318920960903508e-116
6.286264000000000000e+06 7.236745119859876354e-175
7.940544000000000000e+06 9.999999999999999821e-201
1.000839400000000000e+07 9.999999999999999821e-201
