1.211760009765625000e+03 6.638307367935285166e-13
1.526073364257812500e+03 4.371129486375260228e-13
1.923100463867187500e+03 2.872274225917989588e-13
2.423520019531250000e+03 1.874417699957032995e-13
3.056282226562500000e+03 1.219638704788222771e-13
3.850336669921875000e+03 7.915077099656299213e-14
4.838769042968750000e+03 5.108458395495059915e-14
6.120835937500000000e+03 3.241943602080637955e-14
7.692401855468750000e+03 2.076588257987900692e-14
9.718894531250000000e+03 1.284712946659777807e-14
1.224167187500000000e+04 7.693673748171672419e-15
1.542616113281250000e+04 4.312893209080365650e-15
1.943778906250000000e+04 2.220007472537643277e-15
2.448334375000000000e+04 1.038596433235590712e-15
3.085232226562500000e+04 4.389560127794398409e-16
3.891693750000000000e+04 1.651971565273080241e-16
4.921482812500000000e+04 5.277103844062831098e-17
6.162192968750000000e+04 1.449222116988714125e-17
7.775115625000000000e+04 2.996253538648991634e-18
9.801609375000000000e+04 4.556434527711088341e-19
1.236574296875000000e+05 4.795427534529821583e-20
1.559158906250000000e+05 3.426908829916611006e-21
1.964457500000000000e+05 1.686071385896017687e-22
2.473148593750000000e+05 6.156601333044412087e-24
3.118317812500000000e+05 1.853880939142205705e-25
3.928915000000000000e+05 5.666247206610953813e-27
4.962840000000000000e+05 1.907218362419990231e-28
6.244907500000000000e+05 7.324823789386975074e-30
7.857830000000000000e+05 2.215776948006023904e-31
9.925680000000000000e+05 3.430167110336543327e-33
1.248981500000000000e+06 2.049576060755194599e-35
1.571566000000000000e+06 2.783274270603037069e-38
1.981000250000000000e+06 3.860328089799808444e-42
2.497963000000000000e+06 9.248432220473772708e-48
3.147267500000000000e+06 5.752718756620508422e-57
3.970272000000000000e+06 1.531883711967796318e-73
5.004197000000000000e+06 2.327259317195009543e-103
6.286264000000000000e+06 1.658117124078814150e-153
7.940544000000000000e+06 9.999999999999999821e-201
1.000839400000000000e+07 9.999999999999999821e-201
