1.211760009765625000e+03 6.737944251506546851e-11
1.526073364257812500e+03 3.678869160478725988e-11
1.923100463867187500e+03 1.985479178025277044e-11
2.423520019531250000e+03 1.071096498391059138e-11
3.056282226562500000e+03 5.826870116022984700e-12
3.850336669921875000e+03 3.249395825565072886e-12
4.838769042968750000e+03 1.883860957197997408e-12
6.120835937500000000e+03 1.144073509218044799e-12
7.692401855468750000e+03 7.337571563683363755e-13
9.718894531250000000e+03 4.860140253146165780e-13
1.224167187500000000e+04 3.278694243471921470e-13
1.542616113281250000e+04 2.278318053277114715e-13
1.943778906250000000e+04 1.574002430126376312e-13
2.448334375000000000e+04 1.086952615818491827e-13
3.085232226562500000e+04 7.361038804736935019e-14
3.891693750000000000e+04 4.962003484318711256e-14
4.921482812500000000e+04 3.243008745908776168e-14
6.162192968750000000e+04 2.117883748360837489e-14
7.775115625000000000e+04 1.327477432634316286e-14
9.801609375000000000e+04 8.028365844323408097e-15
1.236574296875000000e+05 4.593673421870930100e-15
1.559158906250000000e+05 2.432153010220347526e-15
1.964457500000000000e+05 1.165772300629937568e-15
2.473148593750000000e+05 4.977939629432648135e-16
3.118317812500000000e+05 1.859363283997287881e-16
3.928915000000000000e+05 6.124466927930192291e-17
4.962840000000000000e+05 1.780411007147268120e-17
6.244907500000000000e+05 5.026482681972766008e-18
7.857830000000000000e+05 1.411956232518183342e-18
9.925680000000000000e+05 4.187935970322648420e-19
1.248981500000000000e+06 1.401304099069981632e-19
1.571566000000000000e+06 5.139000796859029668e-20
1.981000250000000000e+06 1.893859803632761872e-20
2.497963000000000000e+06 6.475711750322353133e-21
3.147267500000000000e+06 1.839408846143131600e-21
3.970272000000000000e+06 3.996565805489051607e-22
5.004197000000000000e+06 5.835752361148276450e-23
6.286264000000000000e+06 4.716073216957744228e-24
7.940544000000000000e+06 1.093910635154053608e-25
1.000839400000000000e+07 9.999999999999999821e-201
