1.211760009765625000e+03 3.088743390709100461e-12
1.526073364257812500e+03 1.602088182789122862e-12
1.923100463867187500e+03 8.161653538127620953e-13
2.423520019531250000e+03 4.078884921198510043e-13
3.056282226562500000e+03 2.024566244675219163e-13
3.850336669921875000e+03 1.022876173430397543e-13
4.838769042968750000e+03 5.423166469325092863e-14
6.120835937500000000e+03 3.074946489859860440e-14
7.692401855468750000e+03 1.918412121449672922e-14
9.718894531250000000e+03 1.210267562720531003e-14
1.224167187500000000e+04 8.470811031981948234e-15
1.542616113281250000e+04 5.614178519329209008e-15
1.943778906250000000e+04 3.453709319913384642e-15
2.448334375000000000e+04 1.945488955471012849e-15
3.085232226562500000e+04 9.943512712366239203e-16
3.891693750000000000e+04 4.564481100558548002e-16
4.921482812500000000e+04 1.816751345020637876e-16
6.162192968750000000e+04 6.286565440757082675e-17
7.775115625000000000e+04 1.668389783510738986e-17
9.801609375000000000e+04 3.317378900629731697e-18
1.236574296875000000e+05 4.593663751738298956e-19
1.559158906250000000e+05 4.348567510175285119e-20
1.964457500000000000e+05 2.794233322689070668e-21
2.473148593750000000e+05 1.276169902583990294e-22
3.118317812500000000e+05 4.608068112189352572e-24
3.928915000000000000e+05 1.621744032744592798e-25
4.962840000000000000e+05 6.300397018205441206e-27
6.244907500000000000e+05 3.065918560922782068e-28
7.857830000000000000e+05 1.408468370946085675e-29
9.925680000000000000e+05 4.002105993463795161e-31
1.248981500000000000e+06 5.441324336976551671e-33
1.571566000000000000e+06 2.181060169670756358e-35
1.981000250000000000e+06 1.430159456185178889e-38
2.497963000000000000e+06 4.961656700365670877e-43
3.147267500000000000e+06 5.442679220429820412e-50
3.970272000000000000e+06 3.261324980401921185e-62
5.004197000000000000e+06 2.444304692262494494e-84
6.286264000000000000e+06 1.615672313272009034e-122
7.940544000000000000e+06 2.899579912024958005e-186
1.000839400000000000e+07 9.999999999999999821e-201
