1.211760009765625000e+03 2.540740531067163641e-13
1.526073364257812500e+03 1.691093081832962331e-13
1.923100463867187500e+03 1.122227361492547805e-13
2.423520019531250000e+03 7.410493215612561039e-14
3.056282226562500000e+03 4.898521317876949225e-14
3.850336669921875000e+03 3.221935597635831488e-14
4.838769042968750000e+03 2.111353350423796816e-14
6.120835937500000000e+03 1.370302379589793677e-14
7.692401855468750000e+03 8.894680365041334279e-15
9.718894531250000000e+03 5.692804879115329216e-15
1.224167187500000000e+04 3.622902964837202006e-15
1.542616113281250000e+04 2.258867799054948149e-15
1.943778906250000000e+04 1.372874178388343955e-15
2.448334375000000000e+04 7.927933208604602916e-16
3.085232226562500000e+04 4.324599449948498629e-16
3.891693750000000000e+04 2.191092931616078828e-16
4.921482812500000000e+04 1.019359867968668462e-16
6.162192968750000000e+04 4.374442211534037418e-17
7.775115625000000000e+04 1.584546453436457808e-17
9.801609375000000000e+04 4.676111794034793651e-18
1.236574296875000000e+05 1.056322511177367382e-18
1.559158906250000000e+05 1.747187241155733529e-19
1.964457500000000000e+05 2.053212536840940135e-20
2.473148593750000000e+05 1.742072560785643922e-21
3.118317812500000000e+05 1.101678709308267894e-22
3.928915000000000000e+05 6.030358645228448380e-24
4.962840000000000000e+05 3.261653359387242584e-25
6.244907500000000000e+05 2.209770947653734508e-26
7.857830000000000000e+05 1.885797613558652711e-27
9.925680000000000000e+05 1.659357479339988893e-28
1.248981500000000000e+06 1.192135105718641052e-29
1.571566000000000000e+06 4.960900913834805298e-31
1.981000250000000000e+06 8.376720325095819786e-33
2.497963000000000000e+06 3.911010435168997318e-35
3.147267500000000000e+06 2.542820430578510212e-38
3.970272000000000000e+06 3.489738067026789700e-43
5.004197000000000000e+06 1.950310360093730287e-51
6.286264000000000000e+06 5.177876672187071907e-66
7.940544000000000000e+06 2.703012975050668911e-92
1.000839400000000000e+07 9.999999999999999821e-201
