1.211760009765625000e+03 1.581735526693773599e-12
1.526073364257812500e+03 1.077948221753175188e-12
1.923100463867187500e+03 7.306249465381553322e-13
2.423520019531250000e+03 4.944480347223842066e-13
3.056282226562500000e+03 3.328229201863976778e-13
3.850336669921875000e+03 2.238108547749464518e-13
4.838769042968750000e+03 1.503208736933929057e-13
6.120835937500000000e+03 9.956873405652457185e-14
7.692401855468750000e+03 6.622030756352356622e-14
9.718894531250000000e+03 4.346951551715781185e-14
1.224167187500000000e+04 2.842210070057467962e-14
1.542616113281250000e+04 1.812788863947458616e-14
1.943778906250000000e+04 1.121300376065872636e-14
2.448334375000000000e+04 6.623996825610427013e-15
3.085232226562500000e+04 3.645530114832617792e-15
3.891693750000000000e+04 1.863688240684940352e-15
4.921482812500000000e+04 8.708438607149551516e-16
6.162192968750000000e+04 3.754791038230733720e-16
7.775115625000000000e+04 1.362573351123160987e-16
9.801609375000000000e+04 4.041404098999600579e-17
1.236574296875000000e+05 9.129644560890104225e-18
1.559158906250000000e+05 1.512611176370936176e-18
1.964457500000000000e+05 1.791894577606638313e-19
2.473148593750000000e+05 1.520856997511276463e-20
3.118317812500000000e+05 9.600836400868292061e-22
3.928915000000000000e+05 5.252517654928524452e-23
4.962840000000000000e+05 2.838062014012275924e-24
6.244907500000000000e+05 1.917706458312966505e-25
7.857830000000000000e+05 1.630960098212888878e-26
9.925680000000000000e+05 1.422306410862847584e-27
1.248981500000000000e+06 1.017491109339477045e-28
1.571566000000000000e+06 4.223351043459365145e-30
1.981000250000000000e+06 7.045456703748074294e-32
2.497963000000000000e+06 3.263624748801432695e-34
3.147267500000000000e+06 2.103772298680062694e-37
3.970272000000000000e+06 2.862768177018586845e-42
5.004197000000000000e+06 1.584627167576155654e-50
6.286264000000000000e+06 4.149394319492380314e-65
7.940544000000000000e+06 2.143860290996070103e-91
1.000839400000000000e+07 9.999999999999999821e-201
