1.211760009765625000e+03 4.919571126331027514e-14
1.526073364257812500e+03 3.233844665259525588e-14
1.923100463867187500e+03 2.118890822398517080e-14
2.423520019531250000e+03 1.382461759551250778e-14
3.056282226562500000e+03 8.987206450137146033e-15
3.850336669921875000e+03 5.801051927616824692e-15
4.838769042968750000e+03 3.742428390706877596e-15
6.120835937500000000e+03 2.400493736907300206e-15
7.692401855468750000e+03 1.539916027956495178e-15
9.718894531250000000e+03 9.776773596741545197e-16
1.224167187500000000e+04 6.184551525833203571e-16
1.542616113281250000e+04 3.853362716034911322e-16
1.943778906250000000e+04 2.321666804290236205e-16
2.448334375000000000e+04 1.340446601718015338e-16
3.085232226562500000e+04 7.291060229665237902e-17
3.891693750000000000e+04 3.686164702091835843e-17
4.921482812500000000e+04 1.701183355815261235e-17
6.162192968750000000e+04 7.295654885678184427e-18
7.775115625000000000e+04 2.632942490516183736e-18
9.801609375000000000e+04 7.746024523082568149e-19
1.236574296875000000e+05 1.742932143442656469e-19
1.559158906250000000e+05 2.871534586158729018e-20
1.964457500000000000e+05 3.372246045356938222e-21
2.473148593750000000e+05 2.848150377157480937e-22
3.118317812500000000e+05 1.795839902320687872e-23
3.928915000000000000e+05 9.785741490870022464e-25
4.962840000000000000e+05 5.270686597451369298e-26
6.244907500000000000e+05 3.554369728769722575e-27
7.857830000000000000e+05 3.019824556847302588e-28
9.925680000000000000e+05 2.645795796551318097e-29
1.248981500000000000e+06 1.905897525703050364e-30
1.571566000000000000e+06 7.946221817735396496e-32
1.981000250000000000e+06 1.331263621347746895e-33
2.497963000000000000e+06 6.180197377075923134e-36
3.147267500000000000e+06 4.006314203573335795e-39
3.970272000000000000e+06 5.477114322147131052e-44
5.004197000000000000e+06 3.037983445530618668e-52
6.286264000000000000e+06 8.015069369275879380e-67
7.940544000000000000e+06 4.134019844195140968e-93
1.000839400000000000e+07 9.999999999999999821e-201
