1.211760009765625000e+03 1.189415297631932063e-12
1.526073364257812500e+03 8.059888080081080707e-13
1.923100463867187500e+03 5.446334187942854922e-13
2.423520019531250000e+03 3.667882776467056923e-13
3.056282226562500000e+03 2.459136709982582314e-13
3.850336669921875000e+03 1.646244465945315255e-13
4.838769042968750000e+03 1.100897684932939645e-13
6.120835937500000000e+03 7.270489244226423741e-14
7.692401855468750000e+03 4.819584514978342700e-14
9.718894531250000000e+03 3.140324430598945825e-14
1.224167187500000000e+04 2.037120522315867481e-14
1.542616113281250000e+04 1.300272640632470141e-14
1.943778906250000000e+04 7.978483445084092966e-15
2.448334375000000000e+04 4.694170978779043032e-15
3.085232226562500000e+04 2.573315375175965895e-15
3.891693750000000000e+04 1.309618763724552920e-15
4.921482812500000000e+04 6.116159207812009788e-16
6.162192968750000000e+04 2.633517486539040809e-16
7.775115625000000000e+04 9.561918253495867962e-17
9.801609375000000000e+04 2.836754800259335010e-17
1.236574296875000000e+05 6.413386675005445849e-18
1.559158906250000000e+05 1.059636706441672025e-18
1.964457500000000000e+05 1.256814946793545195e-19
2.473148593750000000e+05 1.064599898257893403e-20
3.118317812500000000e+05 6.722887839456933137e-22
3.928915000000000000e+05 3.680107911096418305e-23
4.962840000000000000e+05 1.990879323262342972e-24
6.244907500000000000e+05 1.344598781115988039e-25
7.857830000000000000e+05 1.146768819055937430e-26
9.925680000000000000e+05 1.001731934532435523e-27
1.248981500000000000e+06 7.190776720481230193e-29
1.571566000000000000e+06 2.985320903900591286e-30
1.981000250000000000e+06 4.987118335356558748e-32
2.497963000000000000e+06 2.315905496593245169e-34
3.147267500000000000e+06 1.500081117319696731e-37
3.970272000000000000e+06 2.046524357951303524e-42
5.004197000000000000e+06 1.134555546016064127e-50
6.286264000000000000e+06 2.986145313685969437e-65
7.940544000000000000e+06 1.544957416131901796e-91
1.000839400000000000e+07 9.999999999999999821e-201
