1.211760009765625000e+03 3.811110796600744855e-12
1.526073364257812500e+03 2.610810371952644080e-12
1.923100463867187500e+03 1.789285583358747546e-12
2.423520019531250000e+03 1.233006434194358855e-12
3.056282226562500000e+03 8.444023642711275503e-13
3.850336669921875000e+03 5.761855630808603773e-13
4.838769042968750000e+03 3.929549810242220560e-13
6.120835937500000000e+03 2.661738435174419505e-13
7.692401855468750000e+03 1.802446241374014427e-13
9.718894531250000000e+03 1.205080163269250751e-13
1.224167187500000000e+04 8.002102171492269724e-14
1.542616113281250000e+04 5.220072644874879832e-14
1.943778906250000000e+04 3.284835076039126914e-14
2.448334375000000000e+04 1.971551811087197931e-14
3.085232226562500000e+04 1.107955230978540807e-14
3.891693750000000000e+04 5.769649098926351977e-15
4.921482812500000000e+04 2.740795406591254644e-15
6.162192968750000000e+04 1.195041548513514199e-15
7.775115625000000000e+04 4.371162630169538865e-16
9.801609375000000000e+04 1.295321826602435916e-16
1.236574296875000000e+05 2.942612709708380665e-17
1.559158906250000000e+05 4.885653211379921775e-18
1.964457500000000000e+05 5.773882527843612770e-19
2.473148593750000000e+05 4.894394337445380840e-20
3.118317812500000000e+05 3.085160857832976782e-21
3.928915000000000000e+05 1.681140204841772738e-22
4.962840000000000000e+05 9.076957400892141141e-24
6.244907500000000000e+05 6.061715816506503712e-25
7.857830000000000000e+05 5.122234058449855038e-26
9.925680000000000000e+05 4.427502214460153434e-27
1.248981500000000000e+06 3.128405500357197779e-28
1.571566000000000000e+06 1.290712273157020118e-29
1.981000250000000000e+06 2.140262283551377565e-31
2.497963000000000000e+06 9.810896484127005616e-34
3.147267500000000000e+06 6.219848535228011517e-37
3.970272000000000000e+06 8.387200981430487317e-42
5.004197000000000000e+06 4.575728152527597745e-50
6.286264000000000000e+06 1.180981460163215741e-64
7.940544000000000000e+06 5.989028748641678710e-91
1.000839400000000000e+07 9.999999999999999821e-201
