1.211760009765625000e+03 5.629483921776264586e-11
1.526073364257812500e+03 3.728316326614192710e-11
1.923100463867187500e+03 2.456343805224947514e-11
2.423520019531250000e+03 1.612872052809792454e-11
3.056282226562500000e+03 1.051786900257693794e-11
3.850336669921875000e+03 6.858367528710224704e-12
4.838769042968750000e+03 4.456975768422487408e-12
6.120835937500000000e+03 2.853560425903565626e-12
7.692401855468750000e+03 1.818999392851064779e-12
9.718894531250000000e+03 1.140185479843155436e-12
1.224167187500000000e+04 6.964166719391898744e-13
1.542616113281250000e+04 4.031644647797170100e-13
1.943778906250000000e+04 2.164411550631165060e-13
2.448334375000000000e+04 1.060374295041569885e-13
3.085232226562500000e+04 4.718037023279671886e-14
3.891693750000000000e+04 1.874735301084598457e-14
4.921482812500000000e+04 6.474798658235571046e-15
6.162192968750000000e+04 1.936607131736891706e-15
7.775115625000000000e+04 4.469246587326117525e-16
9.801609375000000000e+04 7.771282047406028581e-17
1.236574296875000000e+05 9.544742933497189457e-18
1.559158906250000000e+05 8.008399019573675721e-19
1.964457500000000000e+05 4.609881487696144143e-20
2.473148593750000000e+05 1.928096233252458441e-21
3.118317812500000000e+05 6.396179473253820928e-23
3.928915000000000000e+05 2.086415637073395140e-24
4.962840000000000000e+05 7.515500554680704903e-26
6.244907500000000000e+05 3.406730085529545549e-27
7.857830000000000000e+05 1.471486960465621969e-28
9.925680000000000000e+05 3.961558062583815298e-30
1.248981500000000000e+06 5.079203516524403821e-32
1.571566000000000000e+06 1.963378514119545642e-34
1.981000250000000000e+06 1.245365289330649531e-37
2.497963000000000000e+06 4.229476315831687069e-42
3.147267500000000000e+06 4.633590277745474549e-49
3.970272000000000000e+06 2.825809313425412031e-61
5.004197000000000000e+06 2.228279144942766085e-83
6.286264000000000000e+06 1.590889158278206272e-121
7.940544000000000000e+06 3.256952846400849070e-185
1.000839400000000000e+07 9.999999999999999821e-201
