1.211760009765625000e+03 8.282315946861097041e-12
1.526073364257812500e+03 5.340293942630408327e-12
1.923100463867187500e+03 3.429464034770933369e-12
2.423520019531250000e+03 2.198238743790952320e-12
3.056282226562500000e+03 1.397444567009049325e-12
3.850336669921875000e+03 8.857091779934349642e-13
4.838769042968750000e+03 5.579011626207169133e-13
6.120835937500000000e+03 3.493151555847467584e-13
7.692401855468750000e+03 2.164082878954642312e-13
9.718894531250000000e+03 1.323102936502485376e-13
1.224167187500000000e+04 7.863899668038167367e-14
1.542616113281250000e+04 4.425393381976935850e-14
1.943778906250000000e+04 2.322783127506615937e-14
2.448334375000000000e+04 1.119695933925014406e-14
3.085232226562500000e+04 4.911047628777476648e-15
3.891693750000000000e+04 1.942091060405003729e-15
4.921482812500000000e+04 6.680347821989082177e-16
6.162192968750000000e+04 2.004739365582646430e-16
7.775115625000000000e+04 4.642871994315765946e-17
9.801609375000000000e+04 8.088785788642460912e-18
1.236574296875000000e+05 9.947687226204194050e-19
1.559158906250000000e+05 8.413155648721803960e-20
1.964457500000000000e+05 4.860914638016230574e-21
2.473148593750000000e+05 2.046142941410771851e-22
3.118317812500000000e+05 6.818568683751714990e-24
3.928915000000000000e+05 2.238947328556567250e-25
4.962840000000000000e+05 8.130405145518216188e-27
6.244907500000000000e+05 3.718004915679453635e-28
7.857830000000000000e+05 1.611876175775063216e-29
9.925680000000000000e+05 4.393014881281064098e-31
1.248981500000000000e+06 5.718543819303700282e-33
1.571566000000000000e+06 2.232861839586934103e-35
1.981000250000000000e+06 1.437092816536894157e-38
2.497963000000000000e+06 5.010558385945988409e-43
3.147267500000000000e+06 5.586050501504267835e-50
3.970272000000000000e+06 3.484792512998927750e-62
5.004197000000000000e+06 2.804126564422357216e-84
6.286264000000000000e+06 2.049065235862329400e-122
7.940544000000000000e+06 4.290373165361943608e-186
1.000839400000000000e+07 9.999999999999999821e-201
