1.211760009765625000e+03 5.230936387491219520e-14
1.526073364257812500e+03 3.510748795618139496e-14
1.923100463867187500e+03 2.354323135998352101e-14
2.423520019531250000e+03 1.569280916247365604e-14
3.056282226562500000e+03 1.036976390031181541e-14
3.850336669921875000e+03 6.858544292326048314e-15
4.838769042968750000e+03 4.550905025131970647e-15
6.120835937500000000e+03 2.977339595682772182e-15
7.692401855468750000e+03 1.943186672649134682e-15
9.718894531250000000e+03 1.254247794697193790e-15
1.224167187500000000e+04 7.924076890834684789e-16
1.542616113281250000e+04 4.789187237545263192e-16
1.943778906250000000e+04 2.710843430148831193e-16
2.448334375000000000e+04 1.413723270760426737e-16
3.085232226562500000e+04 6.723768457692251397e-17
3.891693750000000000e+04 2.897967500925629186e-17
4.921482812500000000e+04 1.092050143551088737e-17
6.162192968750000000e+04 3.599020789903381954e-18
7.775115625000000000e+04 9.264985346052074640e-19
9.801609375000000000e+04 1.789151710381688029e-19
1.236574296875000000e+05 2.451315769046169497e-20
1.559158906250000000e+05 2.310546097202337883e-21
1.964457500000000000e+05 1.488790064447825444e-22
2.473148593750000000e+05 6.926641691328729458e-24
3.118317812500000000e+05 2.534665948327124134e-25
3.928915000000000000e+05 8.945936927888140021e-27
4.962840000000000000e+05 3.473612835859590303e-28
6.244907500000000000e+05 1.703364603541412577e-29
7.857830000000000000e+05 8.198573333526727920e-31
9.925680000000000000e+05 2.577997769797470446e-32
1.248981500000000000e+06 4.075676835498066665e-34
1.571566000000000000e+06 2.029206882347658811e-36
1.981000250000000000e+06 1.825897219663848380e-39
2.497963000000000000e+06 1.073562249521204849e-43
3.147267500000000000e+06 3.243947763929555565e-50
3.970272000000000000e+06 1.442625603313912407e-61
5.004197000000000000e+06 4.193694651196336411e-82
6.286264000000000000e+06 1.015248934096927829e-117
7.940544000000000000e+06 1.246742525120150350e-177
1.000839400000000000e+07 9.999999999999999821e-201
