1.211760009765625000e+03 4.197203720439383271e-13
1.526073364257812500e+03 2.343795674821123199e-13
1.923100463867187500e+03 1.294877724799093592e-13
2.423520019531250000e+03 6.912308797756253577e-14
3.056282226562500000e+03 3.619541399489789878e-14
3.850336669921875000e+03 1.834170702176337485e-14
4.838769042968750000e+03 8.883615973716519081e-15
6.120835937500000000e+03 4.109220764289446165e-15
7.692401855468750000e+03 1.779303459293183103e-15
9.718894531250000000e+03 7.134393667766012656e-16
1.224167187500000000e+04 1.892843292914516389e-18
1.542616113281250000e+04 1.310085639256041166e-18
1.943778906250000000e+04 8.475142431285702631e-19
2.448334375000000000e+04 5.046260176283810550e-19
3.085232226562500000e+04 2.739313075356103741e-19
3.891693750000000000e+04 1.328235104590913813e-19
4.921482812500000000e+04 5.652632608329211530e-20
6.162192968750000000e+04 2.098649785281322541e-20
7.775115625000000000e+04 6.033539237550987092e-21
9.801609375000000000e+04 1.304551401596534722e-21
1.236574296875000000e+05 1.992496194473392183e-22
1.559158906250000000e+05 2.082582519050267668e-23
1.964457500000000000e+05 1.482386666321168113e-24
2.473148593750000000e+05 7.580824517731998163e-26
3.118317812500000000e+05 3.030578851260692330e-27
3.928915000000000000e+05 1.154451860694135900e-28
4.962840000000000000e+05 4.828103375628738950e-30
6.244907500000000000e+05 2.562203899444646091e-31
7.857830000000000000e+05 1.344788612399745621e-32
9.925680000000000000e+05 4.619077167937274186e-34
1.248981500000000000e+06 7.939520155637606048e-36
1.571566000000000000e+06 4.341693357957527560e-38
1.981000250000000000e+06 4.296228752150232369e-41
2.497963000000000000e+06 2.783093440334862632e-45
3.147267500000000000e+06 9.314062140373497928e-52
3.970272000000000000e+06 4.574178742214845340e-63
5.004197000000000000e+06 1.473121439508428823e-83
6.286264000000000000e+06 3.957750082072770527e-119
7.940544000000000000e+06 5.386229036017566549e-179
1.000839400000000000e+07 9.999999999999999821e-201
