1.211760009765625000e+03 8.556317376682064290e-14
1.526073364257812500e+03 5.538082607172276273e-14
1.923100463867187500e+03 3.570723422930834041e-14
2.423520019531250000e+03 2.291648262718376253e-14
3.056282226562500000e+03 1.466567061119158132e-14
3.850336669921875000e+03 9.326996634068241786e-15
4.838769042968750000e+03 5.921015009074699518e-15
6.120835937500000000e+03 3.713100142879757543e-15
7.692401855468750000e+03 2.317568840707947561e-15
9.718894531250000000e+03 1.424950623442888066e-15
1.224167187500000000e+04 8.534063791767247007e-16
1.542616113281250000e+04 4.836367543555186839e-16
1.943778906250000000e+04 2.545760988402471662e-16
2.448334375000000000e+04 1.228361776020103777e-16
3.085232226562500000e+04 5.364557677321252101e-17
3.891693750000000000e+04 2.108984737207945651e-17
4.921482812500000000e+04 7.194545635552340413e-18
6.162192968750000000e+04 2.123461676612716897e-18
7.775115625000000000e+04 4.794668759859962282e-19
9.801609375000000000e+04 8.080782097292792774e-20
1.236574296875000000e+05 9.544904328407944107e-21
1.559158906250000000e+05 7.694138571567393904e-22
1.964457500000000000e+05 4.239108551782587770e-23
2.473148593750000000e+05 1.694442173556726132e-24
3.118317812500000000e+05 5.466649275015361188e-26
3.928915000000000000e+05 1.734751756781725666e-27
4.962840000000000000e+05 6.088472138812312427e-29
6.244907500000000000e+05 2.624721025870209469e-30
7.857830000000000000e+05 1.016181619810681647e-31
9.925680000000000000e+05 2.309266579597687751e-33
1.248981500000000000e+06 2.357275878230493379e-35
1.571566000000000000e+06 6.653230595097955949e-38
1.981000250000000000e+06 2.704350300195021542e-41
2.497963000000000000e+06 4.403588866745084079e-46
3.147267500000000000e+06 1.185024141571873819e-53
3.970272000000000000e+06 4.731207941957767751e-67
5.004197000000000000e+06 2.788587949277579905e-91
6.286264000000000000e+06 8.337136950007140417e-133
7.940544000000000000e+06 9.999999999999999821e-201
1.000839400000000000e+07 9.999999999999999821e-201
