1.211760009765625000e+03 5.641938532222671251e-14
1.526073364257812500e+03 3.214065798805338069e-14
1.923100463867187500e+03 1.804981070932069965e-14
2.423520019531250000e+03 9.963688098775545429e-15
3.056282226562500000e+03 5.382350493669636861e-15
3.850336669921875000e+03 2.864720394749532386e-15
4.838769042968750000e+03 1.477137428579688330e-15
6.120835937500000000e+03 7.352430084245346693e-16
7.692401855468750000e+03 3.505566313675887266e-16
9.718894531250000000e+03 1.579902610213863168e-16
1.224167187500000000e+04 6.577134645486833425e-17
1.542616113281250000e+04 3.148676786168741753e-19
1.943778906250000000e+04 2.120522515952170732e-19
2.448334375000000000e+04 1.302274662256270360e-19
3.085232226562500000e+04 7.239161475344292648e-20
3.891693750000000000e+04 3.596481218523695030e-20
4.921482812500000000e+04 1.542981170895187464e-20
6.162192968750000000e+04 5.703512767761429293e-21
7.775115625000000000e+04 1.606946844188874208e-21
9.801609375000000000e+04 3.361136901337726054e-22
1.236574296875000000e+05 4.873993699612566851e-23
1.559158906250000000e+05 4.776361347024953154e-24
1.964457500000000000e+05 3.168175865016460934e-25
2.473148593750000000e+05 1.516079839498123598e-26
3.118317812500000000e+05 5.752487145604398524e-28
3.928915000000000000e+05 2.109833217707503844e-29
4.962840000000000000e+05 8.468927411129908495e-31
6.244907500000000000e+05 4.081877882614267573e-32
7.857830000000000000e+05 1.717771386805279668e-33
9.925680000000000000e+05 4.177527388786094631e-35
1.248981500000000000e+06 4.551981006238193974e-37
1.571566000000000000e+06 1.367866989481677848e-39
1.981000250000000000e+06 5.979468000431203740e-43
2.497963000000000000e+06 1.043625107147678662e-47
3.147267500000000000e+06 2.993484783511414247e-55
3.970272000000000000e+06 1.275992444952246557e-68
5.004197000000000000e+06 8.009512523916222129e-93
6.286264000000000000e+06 2.554929065324768279e-134
7.940544000000000000e+06 9.999999999999999821e-201
1.000839400000000000e+07 9.999999999999999821e-201
