1.211760009765625000e+03 2.117283775889302966e-12
1.526073364257812500e+03 1.414188951474348725e-12
1.923100463867187500e+03 9.417292543993409413e-13
2.423520019531250000e+03 6.227305061734717605e-13
3.056282226562500000e+03 4.118238818092181441e-13
3.850336669921875000e+03 2.711883054947573025e-13
4.838769042968750000e+03 1.779420826411396839e-13
6.120835937500000000e+03 1.153274150338149369e-13
7.692401855468750000e+03 7.478541469175226168e-14
9.718894531250000000e+03 4.739707830641589819e-14
1.224167187500000000e+04 2.918024525814580933e-14
1.542616113281250000e+04 1.696087228816228562e-14
1.943778906250000000e+04 9.071754078939766996e-15
2.448334375000000000e+04 4.469969786663416142e-15
3.085232226562500000e+04 1.972322506643389760e-15
3.891693750000000000e+04 7.804262360875780063e-16
4.921482812500000000e+04 2.669674166651497355e-16
6.162192968750000000e+04 7.932270064702049209e-17
7.775115625000000000e+04 1.805852316759483918e-17
9.801609375000000000e+04 3.056643662889012445e-18
1.236574296875000000e+05 3.637033177362407785e-19
1.559158906250000000e+05 2.937762000053004884e-20
1.964457500000000000e+05 1.621273095243164822e-21
2.473148593750000000e+05 6.518332571959845891e-23
3.118317812500000000e+05 2.097335375447069690e-24
3.928915000000000000e+05 6.642067537227328077e-26
4.962840000000000000e+05 2.327047621977136707e-27
6.244907500000000000e+05 9.974859240172252286e-29
7.857830000000000000e+05 3.845011534418795273e-30
9.925680000000000000e+05 8.739932540838468878e-32
1.248981500000000000e+06 8.825269297808744182e-34
1.571566000000000000e+06 2.456577450497707223e-36
1.981000250000000000e+06 9.920481000715405692e-40
2.497963000000000000e+06 1.597255499354069159e-44
3.147267500000000000e+06 4.255201510445976036e-52
3.970272000000000000e+06 1.677428270330481153e-65
5.004197000000000000e+06 9.778484615087902704e-90
6.286264000000000000e+06 2.888414543325054361e-131
7.940544000000000000e+06 6.507298478741538570e-200
1.000839400000000000e+07 9.999999999999999821e-201
