1.211760009765625000e+03 1.190660758676572788e-11
1.526073364257812500e+03 5.607308639761930116e-12
1.923100463867187500e+03 2.581907705811525956e-12
2.423520019531250000e+03 1.189415297631932063e-12
3.056282226562500000e+03 5.777489860802452085e-13
3.850336669921875000e+03 3.073011251197848872e-13
4.838769042968750000e+03 1.849552231156312158e-13
6.120835937500000000e+03 1.205712841543996240e-13
7.692401855468750000e+03 8.279117847251890615e-14
9.718894531250000000e+03 5.744735244065481856e-14
1.224167187500000000e+04 4.004998173754872253e-14
1.542616113281250000e+04 2.775414927962973955e-14
1.943778906250000000e+04 1.919896881907649540e-14
2.448334375000000000e+04 1.314566526050165455e-14
3.085232226562500000e+04 8.912055114990082437e-15
3.891693750000000000e+04 5.925529965170914480e-15
4.921482812500000000e+04 3.810500628928460036e-15
6.162192968750000000e+04 2.432301518686782289e-15
7.775115625000000000e+04 1.473734737554209064e-15
9.801609375000000000e+04 8.460293211560000125e-16
1.236574296875000000e+05 4.483376312392049676e-16
1.559158906250000000e+05 2.141388285978213147e-16
1.964457500000000000e+05 8.942161391875051114e-17
2.473148593750000000e+05 3.197103495250521502e-17
3.118317812500000000e+05 9.558905968266286864e-18
3.928915000000000000e+05 2.441509055461336163e-18
4.962840000000000000e+05 5.434569902995154763e-19
6.244907500000000000e+05 1.188849060397168104e-19
7.857830000000000000e+05 2.720589816181315885e-20
9.925680000000000000e+05 6.823386648576885798e-21
1.248981500000000000e+06 2.033639869777359592e-21
1.571566000000000000e+06 6.601354464737626405e-22
1.981000250000000000e+06 2.050143915080771987e-22
2.497963000000000000e+06 5.366774276016786437e-23
3.147267500000000000e+06 1.028450528429774702e-23
3.970272000000000000e+06 1.254013386680451988e-24
5.004197000000000000e+06 7.958984546828787646e-26
6.286264000000000000e+06 1.710842401787118407e-27
7.940544000000000000e+06 3.414210019385041472e-30
1.000839400000000000e+07 9.999999999999999821e-201
