1.211760009765625000e+03 6.364305938114316251e-14
1.526073364257812500e+03 4.341461186693979959e-14
1.923100463867187500e+03 2.942903919997940442e-14
2.423520019531250000e+03 1.998964976648429954e-14
3.056282226562500000e+03 1.348080967520572063e-14
3.850336669921875000e+03 9.093604722932410584e-15
4.838769042968750000e+03 6.113191185609396654e-15
6.120835937500000000e+03 4.068365824537692250e-15
7.692401855468750000e+03 2.727087893132290445e-15
9.718894531250000000e+03 1.801282408906113715e-15
1.224167187500000000e+04 1.192083900170826768e-15
1.542616113281250000e+04 7.835138867804290627e-16
1.943778906250000000e+04 5.114432313150161349e-16
2.448334375000000000e+04 3.330954877477195835e-16
3.085232226562500000e+04 2.160018292027885093e-16
3.891693750000000000e+04 1.392509016679673554e-16
4.921482812500000000e+04 8.887401622367639610e-17
6.162192968750000000e+04 5.708662878148105717e-17
7.775115625000000000e+04 3.588414565531479315e-17
9.801609375000000000e+04 2.223389447539461214e-17
1.236574296875000000e+05 1.349020743274769525e-17
1.559158906250000000e+05 7.889113450494762170e-18
1.964457500000000000e+05 4.409177645866325383e-18
2.473148593750000000e+05 2.325662036486984252e-18
3.118317812500000000e+05 1.137172089085445343e-18
3.928915000000000000e+05 5.171248425313168693e-19
4.962840000000000000e+05 2.174530602548957430e-19
6.244907500000000000e+05 8.813604409548157012e-20
7.857830000000000000e+05 3.528696972116177658e-20
9.925680000000000000e+05 1.425524582695309188e-20
1.248981500000000000e+06 6.176128813698892537e-21
1.571566000000000000e+06 2.844122581269682814e-21
1.981000250000000000e+06 1.341420687912371542e-21
2.497963000000000000e+06 6.296543189949798308e-22
3.147267500000000000e+06 2.774451017802923536e-22
3.970272000000000000e+06 1.080306463513059696e-22
5.004197000000000000e+06 3.542499849840126101e-23
6.286264000000000000e+06 9.126299919802192673e-24
7.940544000000000000e+06 1.478452523450316016e-24
1.000839400000000000e+07 9.999999999999999821e-201
