1.211760009765625000e+03 2.154647607228526087e-09
1.526073364257812500e+03 1.275736886295041888e-09
1.923100463867187500e+03 7.518138547621405139e-10
2.423520019531250000e+03 4.384022877135497664e-10
3.056282226562500000e+03 2.538145118335435961e-10
3.850336669921875000e+03 1.454192824227553506e-10
4.838769042968750000e+03 8.296473751898466255e-11
6.120835937500000000e+03 4.635471363715674042e-11
7.692401855468750000e+03 2.570133194246978454e-11
9.718894531250000000e+03 1.383571229599437540e-11
1.224167187500000000e+04 7.347280294744703002e-12
1.542616113281250000e+04 3.805079924564130884e-12
1.943778906250000000e+04 1.901420207468572861e-12
2.448334375000000000e+04 9.173979237414084709e-13
3.085232226562500000e+04 4.198139389246069698e-13
3.891693750000000000e+04 1.819493825661562526e-13
4.921482812500000000e+04 1.193020692358503677e-15
6.162192968750000000e+04 9.782895305706091773e-16
7.775115625000000000e+04 7.854233921494923674e-16
9.801609375000000000e+04 6.194726573962147978e-16
1.236574296875000000e+05 4.758173939457518743e-16
1.559158906250000000e+05 3.534929680702460611e-16
1.964457500000000000e+05 2.491685814211196810e-16
2.473148593750000000e+05 1.648351844582899426e-16
3.118317812500000000e+05 1.006365652121998824e-16
3.928915000000000000e+05 5.663176929809317099e-17
4.962840000000000000e+05 2.935299326472790825e-17
6.244907500000000000e+05 1.454892786723207177e-17
7.857830000000000000e+05 7.040981400176002151e-18
9.925680000000000000e+05 3.407762907744999784e-18
1.248981500000000000e+06 1.732102291360666813e-18
1.571566000000000000e+06 9.243398389126466844e-19
1.981000250000000000e+06 4.994829211529253888e-19
2.497963000000000000e+06 2.599862994559915711e-19
3.147267500000000000e+06 1.232440346855614404e-19
3.970272000000000000e+06 4.924048797780520970e-20
5.004197000000000000e+06 1.577317451388669327e-20
6.286264000000000000e+06 3.944342306802313560e-21
7.940544000000000000e+06 6.184376568681057735e-22
1.000839400000000000e+07 9.999999999999999821e-201
