1.211760009765625000e+03 1.668917799818627386e-11
1.526073364257812500e+03 8.297234477531320032e-12
1.923100463867187500e+03 4.104370000423793354e-12
2.423520019531250000e+03 2.023874197541245554e-12
3.056282226562500000e+03 1.032047334109155749e-12
3.850336669921875000e+03 5.605109807669545554e-13
4.838769042968750000e+03 3.337303351327578477e-13
6.120835937500000000e+03 2.162398077648216110e-13
7.692401855468750000e+03 1.491069639410460634e-13
9.718894531250000000e+03 1.049712852086666424e-13
1.224167187500000000e+04 7.458229158255948463e-14
1.542616113281250000e+04 5.291897787118753176e-14
1.943778906250000000e+04 3.732992325683198032e-14
2.448334375000000000e+04 2.616739044228850769e-14
3.085232226562500000e+04 1.818706146560724686e-14
3.891693750000000000e+04 1.254027457009871540e-14
4.921482812500000000e+04 8.525880200440819785e-15
6.162192968750000000e+04 5.779725071652022889e-15
7.775115625000000000e+04 3.826421654061629503e-15
9.801609375000000000e+04 2.475093913298646171e-15
1.236574296875000000e+05 1.558171246108066773e-15
1.559158906250000000e+05 9.482107512613895168e-16
1.964457500000000000e+05 5.425869743419731151e-16
2.473148593750000000e+05 2.906213629547628091e-16
3.118317812500000000e+05 1.426212119149835303e-16
3.928915000000000000e+05 6.467060095693266540e-17
4.962840000000000000e+05 2.713408448661672840e-17
6.244907500000000000e+05 1.098460255454715433e-17
7.857830000000000000e+05 4.398561807102958137e-18
9.925680000000000000e+05 1.771361907491213152e-18
1.248981500000000000e+06 7.662114693686593982e-19
1.571566000000000000e+06 3.500458561562685318e-19
1.981000250000000000e+06 1.660488373331129788e-19
2.497963000000000000e+06 7.779277554034750200e-20
3.147267500000000000e+06 3.428637363053297498e-20
3.970272000000000000e+06 1.330985311400067904e-20
5.004197000000000000e+06 4.357016238671980269e-21
6.286264000000000000e+06 1.121867112092757418e-21
7.940544000000000000e+06 1.806997528661496824e-22
1.000839400000000000e+07 9.999999999999999821e-201
