1.211760009765625000e+03 5.230933405002165785e-10
1.526073364257812500e+03 2.867838691968873854e-10
1.923100463867187500e+03 1.545591832220415466e-10
2.423520019531250000e+03 8.148476713579184812e-11
3.056282226562500000e+03 4.216429586454886258e-11
3.850336669921875000e+03 2.139948319356377292e-11
4.838769042968750000e+03 1.060401190449559905e-11
6.120835937500000000e+03 5.123819506283983259e-12
7.692401855468750000e+03 2.444719044640924169e-12
9.718894531250000000e+03 7.731164439424948931e-13
1.224167187500000000e+04 4.563941218419442729e-13
1.542616113281250000e+04 2.413869605547214717e-13
1.943778906250000000e+04 1.135257726293713685e-13
2.448334375000000000e+04 4.723752744876606171e-14
3.085232226562500000e+04 1.709973834733263957e-14
3.891693750000000000e+04 5.244950377808799297e-15
4.921482812500000000e+04 1.298018488435516275e-15
6.162192968750000000e+04 2.673782264120204356e-16
7.775115625000000000e+04 3.930882418387154450e-17
9.801609375000000000e+04 4.129921825745544016e-18
1.236574296875000000e+05 2.996047611929284738e-19
1.559158906250000000e+05 1.503173069204238358e-20
1.964457500000000000e+05 5.462265307743370811e-22
2.473148593750000000e+05 1.546786802184985804e-23
3.118317812500000000e+05 3.450701838646235531e-25
3.928915000000000000e+05 6.314381624250774823e-27
4.962840000000000000e+05 7.887054972754405133e-29
6.244907500000000000e+05 5.738340875886417484e-31
7.857830000000000000e+05 1.576804592182144274e-33
9.925680000000000000e+05 8.667748470627445253e-37
1.248981500000000000e+06 5.155769099609048931e-41
1.571566000000000000e+06 5.311457841096529548e-47
1.981000250000000000e+06 2.038102620234253879e-56
2.497963000000000000e+06 2.138633757494909113e-72
3.147267500000000000e+06 5.702152912699403384e-100
3.970272000000000000e+06 9.195301507726122587e-147
5.004197000000000000e+06 9.999999999999999821e-201
6.286264000000000000e+06 9.999999999999999821e-201
7.940544000000000000e+06 9.999999999999999821e-201
1.000839400000000000e+07 9.999999999999999821e-201
