1.211760009765625000e+03 4.072657615975305711e-13
1.526073364257812500e+03 2.769041303586138074e-13
1.923100463867187500e+03 1.875610765012020503e-13
2.423520019531250000e+03 1.276597570756785648e-13
3.056282226562500000e+03 8.592164408372875822e-14
3.850336669921875000e+03 5.801092668077572237e-14
4.838769042968750000e+03 3.898717905707080126e-14
6.120835937500000000e+03 2.613576382488936799e-14
7.692401855468750000e+03 1.743983679046554034e-14
9.718894531250000000e+03 1.154890156305464385e-14
1.224167187500000000e+04 7.623476398888793603e-15
1.542616113281250000e+04 5.005707252070207224e-15
1.943778906250000000e+04 3.260448194692527152e-15
2.448334375000000000e+04 2.091320468393118483e-15
3.085232226562500000e+04 1.316347763607127420e-15
3.891693750000000000e+04 8.024175364934748983e-16
4.921482812500000000e+04 4.720281707966836785e-16
6.162192968750000000e+04 2.706176367128923173e-16
7.775115625000000000e+04 1.458408244781524072e-16
9.801609375000000000e+04 7.259867766676336159e-17
1.236574296875000000e+05 3.212895991301348521e-17
1.559158906250000000e+05 1.216575057136713744e-17
1.964457500000000000e+05 3.800166054543404961e-18
2.473148593750000000e+05 9.591670985237672124e-19
3.118317812500000000e+05 1.922202313691236824e-19
3.928915000000000000e+05 3.183917878063679752e-20
4.962840000000000000e+05 4.617389211370287094e-21
6.244907500000000000e+05 6.818009949250064147e-22
7.857830000000000000e+05 1.119210091271614992e-22
9.925680000000000000e+05 2.144938580242629616e-23
1.248981500000000000e+06 4.952086071200101397e-24
1.571566000000000000e+06 1.164624699601384336e-24
1.981000250000000000e+06 2.317669385586564761e-25
2.497963000000000000e+06 3.216452227600361752e-26
3.147267500000000000e+06 2.640329581085184866e-27
3.970272000000000000e+06 1.003577287053257451e-28
5.004197000000000000e+06 1.128945660876731623e-30
6.286264000000000000e+06 1.322182731933537257e-33
7.940544000000000000e+06 1.148736212917274208e-38
1.000839400000000000e+07 9.999999999999999821e-201
