1.211760009765625000e+03 4.745206580081321016e-10
1.526073364257812500e+03 2.739373003904857608e-10
1.923100463867187500e+03 1.600939732478879342e-10
2.423520019531250000e+03 9.403230887037785668e-11
3.056282226562500000e+03 5.728102686439210713e-11
3.850336669921875000e+03 3.578472931326126056e-11
4.838769042968750000e+03 2.326022639381598530e-11
6.120835937500000000e+03 1.551534015760073817e-11
7.692401855468750000e+03 1.067660900311615043e-11
9.718894531250000000e+03 7.246597916315390211e-12
1.224167187500000000e+04 5.075044471869720674e-12
1.542616113281250000e+04 3.418199089016125121e-12
1.943778906250000000e+04 2.172618922578381775e-12
2.448334375000000000e+04 1.278911422312430680e-12
3.085232226562500000e+04 6.899761963625637109e-13
3.891693750000000000e+04 3.360233196110612553e-13
4.921482812500000000e+04 1.450509321643326833e-13
6.162192968750000000e+04 5.564952785912505983e-14
7.775115625000000000e+04 1.671713693927116340e-14
9.801609375000000000e+04 3.869597726303245569e-15
1.236574296875000000e+05 6.387335241236092422e-16
1.559158906250000000e+05 7.262571871708322866e-17
1.964457500000000000e+05 5.590465246422275483e-18
2.473148593750000000e+05 3.074601306978132966e-19
3.118317812500000000e+05 1.272612677536254500e-20
3.928915000000000000e+05 4.836339192359734608e-22
4.962840000000000000e+05 1.944737572538958625e-23
6.244907500000000000e+05 1.024513623659033136e-24
7.857830000000000000e+05 6.241502971969094272e-26
9.925680000000000000e+05 2.936569046357559684e-27
1.248981500000000000e+06 8.450470775782716947e-29
1.571566000000000000e+06 9.827911705082616187e-31
1.981000250000000000e+06 2.939099775561555739e-33
2.497963000000000000e+06 1.171400847429065699e-36
3.147267500000000000e+06 1.282737149266421666e-41
3.970272000000000000e+06 7.154890528511682621e-50
5.004197000000000000e+06 1.263725943348386571e-64
6.286264000000000000e+06 1.235413016054538698e-90
7.940544000000000000e+06 8.720738879135908376e-136
1.000839400000000000e+07 9.999999999999999821e-201
