1.211760009765625000e+03 3.001561117584246885e-09
1.526073364257812500e+03 1.770208547649709995e-09
1.923100463867187500e+03 1.043749923625935973e-09
2.423520019531250000e+03 6.065395287400533093e-10
3.056282226562500000e+03 3.515843978832379844e-10
3.850336669921875000e+03 2.018372594307028108e-10
4.838769042968750000e+03 1.153313599879050691e-10
6.120835937500000000e+03 6.471439800398916357e-11
7.692401855468750000e+03 3.589870551276710548e-11
9.718894531250000000e+03 1.940270441141035497e-11
1.224167187500000000e+04 1.007674464877621576e-11
1.542616113281250000e+04 4.920589704816265142e-12
1.943778906250000000e+04 2.182911720068687069e-12
2.448334375000000000e+04 8.712087930202462497e-13
3.085232226562500000e+04 3.059404217594385146e-13
3.891693750000000000e+04 9.213798278054402320e-14
4.921482812500000000e+04 2.307142215964534007e-14
6.162192968750000000e+04 9.042187647236008289e-19
7.775115625000000000e+04 3.059846469624669632e-19
9.801609375000000000e+04 7.989941475223654248e-20
1.236574296875000000e+05 1.492399644962450426e-20
1.559158906250000000e+05 1.923142327274371062e-21
1.964457500000000000e+05 1.694961298627979758e-22
2.473148593750000000e+05 1.071782888573307273e-23
3.118317812500000000e+05 5.295084395424227222e-25
3.928915000000000000e+05 2.513347306360795368e-26
4.962840000000000000e+05 1.298288480170010958e-27
6.244907500000000000e+05 8.483163246142421006e-29
7.857830000000000000e+05 5.438618085518825154e-30
9.925680000000000000e+05 2.280430806252005636e-31
1.248981500000000000e+06 4.815485655969132345e-33
1.571566000000000000e+06 3.240898120212887468e-35
1.981000250000000000e+06 3.972489003508180410e-38
2.497963000000000000e+06 3.227137365853349844e-42
3.147267500000000000e+06 1.374960045233000242e-48
3.970272000000000000e+06 8.868859159127027604e-60
5.004197000000000000e+06 4.009181062321702687e-80
6.286264000000000000e+06 1.573274637517995651e-115
7.940544000000000000e+06 3.401559303825758025e-175
1.000839400000000000e+07 9.999999999999999821e-201
