1.211760009765625000e+03 2.889469623566578107e-14
1.526073364257812500e+03 1.869102879920643250e-14
1.923100463867187500e+03 1.208552543145820762e-14
2.423520019531250000e+03 7.784128573524423050e-15
3.056282226562500000e+03 4.987212698940854389e-15
3.850336669921875000e+03 3.173946694820205225e-15
4.838769042968750000e+03 2.027963369509923029e-15
6.120835937500000000e+03 1.279845780880126837e-15
7.692401855468750000e+03 8.078374382394909291e-16
9.718894531250000000e+03 4.982807357614771262e-16
1.224167187500000000e+04 2.975804334532107730e-16
1.542616113281250000e+04 1.666364659130087554e-16
1.943778906250000000e+04 8.586574403272245336e-17
2.448334375000000000e+04 4.001705921834811301e-17
3.085232226562500000e+04 1.695643673140225319e-17
3.891693750000000000e+04 6.409371414638148774e-18
4.921482812500000000e+04 2.067926935020380058e-18
6.162192968750000000e+04 5.737666090766541771e-19
7.775115625000000000e+04 1.202530834163569945e-19
9.801609375000000000e+04 1.855374773873510609e-20
1.236574296875000000e+05 1.985944902904033648e-21
1.559158906250000000e+05 1.451238249261461161e-22
1.964457500000000000e+05 7.239089057921066195e-24
2.473148593750000000e+05 2.660626610011867484e-25
3.118317812500000000e+05 8.035443150744996908e-27
3.928915000000000000e+05 2.444860771672926062e-28
4.962840000000000000e+05 8.228494612785028012e-30
6.244907500000000000e+05 3.187488644462251578e-31
7.857830000000000000e+05 9.929529669808984043e-33
9.925680000000000000e+05 1.597057148990749431e-34
1.248981500000000000e+06 1.019073479891538255e-36
1.571566000000000000e+06 1.509407056080193713e-39
1.981000250000000000e+06 2.406503000184902863e-43
2.497963000000000000e+06 7.522599263576269551e-49
3.147267500000000000e+06 8.088448027745386289e-58
3.970272000000000000e+06 6.236344125305259145e-74
5.004197000000000000e+06 5.992548438315496432e-103
6.286264000000000000e+06 6.880006242191281332e-152
7.940544000000000000e+06 9.999999999999999821e-201
1.000839400000000000e+07 9.999999999999999821e-201
