1.211760009765625000e+03 7.124037175345183833e-11
1.526073364257812500e+03 4.153561955379206656e-11
1.923100463867187500e+03 2.409257342504980144e-11
2.423520019531250000e+03 1.376233931799118246e-11
3.056282226562500000e+03 7.851156625065305577e-12
3.850336669921875000e+03 4.388667034813123930e-12
4.838769042968750000e+03 2.436048164296098355e-12
6.120835937500000000e+03 1.314237030270379820e-12
7.692401855468750000e+03 6.990900907841747679e-13
9.718894531250000000e+03 3.567750283246829125e-13
1.224167187500000000e+04 1.708541652145810968e-13
1.542616113281250000e+04 7.450572754764332884e-14
1.943778906250000000e+04 2.863936706457267515e-14
2.448334375000000000e+04 9.566578219386343192e-15
3.085232226562500000e+04 9.054737214568803140e-18
3.891693750000000000e+04 4.739150108898040896e-18
4.921482812500000000e+04 2.115938505651035646e-18
6.162192968750000000e+04 8.148969728049894339e-19
7.775115625000000000e+04 2.361149025506560755e-19
9.801609375000000000e+04 5.052644218150003193e-20
1.236574296875000000e+05 7.498152950476694355e-21
1.559158906250000000e+05 7.555801723574189238e-22
1.964457500000000000e+05 5.217136596915527614e-23
2.473148593750000000e+05 2.654446292683151953e-24
3.118317812500000000e+05 1.104241715998604632e-25
3.928915000000000000e+05 4.607018156471465979e-27
4.962840000000000000e+05 2.122467581003668198e-28
6.244907500000000000e+05 1.115621025561788271e-29
7.857830000000000000e+05 4.680267074702099404e-31
9.925680000000000000e+05 1.006020251332755204e-32
1.248981500000000000e+06 8.396986099436327758e-35
1.571566000000000000e+06 1.607694027173787595e-37
1.981000250000000000e+06 3.250890017793640645e-41
2.497963000000000000e+06 1.255333752109289949e-46
3.147267500000000000e+06 1.588802291164272446e-55
3.970272000000000000e+06 1.319226641891497192e-71
5.004197000000000000e+06 1.242898935354324876e-100
6.286264000000000000e+06 1.398224687174809230e-149
7.940544000000000000e+06 9.999999999999999821e-201
1.000839400000000000e+07 9.999999999999999821e-201
