1.211760009765625000e+03 3.163471053387546827e-10
1.526073364257812500e+03 1.809766280558082960e-10
1.923100463867187500e+03 1.020206692265952514e-10
2.423520019531250000e+03 5.729118630113976425e-11
3.056282226562500000e+03 3.194778827935379461e-11
3.850336669921875000e+03 1.767222172054213080e-11
4.838769042968750000e+03 9.781574470447248850e-12
6.120835937500000000e+03 5.379774011760994196e-12
7.692401855468750000e+03 3.009971224209641695e-12
9.718894531250000000e+03 1.701079248974226801e-12
1.224167187500000000e+04 9.742081870844656473e-13
1.542616113281250000e+04 5.575912513242984545e-13
1.943778906250000000e+04 2.680686642972798729e-13
2.448334375000000000e+04 1.566292708468156788e-13
3.085232226562500000e+04 8.240828251461494437e-14
3.891693750000000000e+04 3.834104081157095433e-14
4.921482812500000000e+04 1.512364474865651120e-14
6.162192968750000000e+04 5.069920468134229642e-15
7.775115625000000000e+04 1.263332954992064868e-15
9.801609375000000000e+04 2.286698060788754228e-16
1.236574296875000000e+05 2.819073008512555479e-17
1.559158906250000000e+05 2.312618371403748002e-18
1.964457500000000000e+05 1.266840585136186690e-19
2.473148593750000000e+05 5.006057036259262935e-21
3.118317812500000000e+05 1.566658727503741521e-22
3.928915000000000000e+05 4.842604312200119784e-24
4.962840000000000000e+05 1.648119068031354368e-25
6.244907500000000000e+05 6.349062747099608755e-27
7.857830000000000000e+05 1.902230122137563722e-28
9.925680000000000000e+05 2.867157716298353054e-30
1.248981500000000000e+06 1.681639405761614356e-32
1.571566000000000000e+06 2.202096185692189841e-35
1.981000250000000000e+06 3.113677127432220564e-39
2.497963000000000000e+06 8.650989153112709512e-45
3.147267500000000000e+06 8.268993742650417739e-54
3.970272000000000000e+06 5.676672216624017370e-70
5.004197000000000000e+06 4.910560525841864165e-99
6.286264000000000000e+06 5.111390909407251013e-148
7.940544000000000000e+06 9.999999999999999821e-201
1.000839400000000000e+07 9.999999999999999821e-201
