1.211760009765625000e+03 1.544371695354550513e-11
1.526073364257812500e+03 1.058169355298988385e-11
1.923100463867187500e+03 7.298401721594890680e-12
2.423520019531250000e+03 5.093933738514381947e-12
3.056282226562500000e+03 3.570054238944789829e-12
3.850336669921875000e+03 2.507809734178927037e-12
4.838769042968750000e+03 1.760060374459457149e-12
6.120835937500000000e+03 1.218432835540389451e-12
7.692401855468750000e+03 8.447338596975443807e-13
9.718894531250000000e+03 5.690335894798740634e-13
1.224167187500000000e+04 3.688639593374399912e-13
1.542616113281250000e+04 2.235171826429300749e-13
1.943778906250000000e+04 1.240864715594830396e-13
2.448334375000000000e+04 6.221402175352557483e-14
3.085232226562500000e+04 2.814768497412774364e-14
3.891693750000000000e+04 1.127193689095541200e-14
4.921482812500000000e+04 3.840925650452447100e-15
6.162192968750000000e+04 1.120328766860880897e-15
7.775115625000000000e+04 2.438840624342970464e-16
9.801609375000000000e+04 3.881909582237197329e-17
1.236574296875000000e+05 4.233453280824696680e-18
1.559158906250000000e+05 3.099095874229314510e-19
1.964457500000000000e+05 1.541426721815951295e-20
2.473148593750000000e+05 5.624088769130776323e-22
3.118317812500000000e+05 1.667733484116885997e-23
3.928915000000000000e+05 4.968250261922069781e-25
4.962840000000000000e+05 1.621497467813520440e-26
6.244907500000000000e+05 6.012173703375955746e-28
7.857830000000000000e+05 1.773927210673739844e-29
9.925680000000000000e+05 2.753980438023418291e-31
1.248981500000000000e+06 1.670428476389869991e-33
1.571566000000000000e+06 2.363567638203094122e-36
1.981000250000000000e+06 3.551702892816753344e-40
2.497963000000000000e+06 1.050813084630810215e-45
3.147267500000000000e+06 1.061608803641581777e-54
3.970272000000000000e+06 7.715477026819968204e-71
5.004197000000000000e+06 6.935819951754045534e-100
6.286264000000000000e+06 7.518930105867186972e-149
7.940544000000000000e+06 9.999999999999999821e-201
1.000839400000000000e+07 9.999999999999999821e-201
