1.211760009765625000e+03 9.540231601948271812e-13
1.526073364257812500e+03 6.319347832112649705e-13
1.923100463867187500e+03 4.174999694503744611e-13
2.423520019531250000e+03 2.746241603432889948e-13
3.056282226562500000e+03 1.797441290027429207e-13
3.850336669921875000e+03 1.175897162448156562e-13
4.838769042968750000e+03 7.641449697051570290e-14
6.120835937500000000e+03 4.931027459183642049e-14
7.692401855468750000e+03 3.177398192961262600e-14
9.718894531250000000e+03 2.032370254177873109e-14
1.224167187500000000e+04 1.303704157951751200e-14
1.542616113281250000e+04 8.262498876569803088e-15
1.943778906250000000e+04 5.185090113948061072e-15
2.448334375000000000e+04 3.196758503993148995e-15
3.085232226562500000e+04 1.905768886309148600e-15
3.891693750000000000e+04 1.092921978469044286e-15
4.921482812500000000e+04 5.912450334635290078e-16
6.162192968750000000e+04 3.070991520238688558e-16
7.775115625000000000e+04 1.450210061812980831e-16
9.801609375000000000e+04 6.054253319297516416e-17
1.236574296875000000e+05 2.135136401987934809e-17
1.559158906250000000e+05 6.044080358538496112e-18
1.964457500000000000e+05 1.326821740798021043e-18
2.473148593750000000e+05 2.225701298061766358e-19
3.118317812500000000e+05 2.839278238124372819e-20
3.928915000000000000e+05 2.964899631715494916e-21
4.962840000000000000e+05 2.774560282838886563e-22
6.244907500000000000e+05 2.851962855545730836e-23
7.857830000000000000e+05 3.511606782831854840e-24
9.925680000000000000e+05 5.215629660978154122e-25
1.248981500000000000e+06 8.805038788190246496e-26
1.571566000000000000e+06 1.315545945438540160e-26
1.981000250000000000e+06 1.345832201307405579e-27
2.497963000000000000e+06 7.463958074524364651e-29
3.147267500000000000e+06 1.776778430489343689e-30
3.970272000000000000e+06 1.123384299209083169e-32
5.004197000000000000e+06 6.437143572250054990e-36
6.286264000000000000e+06 3.350230431389869952e-41
7.940544000000000000e+06 9.357345943524693818e-51
1.000839400000000000e+07 9.999999999999999821e-201
