1.211760009765625000e+03 2.889469623566578486e-13
1.526073364257812500e+03 1.898771179601922825e-13
1.923100463867187500e+03 1.247791262079126778e-13
2.423520019531250000e+03 8.095496790164980802e-14
3.056282226562500000e+03 5.283687308597114069e-14
3.850336669921875000e+03 3.414021428307814734e-14
4.838769042968750000e+03 2.208223014494903077e-14
6.120835937500000000e+03 1.417670394515297302e-14
7.692401855468750000e+03 9.120309627944365105e-15
9.718894531250000000e+03 5.817853781043530223e-15
1.224167187500000000e+04 3.714326940579518035e-15
1.542616113281250000e+04 2.352382033093991165e-15
1.943778906250000000e+04 1.471650576458787871e-15
2.448334375000000000e+04 9.066313252577252559e-16
3.085232226562500000e+04 5.394519817394807545e-16
3.891693750000000000e+04 3.071046845932021759e-16
4.921482812500000000e+04 1.661640317094527674e-16
6.162192968750000000e+04 8.601687149104575496e-17
7.775115625000000000e+04 4.043009869296795630e-17
9.801609375000000000e+04 1.688569089835322855e-17
1.236574296875000000e+05 5.918976920833489758e-18
1.559158906250000000e+05 1.671429823920868769e-18
1.964457500000000000e+05 3.664121788481670617e-19
2.473148593750000000e+05 6.129470843420665875e-20
3.118317812500000000e+05 7.771994460776267493e-21
3.928915000000000000e+05 8.115083852544003841e-22
4.962840000000000000e+05 7.581819810324446003e-23
6.244907500000000000e+05 7.776215267998791214e-24
7.857830000000000000e+05 9.512022256408618787e-25
9.925680000000000000e+05 1.412422827609671791e-25
1.248981500000000000e+06 2.379740213024391418e-26
1.571566000000000000e+06 3.540605137106193709e-27
1.981000250000000000e+06 3.607196512347740787e-28
2.497963000000000000e+06 1.990388819873163645e-29
3.147267500000000000e+06 4.707309088569168894e-31
3.970272000000000000e+06 2.945088568196785809e-33
5.004197000000000000e+06 1.671880451010992688e-36
6.286264000000000000e+06 8.579858421852108120e-42
7.940544000000000000e+06 2.356495433210375869e-51
1.000839400000000000e+07 9.999999999999999821e-201
