1.211760009765625000e+03 1.295279486426396928e-12
1.526073364257812500e+03 8.584028041117028381e-13
1.923100463867187500e+03 5.681766501542689754e-13
2.423520019531250000e+03 3.748837744368706681e-13
3.056282226562500000e+03 2.459136709982582314e-13
3.850336669921875000e+03 1.610979112553974101e-13
4.838769042968750000e+03 1.051089203227093759e-13
6.120835937500000000e+03 6.804817893673426798e-14
7.692401855468750000e+03 4.393439476687179210e-14
9.718894531250000000e+03 2.808084091650343595e-14
1.224167187500000000e+04 1.795667991141091220e-14
1.542616113281250000e+04 1.147029255806160940e-14
1.943778906250000000e+04 7.190499966842676126e-15
2.448334375000000000e+04 4.433073947526410027e-15
3.085232226562500000e+04 2.648620795589745203e-15
3.891693750000000000e+04 1.514751514018500183e-15
4.921482812500000000e+04 8.220284108377690570e-16
6.162192968750000000e+04 4.279011881280448496e-16
7.775115625000000000e+04 2.021504934648397753e-16
9.801609375000000000e+04 8.466494876205120671e-17
1.236574296875000000e+05 2.970250236636442351e-17
1.559158906250000000e+05 8.396756461403416672e-18
1.964457500000000000e+05 1.850267710581117107e-18
2.473148593750000000e+05 3.109952829571634308e-19
3.118317812500000000e+05 3.966514075946884749e-20
3.928915000000000000e+05 4.146134544749556064e-21
4.962840000000000000e+05 3.887351840127211086e-22
6.244907500000000000e+05 3.980437366732890083e-23
7.857830000000000000e+05 4.909430842017351419e-24
9.925680000000000000e+05 7.303259498859768034e-25
1.248981500000000000e+06 1.234291923821984610e-25
1.571566000000000000e+06 1.845012585207631662e-26
1.981000250000000000e+06 1.890573806598499022e-27
2.497963000000000000e+06 1.051261700637234294e-28
3.147267500000000000e+06 2.503642333871348069e-30
3.970272000000000000e+06 1.578810366456008727e-32
5.004197000000000000e+06 9.045923213199570664e-36
6.286264000000000000e+06 4.733513727974188600e-41
7.940544000000000000e+06 1.324670733814376291e-50
1.000839400000000000e+07 9.999999999999999821e-201
