1.211760009765625000e+03 7.186310227577222555e-15
1.526073364257812500e+03 4.015109890199899620e-15
1.923100463867187500e+03 2.158129541331822733e-15
2.423520019531250000e+03 1.120914940176689463e-15
3.056282226562500000e+03 5.579968839920315623e-16
3.850336669921875000e+03 2.614388903171919640e-16
4.838769042968750000e+03 1.147665405854816145e-16
6.120835937500000000e+03 4.657856979839192969e-17
7.692401855468750000e+03 1.714101565439101156e-17
9.718894531250000000e+03 5.505607935148971555e-18
1.224167187500000000e+04 3.339448061868617738e-21
1.542616113281250000e+04 2.414433444742678148e-21
1.943778906250000000e+04 1.680092953932263985e-21
2.448334375000000000e+04 1.110219063900555626e-21
3.085232226562500000e+04 6.857369153536583169e-22
3.891693750000000000e+04 3.934804520885548946e-22
4.921482812500000000e+04 2.063271940548800784e-22
6.162192968750000000e+04 9.941589338966225449e-23
7.775115625000000000e+04 4.015591036272424887e-23
9.801609375000000000e+04 1.301835344051194115e-23
1.236574296875000000e+05 3.224969534625589479e-24
1.559158906250000000e+05 5.795310546865743396e-25
1.964457500000000000e+05 7.384873148113958600e-26
2.473148593750000000e+05 6.704459001760021585e-27
3.118317812500000000e+05 4.512674119045640633e-28
3.928915000000000000e+05 2.622338133941727672e-29
4.962840000000000000e+05 1.509308029713628069e-30
6.244907500000000000e+05 1.097930477133530683e-31
7.857830000000000000e+05 1.006828144788420807e-32
9.925680000000000000e+05 9.379064110286051507e-34
1.248981500000000000e+06 7.067634275672545915e-35
1.571566000000000000e+06 3.031674181459873284e-36
1.981000250000000000e+06 5.020486185800210908e-38
2.497963000000000000e+06 2.221597194821227663e-40
3.147267500000000000e+06 1.249241897843634510e-43
3.970272000000000000e+06 1.190209962992865548e-48
5.004197000000000000e+06 2.942933212902520862e-57
6.286264000000000000e+06 1.632912261936242242e-72
7.940544000000000000e+06 5.417069998230684977e-100
1.000839400000000000e+07 9.999999999999999821e-201
