1.211760009765625000e+03 1.104723946596359687e-14
1.526073364257812500e+03 7.367627754184544801e-15
1.923100463867187500e+03 4.889144379089911293e-15
2.423520019531250000e+03 3.231971410842789093e-15
3.056282226562500000e+03 2.128288057528673193e-15
3.850336669921875000e+03 1.399273230649371529e-15
4.838769042968750000e+03 9.198821425934903507e-16
6.120835937500000000e+03 6.010641958204726155e-16
7.692401855468750000e+03 3.932967037856877251e-16
9.718894531250000000e+03 2.543491247554646477e-16
1.224167187500000000e+04 1.629110038808263297e-16
1.542616113281250000e+04 1.014605262648674937e-16
1.943778906250000000e+04 6.076830816737666694e-17
2.448334375000000000e+04 3.409025706181530283e-17
3.085232226562500000e+04 1.774567852496227226e-17
3.891693750000000000e+04 8.495106303031692808e-18
4.921482812500000000e+04 3.661299747904152621e-18
6.162192968750000000e+04 1.419247147233364409e-18
7.775115625000000000e+04 4.475566162688741354e-19
9.801609375000000000e+04 1.110127442341605264e-19
1.236574296875000000e+05 2.016749559414033301e-20
1.559158906250000000e+05 2.593620527197358328e-21
1.964457500000000000e+05 2.329092075145596945e-22
2.473148593750000000e+05 1.486858328025020480e-23
3.118317812500000000e+05 7.200908654012415085e-25
3.928915000000000000e+05 3.170966664385786903e-26
4.962840000000000000e+05 1.458027157358339548e-27
6.244907500000000000e+05 8.707123338970087221e-29
7.857830000000000000e+05 6.141523411094416303e-30
9.925680000000000000e+05 3.692042493911626077e-31
1.248981500000000000e+06 1.478197625179015583e-32
1.571566000000000000e+06 2.644659176736012911e-34
1.981000250000000000e+06 1.367428727622538352e-36
2.497963000000000000e+06 1.194632160174217749e-39
3.147267500000000000e+06 4.847504260260842475e-44
3.970272000000000000e+06 3.302961879600876530e-51
5.004197000000000000e+06 6.543712190065409178e-64
6.286264000000000000e+06 2.151899581643644994e-86
7.940544000000000000e+06 6.993829702857028662e-126
1.000839400000000000e+07 9.999999999999999821e-201
