1.211760009765625000e+03 2.005192281871633913e-16
1.526073364257812500e+03 9.889433227093347882e-17
1.923100463867187500e+03 4.653712065490076302e-17
2.423520019531250000e+03 2.023874197541245467e-17
3.056282226562500000e+03 8.098361856167538165e-18
3.850336669921875000e+03 2.943652694830042248e-18
4.838769042968750000e+03 9.325145633622131871e-19
6.120835937500000000e+03 2.538775591333819914e-19
7.692401855468750000e+03 2.175305695214713640e-22
9.718894531250000000e+03 1.521801324427399058e-22
1.224167187500000000e+04 1.058773001876834424e-22
1.542616113281250000e+04 7.259052275920211366e-23
1.943778906250000000e+04 4.849699361374367903e-23
2.448334375000000000e+04 3.098795243023111783e-23
3.085232226562500000e+04 1.873481456731469494e-23
3.891693750000000000e+04 1.057919654367733087e-23
4.921482812500000000e+04 5.493294593565809307e-24
6.162192968750000000e+04 2.636475416495936292e-24
7.775115625000000000e+04 1.079219129361314284e-24
9.801609375000000000e+04 3.638557969139878827e-25
1.236574296875000000e+05 9.497741761228949441e-26
1.559158906250000000e+05 1.845641033762536824e-26
1.964457500000000000e+05 2.575514908598056087e-27
2.473148593750000000e+05 2.641339210684347567e-28
3.118317812500000000e+05 2.002550331214158030e-29
3.928915000000000000e+05 1.309025989743032577e-30
4.962840000000000000e+05 8.369144462196931001e-32
6.244907500000000000e+05 6.608604328612522479e-33
7.857830000000000000e+05 6.645435704231153340e-34
9.925680000000000000e+05 7.276494987641065211e-35
1.248981500000000000e+06 6.988862141704087258e-36
1.571566000000000000e+06 4.217127835046131771e-37
1.981000250000000000e+06 1.121700784870164508e-38
2.497963000000000000e+06 9.442613479552982872e-41
3.147267500000000000e+06 1.438459129630271243e-43
3.970272000000000000e+06 8.536753790094379606e-48
5.004197000000000000e+06 7.091814050406531504e-55
6.286264000000000000e+06 2.285324208813315558e-67
7.940544000000000000e+06 4.301270527651784340e-90
1.000839400000000000e+07 9.999999999999999821e-201
