1.211760009765625000e+03 2.565649751959978446e-13
1.526073364257812500e+03 1.226289720159575195e-13
1.923100463867187500e+03 5.509116138236144345e-14
2.423520019531250000e+03 2.353921374371048563e-14
3.056282226562500000e+03 9.332868236680882783e-15
3.850336669921875000e+03 3.464965355831901181e-15
4.838769042968750000e+03 1.216323343515930179e-15
6.120835937500000000e+03 4.338101981308274698e-16
7.692401855468750000e+03 1.275787394220521259e-16
9.718894531250000000e+03 8.917167475790252913e-17
1.224167187500000000e+04 6.210816223480738259e-17
1.542616113281250000e+04 4.259917519816333740e-17
1.943778906250000000e+04 2.851477368868236909e-17
2.448334375000000000e+04 1.822820731190066081e-17
3.085232226562500000e+04 1.103147763943679758e-17
3.891693750000000000e+04 6.220175745588059780e-18
4.921482812500000000e+04 3.236589787560394984e-18
6.162192968750000000e+04 1.553337426916395932e-18
7.775115625000000000e+04 6.353139025674153918e-19
9.801609375000000000e+04 2.147076999807766028e-19
1.236574296875000000e+05 5.544627622771496149e-20
1.559158906250000000e+05 1.077422915163974448e-20
1.964457500000000000e+05 1.508805584249569652e-21
2.473148593750000000e+05 1.529983278641687681e-22
3.118317812500000000e+05 1.158046248679272928e-23
3.928915000000000000e+05 7.549983924244046136e-25
4.962840000000000000e+05 4.794384264776131575e-26
6.244907500000000000e+05 3.760994333356720207e-27
7.857830000000000000e+05 3.766843505616173879e-28
9.925680000000000000e+05 4.076590565365174897e-29
1.248981500000000000e+06 3.879846262490136291e-30
1.571566000000000000e+06 2.307128232626134825e-31
1.981000250000000000e+06 6.058416876524020052e-33
2.497963000000000000e+06 5.027553663437668166e-35
3.147267500000000000e+06 7.527936111731752247e-38
3.970272000000000000e+06 4.369066811545737980e-42
5.004197000000000000e+06 3.532424488985762748e-49
6.286264000000000000e+06 1.106729333827831927e-61
7.940544000000000000e+06 2.011748837786255396e-84
1.000839400000000000e+07 9.999999999999999821e-201
