1.211760009765625000e+03 2.877015013120170730e-12
1.526073364257812500e+03 1.750429681195522666e-12
1.923100463867187500e+03 1.098684130132564297e-12
2.423520019531250000e+03 7.099127954452367392e-13
3.056282226562500000e+03 4.730628355460421035e-13
3.850336669921875000e+03 3.206227226264308887e-13
4.838769042968750000e+03 2.189180350744637709e-13
6.120835937500000000e+03 1.505507463590384711e-13
7.692401855468750000e+03 1.035773054166133456e-13
9.718894531250000000e+03 7.042541147318796085e-14
1.224167187500000000e+04 4.733528032482314078e-14
1.542616113281250000e+04 3.107814604538995629e-14
1.943778906250000000e+04 1.958371315796795179e-14
2.448334375000000000e+04 1.162292047510673984e-14
3.085232226562500000e+04 6.417708559318615253e-15
3.891693750000000000e+04 3.237672103868208269e-15
4.921482812500000000e+04 1.484652189564111135e-15
6.162192968750000000e+04 6.100278702444293043e-16
7.775115625000000000e+04 2.058935790060174856e-16
9.801609375000000000e+04 5.525577552278359440e-17
1.236574296875000000e+05 1.103411207868994689e-17
1.559158906250000000e+05 1.569888028243667980e-18
1.964457500000000000e+05 1.569247752476623072e-19
2.473148593750000000e+05 1.111529332087515042e-20
3.118317812500000000e+05 5.900026603664314727e-22
3.928915000000000000e+05 2.784598768450454729e-23
4.962840000000000000e+05 1.336658438221384411e-24
6.244907500000000000e+05 8.180081966867449395e-26
7.857830000000000000e+05 6.171229590220727420e-27
9.925680000000000000e+05 4.324617204631243105e-28
1.248981500000000000e+06 2.207523865599924694e-29
1.571566000000000000e+06 5.593713005102982175e-31
1.981000250000000000e+06 4.736422475007155248e-33
2.497963000000000000e+06 8.604215275765274891e-36
3.147267500000000000e+06 1.257527521448925019e-39
3.970272000000000000e+06 1.075697437600133496e-45
5.004197000000000000e+06 2.834708305045648861e-56
6.286264000000000000e+06 4.865814184504129178e-75
7.940544000000000000e+06 1.867330556040691995e-108
1.000839400000000000e+07 9.999999999999999821e-201
