1.211760009765625000e+03 9.266230172127303717e-15
1.526073364257812500e+03 6.091890867889503143e-15
1.923100463867187500e+03 3.994501587410536699e-15
2.423520019531250000e+03 2.609240888522405554e-15
3.056282226562500000e+03 1.698680745593303557e-15
3.850336669921875000e+03 1.105325278492096539e-15
4.838769042968750000e+03 7.203713119971669138e-16
6.120835937500000000e+03 4.632330657201183588e-16
7.692401855468750000e+03 2.995714126416227159e-16
9.718894531250000000e+03 1.915076978656865308e-16
1.224167187500000000e+04 1.213725136533926463e-16
1.542616113281250000e+04 7.554236101996897077e-17
1.943778906250000000e+04 4.509132531389773042e-17
2.448334375000000000e+04 2.546207578656858113e-17
3.085232226562500000e+04 1.338922953238553028e-17
3.891693750000000000e+04 6.515315468278001388e-18
4.921482812500000000e+04 2.868839193368244343e-18
6.162192968750000000e+04 1.145940204851684834e-18
7.775115625000000000e+04 3.785162986410391552e-19
9.801609375000000000e+04 9.957466194652287872e-20
1.236574296875000000e+05 1.945978490425619267e-20
1.559158906250000000e+05 2.723661157434797802e-21
1.964457500000000000e+05 2.670645243345308799e-22
2.473148593750000000e+05 1.867549282657160769e-23
3.118317812500000000e+05 9.760150392231925764e-25
3.928915000000000000e+05 4.549485311834546571e-26
4.962840000000000000e+05 2.168917465793189957e-27
6.244907500000000000e+05 1.323094130712835726e-28
7.857830000000000000e+05 9.988932254118260346e-30
9.925680000000000000e+05 7.028818230398225312e-31
1.248981500000000000e+06 3.606869502437843356e-32
1.571566000000000000e+06 9.233641084978607670e-34
1.981000250000000000e+06 7.894037458345259548e-36
2.497963000000000000e+06 1.445174022046012555e-38
3.147267500000000000e+06 2.142714491854313641e-42
3.970272000000000000e+06 1.847157216081037533e-48
5.004197000000000000e+06 4.910715269623197704e-59
6.286264000000000000e+06 8.457745685511468047e-78
7.940544000000000000e+06 3.241403984070634407e-111
1.000839400000000000e+07 9.999999999999999821e-201
