1.211760009765625000e+03 9.502867770609048847e-13
1.526073364257812500e+03 4.835932848048647617e-13
1.923100463867187500e+03 2.558364474451541968e-13
2.423520019531250000e+03 1.463409144575576114e-13
3.056282226562500000e+03 9.084969946966547680e-14
3.850336669921875000e+03 6.032534794372074288e-14
4.838769042968750000e+03 4.108206480026635174e-14
6.120835937500000000e+03 2.867019199915927878e-14
7.692401855468750000e+03 2.004362250440934121e-14
9.718894531250000000e+03 1.342416106837207962e-14
1.224167187500000000e+04 8.582352221642661542e-15
1.542616113281250000e+04 5.058468033540628520e-15
1.943778906250000000e+04 2.703900928573804414e-15
2.448334375000000000e+04 1.304817656603050554e-15
3.085232226562500000e+04 5.621999768881694891e-16
3.891693750000000000e+04 2.127854569422005036e-16
4.921482812500000000e+04 6.753603407651165677e-17
6.162192968750000000e+04 1.810591044067642152e-17
7.775115625000000000e+04 3.560085805884121842e-18
9.801609375000000000e+04 5.064588487700215031e-19
1.236574296875000000e+05 4.992590736381174310e-20
1.559158906250000000e+05 3.322078834105363612e-21
1.964457500000000000e+05 1.537513635443872502e-22
2.473148593750000000e+05 5.391236936879291709e-24
3.118317812500000000e+05 1.601002139886612448e-25
3.928915000000000000e+05 4.893855521102102994e-27
4.962840000000000000e+05 1.600467477929339548e-28
6.244907500000000000e+05 5.181436059573936950e-30
7.857830000000000000e+05 1.119180313738874511e-31
9.925680000000000000e+05 1.028908558703570515e-33
1.248981500000000000e+06 3.010387938848135412e-36
1.571566000000000000e+06 1.510245261078516062e-39
1.981000250000000000e+06 4.344101852395599556e-44
2.497963000000000000e+06 5.542781898334822120e-51
3.147267500000000000e+06 1.077917099049286433e-62
3.970272000000000000e+06 5.516396340130743917e-84
5.004197000000000000e+06 9.500860751554262094e-122
6.286264000000000000e+06 1.308623376802292250e-183
7.940544000000000000e+06 9.999999999999999821e-201
1.000839400000000000e+07 9.999999999999999821e-201
