1.211760009765625000e+03 1.706281631157850351e-12
1.526073364257812500e+03 1.107616521434455229e-12
1.923100463867187500e+03 7.157142333434991195e-13
2.423520019531250000e+03 4.608205865170835381e-13
3.056282226562500000e+03 2.952939262187919573e-13
3.850336669921875000e+03 1.885348788930910374e-13
4.838769042968750000e+03 1.200729391845308928e-13
6.120835937500000000e+03 7.567028466433100116e-14
7.692401855468750000e+03 4.762152667964121933e-14
9.718894531250000000e+03 2.956903121680898956e-14
1.224167187500000000e+04 1.833893723691856678e-14
1.542616113281250000e+04 1.117496452673223878e-14
1.943778906250000000e+04 6.599741948682483837e-15
2.448334375000000000e+04 3.752608309826067571e-15
3.085232226562500000e+04 2.015342689612991974e-15
3.891693750000000000e+04 1.011205826071243606e-15
4.921482812500000000e+04 4.675489292245517714e-16
6.162192968750000000e+04 2.006011067849328845e-16
7.775115625000000000e+04 7.367550401516502216e-17
9.801609375000000000e+04 2.227497437298400173e-17
1.236574296875000000e+05 5.180513659874530649e-18
1.559158906250000000e+05 9.025729513784435183e-19
1.964457500000000000e+05 1.129909850229450324e-19
2.473148593750000000e+05 1.019776078035376444e-20
3.118317812500000000e+05 6.850961389653350372e-22
3.928915000000000000e+05 3.937208342170118798e-23
4.962840000000000000e+05 2.208900664582099711e-24
6.244907500000000000e+05 1.526795739593675738e-25
7.857830000000000000e+05 1.349581665095280245e-26
9.925680000000000000e+05 1.288761922799798499e-27
1.248981500000000000e+06 1.080160442843121348e-28
1.571566000000000000e+06 5.666578431872567333e-30
1.981000250000000000e+06 1.311733227311201244e-31
2.497963000000000000e+06 9.632366251625581928e-34
3.147267500000000000e+06 1.283403843609753936e-36
3.970272000000000000e+06 6.626446362184692018e-41
5.004197000000000000e+06 4.782452822865021246e-48
6.286264000000000000e+06 1.334973062245880993e-60
7.940544000000000000e+06 2.157971215648092663e-83
1.000839400000000000e+07 9.999999999999999821e-201
