1.211760009765625000e+03 1.967828450532410791e-18
1.526073364257812500e+03 9.335624966376119291e-19
1.923100463867187500e+03 4.096522256637132787e-19
2.423520019531250000e+03 1.656460131023305863e-19
3.056282226562500000e+03 5.925225916101156542e-20
3.850336669921875000e+03 1.884512617917742647e-20
4.838769042968750000e+03 5.075537822835414175e-21
6.120835937500000000e+03 1.087001980004222783e-21
7.692401855468750000e+03 1.993381199509893075e-24
9.718894531250000000e+03 1.351317182442086473e-24
1.224167187500000000e+04 8.808454134638851029e-25
1.542616113281250000e+04 5.347013254008787528e-25
1.943778906250000000e+04 2.955796779599447582e-25
2.448334375000000000e+04 1.479266161637287971e-25
3.085232226562500000e+04 6.672668296753267832e-26
3.891693750000000000e+04 2.655620117187484459e-26
4.921482812500000000e+04 8.931750902810611911e-27
6.162192968750000000e+04 2.566714457797298309e-27
7.775115625000000000e+04 5.484846136811802414e-28
9.801609375000000000e+04 8.540382249257813593e-29
1.236574296875000000e+05 9.133161606414126413e-30
1.559158906250000000e+05 6.598390628683067568e-31
1.964457500000000000e+05 3.289541041202789477e-32
2.473148593750000000e+05 1.225387449536270493e-33
3.118317812500000000e+05 3.840764814482250877e-35
3.928915000000000000e+05 1.236160732444745878e-36
4.962840000000000000e+05 4.372521202433131654e-38
6.244907500000000000e+05 1.664831264505773150e-39
7.857830000000000000e+05 4.611543580931673653e-41
9.925680000000000000e+05 6.043215141389551647e-43
1.248981500000000000e+06 2.775232954968821220e-45
1.571566000000000000e+06 2.569968533620867438e-48
1.981000250000000000e+06 1.885659602105251250e-52
2.497963000000000000e+06 1.326131804205909207e-58
3.147267500000000000e+06 6.772140913012483099e-69
3.970272000000000000e+06 1.425471861661348685e-87
5.004197000000000000e+06 5.125942303118858572e-121
6.286264000000000000e+06 1.275263028656681241e-176
7.940544000000000000e+06 9.999999999999999821e-201
1.000839400000000000e+07 9.999999999999999821e-201
