1.211760009765625000e+03 7.136491785791590168e-15
1.526073364257812500e+03 3.204176365578245493e-15
1.923100463867187500e+03 1.334116443732399647e-15
2.423520019531250000e+03 5.174881086016416895e-16
3.056282226562500000e+03 1.802256216147435425e-16
3.850336669921875000e+03 5.680963193307124107e-17
4.838769042968750000e+03 1.619189980291052392e-17
6.120835937500000000e+03 4.514861497083002748e-18
7.692401855468750000e+03 1.147645680882880364e-18
9.718894531250000000e+03 7.821846976649344368e-19
1.224167187500000000e+04 5.099631341106703199e-19
1.542616113281250000e+04 3.093629096962228077e-19
1.943778906250000000e+04 1.710485677374761823e-19
2.448334375000000000e+04 8.556813713818717078e-20
3.085232226562500000e+04 3.854670525914360929e-20
3.891693750000000000e+04 1.537820833167242177e-20
4.921482812500000000e+04 5.161161449827689986e-21
6.162192968750000000e+04 1.487424632787126971e-21
7.775115625000000000e+04 3.157243364467298041e-22
9.801609375000000000e+04 4.917189779875711219e-23
1.236574296875000000e+05 5.283786131808906661e-24
1.559158906250000000e+05 3.815159694328781551e-25
1.964457500000000000e+05 1.897577841360497862e-26
2.473148593750000000e+05 7.084711346169471991e-28
3.118317812500000000e+05 2.221297029458395798e-29
3.928915000000000000e+05 7.141776669777949581e-31
4.962840000000000000e+05 2.527413354373437178e-32
6.244907500000000000e+05 9.624093063307345115e-34
7.857830000000000000e+05 2.669009812251550947e-35
9.925680000000000000e+05 3.460644568146153682e-37
1.248981500000000000e+06 1.596504979471311627e-39
1.571566000000000000e+06 1.474258976381160152e-42
1.981000250000000000e+06 1.081433840181729862e-46
2.497963000000000000e+06 7.567677717636741332e-53
3.147267500000000000e+06 3.859192629881086049e-63
3.970272000000000000e+06 8.071051481532029671e-82
5.004197000000000000e+06 2.893309655538200018e-115
6.286264000000000000e+06 7.157459163685645480e-171
7.940544000000000000e+06 9.999999999999999821e-201
1.000839400000000000e+07 9.999999999999999821e-201
