1.211760009765625000e+03 6.675671199274506314e-12
1.526073364257812500e+03 3.579974828207792784e-12
1.923100463867187500e+03 1.922697227731987621e-12
2.423520019531250000e+03 1.058641887944651483e-12
3.056282226562500000e+03 6.024391136905121219e-13
3.850336669921875000e+03 3.657029289893748825e-13
4.838769042968750000e+03 2.354688662311685520e-13
6.120835937500000000e+03 1.582454222711461960e-13
7.692401855468750000e+03 1.083797753831743642e-13
9.718894531250000000e+03 7.710808309369991096e-14
1.224167187500000000e+04 5.442978099593250984e-14
1.542616113281250000e+04 3.787241300364342181e-14
1.943778906250000000e+04 2.553253503211242026e-14
2.448334375000000000e+04 1.656447668731552953e-14
3.085232226562500000e+04 1.009515910181662351e-14
3.891693750000000000e+04 5.753921582440352981e-15
4.921482812500000000e+04 3.012684831226150758e-15
6.162192968750000000e+04 1.468007183849711899e-15
7.775115625000000000e+04 6.060790734333425045e-16
9.801609375000000000e+04 2.078859327847953326e-16
1.236574296875000000e+05 5.466464529782912759e-17
1.559158906250000000e+05 1.063935799051094266e-17
1.964457500000000000e+05 1.480210339304689581e-18
2.473148593750000000e+05 1.486628456179446602e-19
3.118317812500000000e+05 1.106686211025966412e-20
3.928915000000000000e+05 7.023774041721530073e-22
4.962840000000000000e+05 4.320150980319465024e-23
6.244907500000000000e+05 3.224870533951787442e-24
7.857830000000000000e+05 3.047689355985617114e-25
9.925680000000000000e+05 3.147800321704164870e-26
1.248981500000000000e+06 2.863872037385592088e-27
1.571566000000000000e+06 1.650361019294921243e-28
1.981000250000000000e+06 4.261468994033883402e-30
2.497963000000000000e+06 3.556076565320976022e-32
3.147267500000000000e+06 5.622359296640860024e-35
3.970272000000000000e+06 3.893850587541291089e-39
5.004197000000000000e+06 4.916579878027333033e-46
6.286264000000000000e+06 3.983738720956285160e-58
7.940544000000000000e+06 4.607267309594694184e-80
1.000839400000000000e+07 9.999999999999999821e-201
