1.211760009765625000e+03 3.885838459279191789e-16
1.526073364257812500e+03 1.829545147012269642e-16
1.923100463867187500e+03 8.004698662394397096e-17
2.423520019531250000e+03 3.225744105619584305e-17
3.056282226562500000e+03 1.180188099770757059e-17
3.850336669921875000e+03 3.802066504866199580e-18
4.838769042968750000e+03 1.063549119567057995e-18
6.120835937500000000e+03 2.438183124802536531e-19
7.692401855468750000e+03 4.666747642148679618e-20
9.718894531250000000e+03 2.356483917748770683e-21
1.224167187500000000e+04 1.632684133257812410e-21
1.542616113281250000e+04 1.121263765843586542e-21
1.943778906250000000e+04 7.586726726579131008e-22
2.448334375000000000e+04 5.011685087436326207e-22
3.085232226562500000e+04 3.154233997173819431e-22
3.891693750000000000e+04 1.878916702655700645e-22
4.921482812500000000e+04 1.048170266785317242e-22
6.162192968750000000e+04 5.523428329475398091e-23
7.775115625000000000e+04 2.569053984320462175e-23
9.801609375000000000e+04 1.023763532911848377e-23
1.236574296875000000e+05 3.290661640625167232e-24
1.559158906250000000e+05 8.168140803024686481e-25
1.964457500000000000e+05 1.513339678807989569e-25
2.473148593750000000e+05 2.067775457809173292e-26
3.118317812500000000e+05 2.124723256693711347e-27
3.928915000000000000e+05 1.816343693488412817e-28
4.962840000000000000e+05 1.447403139600690874e-29
6.244907500000000000e+05 1.337321886878248425e-30
7.857830000000000000e+05 1.539227643500994122e-31
9.925680000000000000e+05 2.101097431392965815e-32
1.248981500000000000e+06 2.958919302356820397e-33
1.571566000000000000e+06 3.196875785463832907e-34
1.981000250000000000e+06 1.982128641055491321e-35
2.497963000000000000e+06 5.346326741925252742e-37
3.147267500000000000e+06 4.500911250797918861e-39
3.970272000000000000e+06 5.151481401913880760e-42
5.004197000000000000e+06 1.227979574537089453e-46
6.286264000000000000e+06 1.520752142220132300e-54
7.940544000000000000e+06 5.230377017276481851e-69
1.000839400000000000e+07 9.999999999999999821e-201
