1.211760009765625000e+03 3.063834169816285346e-18
1.526073364257812500e+03 1.483414984064002583e-18
1.923100463867187500e+03 6.725516425168626790e-19
2.423520019531250000e+03 2.783605434772112447e-19
3.056282226562500000e+03 1.046861410675315984e-19
3.850336669921875000e+03 3.449297447713665768e-20
4.838769042968750000e+03 9.855763102146345557e-21
6.120835937500000000e+03 2.273007928279007920e-21
7.692401855468750000e+03 4.215759424630109552e-22
9.718894531250000000e+03 1.798369305650377604e-24
1.224167187500000000e+04 1.252133696182683010e-24
1.542616113281250000e+04 8.602799582765446905e-25
1.943778906250000000e+04 5.829009841411293395e-25
2.448334375000000000e+04 3.832800072550735858e-25
3.085232226562500000e+04 2.414505866084306923e-25
3.891693750000000000e+04 1.440214185292157765e-25
4.921482812500000000e+04 8.030944849829950459e-26
6.162192968750000000e+04 4.224486497755548128e-26
7.775115625000000000e+04 1.968747400044575653e-26
9.801609375000000000e+04 7.839630657433071065e-27
1.236574296875000000e+05 2.527609665987447413e-27
1.559158906250000000e+05 6.261041849014518582e-28
1.964457500000000000e+05 1.161590456166132472e-28
2.473148593750000000e+05 1.582056390538561725e-29
3.118317812500000000e+05 1.623642688656778294e-30
3.928915000000000000e+05 1.391081122172186686e-31
4.962840000000000000e+05 1.109049158914814953e-32
6.244907500000000000e+05 1.024701186049566934e-33
7.857830000000000000e+05 1.178716077304223564e-34
9.925680000000000000e+05 1.612095215902531235e-35
1.248981500000000000e+06 2.264381974150878563e-36
1.571566000000000000e+06 2.456136274197823039e-37
1.981000250000000000e+06 1.514549577011632149e-38
2.497963000000000000e+06 4.096536074981687258e-40
3.147267500000000000e+06 3.440779261973615415e-42
3.970272000000000000e+06 3.943847958170606191e-45
5.004197000000000000e+06 9.396280954959918585e-50
6.286264000000000000e+06 1.164943582081973095e-57
7.940544000000000000e+06 4.004507403852306345e-72
1.000839400000000000e+07 9.999999999999999821e-201
