1.211760009765625000e+03 2.391285205710271780e-12
1.526073364257812500e+03 1.621867049243309421e-12
1.923100463867187500e+03 1.106531873919225525e-12
2.423520019531250000e+03 7.659585424540713887e-13
3.056282226562500000e+03 5.283687308597112807e-13
3.850336669921875000e+03 3.649199913433434235e-13
4.838769042968750000e+03 2.513843373522137781e-13
6.120835937500000000e+03 1.718315104132828945e-13
7.692401855468750000e+03 1.174530183885318872e-13
9.718894531250000000e+03 7.968636406071499893e-14
1.224167187500000000e+04 5.389085221805861888e-14
1.542616113281250000e+04 3.605442971203945242e-14
1.943778906250000000e+04 2.366157345418243896e-14
2.448334375000000000e+04 1.509200622921166168e-14
3.085232226562500000e+04 9.225822758532117599e-15
3.891693750000000000e+04 5.310609420716573471e-15
4.921482812500000000e+04 2.865501448765615951e-15
6.162192968750000000e+04 1.451070154353706279e-15
7.775115625000000000e+04 6.454909508342868584e-16
9.801609375000000000e+04 2.468715065850492745e-16
1.236574296875000000e+05 7.642442433480914861e-17
1.559158906250000000e+05 1.831534655832407929e-17
1.964457500000000000e+05 3.296626435457404100e-18
2.473148593750000000e+05 4.399226980708107246e-19
3.118317812500000000e+05 4.408800757639452444e-20
3.928915000000000000e+05 3.666708392682123266e-21
4.962840000000000000e+05 2.819616505715631669e-22
6.244907500000000000e+05 2.496623652451275567e-23
7.857830000000000000e+05 2.743022786279775764e-24
9.925680000000000000e+05 3.551983125705244062e-25
1.248981500000000000e+06 4.700019727859386413e-26
1.571566000000000000e+06 4.743331958106905872e-27
1.981000250000000000e+06 2.713991523906750270e-28
2.497963000000000000e+06 6.769699445944313206e-30
3.147267500000000000e+06 5.207665910014120192e-32
3.970272000000000000e+06 5.439790287131869858e-35
5.004197000000000000e+06 1.174949417472060075e-39
6.286264000000000000e+06 1.323080719921154784e-47
7.940544000000000000e+06 4.074557096047972776e-62
1.000839400000000000e+07 9.999999999999999821e-201
