1.211760009765625000e+03 8.631045039360510977e-14
1.526073364257812500e+03 3.935994424383152225e-14
1.923100463867187500e+03 1.695112657918813790e-14
2.423520019531250000e+03 6.787762693292176080e-15
3.056282226562500000e+03 2.548021169379542875e-15
3.850336669921875000e+03 9.015209238342534363e-16
4.838769042968750000e+03 3.243668869060822553e-16
6.120835937500000000e+03 1.341123983713427581e-16
7.692401855468750000e+03 7.156986930186000558e-17
9.718894531250000000e+03 4.449413713117744898e-17
1.224167187500000000e+04 3.105782599355086885e-17
1.542616113281250000e+04 2.136200795270971157e-17
1.943778906250000000e+04 1.449740849732447740e-17
2.448334375000000000e+04 9.567762439651168401e-18
3.085232226562500000e+04 6.025875225167374944e-18
3.891693750000000000e+04 3.607750965160716377e-18
4.921482812500000000e+04 1.998310220849705986e-18
6.162192968750000000e+04 1.057876951238508555e-18
7.775115625000000000e+04 4.918641045357266411e-19
9.801609375000000000e+04 1.961444846840117843e-19
1.236574296875000000e+05 6.319024164968619422e-20
1.559158906250000000e+05 1.568858762166855999e-20
1.964457500000000000e+05 2.903976140415331482e-21
2.473148593750000000e+05 3.969018663982707497e-22
3.118317812500000000e+05 4.054680214857167277e-23
3.928915000000000000e+05 3.477702805430467772e-24
4.962840000000000000e+05 2.763224175601319155e-25
6.244907500000000000e+05 2.540043194233036728e-26
7.857830000000000000e+05 2.924846010970320985e-27
9.925680000000000000e+05 3.981875183279251370e-28
1.248981500000000000e+06 5.575327045598382360e-29
1.571566000000000000e+06 6.016884100283555558e-30
1.981000250000000000e+06 3.699973463303584588e-31
2.497963000000000000e+06 9.928892520718326428e-33
3.147267500000000000e+06 8.295067842379635772e-35
3.970272000000000000e+06 9.465235099609452949e-38
5.004197000000000000e+06 2.237209751180932553e-42
6.286264000000000000e+06 2.741043722545819179e-50
7.940544000000000000e+06 9.293259164625176189e-65
1.000839400000000000e+07 9.999999999999999821e-201
