1.211760009765625000e+03 2.690195856424055097e-11
1.526073364257812500e+03 1.433967817928535447e-11
1.923100463867187500e+03 7.659397935781305569e-12
2.423520019531250000e+03 4.134914844114738957e-12
3.056282226562500000e+03 2.320656380172548441e-12
3.850336669921875000e+03 1.375044129539140812e-12
4.838769042968750000e+03 8.809526238792596303e-13
6.120835937500000000e+03 5.982337388056646144e-13
7.692401855468750000e+03 4.092738572371986480e-13
9.718894531250000000e+03 3.002782388106656623e-13
1.224167187500000000e+04 2.074439773608315739e-13
1.542616113281250000e+04 1.327508847128812127e-13
1.943778906250000000e+04 7.635431573643299204e-14
2.448334375000000000e+04 3.959417048959700896e-14
3.085232226562500000e+04 1.824645841911721551e-14
3.891693750000000000e+04 7.355067223325897065e-15
4.921482812500000000e+04 2.472089840574534036e-15
6.162192968750000000e+04 7.059915447456066343e-16
7.775115625000000000e+04 1.476326808901095561e-16
9.801609375000000000e+04 2.231056931256761112e-17
1.236574296875000000e+05 2.292113779232811389e-18
1.559158906250000000e+05 1.575180083864648600e-19
1.964457500000000000e+05 7.369280151144888456e-21
2.473148593750000000e+05 2.557394184914122905e-22
3.118317812500000000e+05 7.266181774008348766e-24
3.928915000000000000e+05 2.072250852667273673e-25
4.962840000000000000e+05 6.302663858522119540e-27
6.244907500000000000e+05 1.948702169957769746e-28
7.857830000000000000e+05 4.093293606467882754e-30
9.925680000000000000e+05 3.781158195708169240e-32
1.248981500000000000e+06 1.157744985838536897e-34
1.571566000000000000e+06 6.580884209322484348e-38
1.981000250000000000e+06 2.443340167775880943e-42
2.497963000000000000e+06 5.531802663512336028e-49
3.147267500000000000e+06 3.599939415208499315e-60
3.970272000000000000e+06 1.889770000045348287e-80
5.004197000000000000e+06 1.657643554997301680e-116
6.286264000000000000e+06 7.182927781293022773e-176
7.940544000000000000e+06 9.999999999999999821e-201
1.000839400000000000e+07 9.999999999999999821e-201
