1.211760009765625000e+03 2.353921374371048412e-11
1.526073364257812500e+03 1.542751583426562657e-11
1.923100463867187500e+03 1.035902179839275035e-11
2.423520019531250000e+03 7.099127954452368200e-12
3.056282226562500000e+03 4.923208828461636268e-12
3.850336669921875000e+03 3.457016815024770429e-12
4.838769042968750000e+03 2.454017836984891087e-12
6.120835937500000000e+03 1.731662018448034313e-12
7.692401855468750000e+03 1.230595006186332510e-12
9.718894531250000000e+03 8.551997474802303296e-13
1.224167187500000000e+04 5.966180787507255177e-13
1.542616113281250000e+04 4.009083739894652184e-13
1.943778906250000000e+04 2.552206789070436169e-13
2.448334375000000000e+04 1.514726491110046254e-13
3.085232226562500000e+04 8.264794939553342220e-14
3.891693750000000000e+04 4.119944116923370225e-14
4.921482812500000000e+04 1.817192564328200869e-14
6.162192968750000000e+04 7.211070228635655407e-15
7.775115625000000000e+04 2.274920943292770228e-15
9.801609375000000000e+04 5.595132219221063416e-16
1.236574296875000000e+05 9.897296961351134700e-17
1.559158906250000000e+05 1.221468273010164979e-17
1.964457500000000000e+05 1.029405430833755988e-18
2.473148593750000000e+05 6.056390125026916890e-20
3.118317812500000000e+05 2.675704969306543005e-21
3.928915000000000000e+05 1.071834515096923149e-22
4.962840000000000000e+05 4.424317229859578849e-24
6.244907500000000000e+05 2.362489782315384538e-25
7.857830000000000000e+05 1.451471490834649392e-26
9.925680000000000000e+05 7.682789178028968854e-28
1.248981500000000000e+06 2.616533777853120764e-29
1.571566000000000000e+06 3.852059695832646875e-31
1.981000250000000000e+06 1.603435372275224182e-33
2.497963000000000000e+06 1.055105470503798692e-36
3.147267500000000000e+06 2.882601171994934248e-41
3.970272000000000000e+06 1.017488510403372461e-48
5.004197000000000000e+06 6.387643354642878767e-62
6.286264000000000000e+06 3.074946165356582132e-85
7.940544000000000000e+06 4.732197191495586239e-126
1.000839400000000000e+07 9.999999999999999821e-201
