1.211760009765625000e+03 1.036223589141117502e-12
1.526073364257812500e+03 6.260011232750089420e-13
1.923100463867187500e+03 3.908176405757264563e-13
2.423520019531250000e+03 2.546966100851982471e-13
3.056282226562500000e+03 1.718355316688537610e-13
3.850336669921875000e+03 1.195091483633793623e-13
4.838769042968750000e+03 8.441269370537783001e-14
6.120835937500000000e+03 5.918728557018872648e-14
7.692401855468750000e+03 4.230219868173018852e-14
9.718894531250000000e+03 2.928807935056133542e-14
1.224167187500000000e+04 1.946785367509324999e-14
1.542616113281250000e+04 1.204926769985357230e-14
1.943778906250000000e+04 6.844626524684183469e-15
2.448334375000000000e+04 3.507052510034158470e-15
3.085232226562500000e+04 1.620348059937498300e-15
3.891693750000000000e+04 6.625821078339835181e-16
4.921482812500000000e+04 2.303300140186058416e-16
6.162192968750000000e+04 6.853549098914160695e-17
7.775115625000000000e+04 1.522601743787878956e-17
9.801609375000000000e+04 2.475687016622350868e-18
1.236574296875000000e+05 2.767950033064526363e-19
1.559158906250000000e+05 2.070749517418486386e-20
1.964457500000000000e+05 1.057331827785676614e-21
2.473148593750000000e+05 3.963617817858722356e-23
3.118317812500000000e+05 1.224967392773466291e-24
3.928915000000000000e+05 3.841646818605934430e-26
4.962840000000000000e+05 1.321839268615782760e-27
6.244907500000000000e+05 5.137075092668713791e-29
7.857830000000000000e+05 1.555892912845369852e-30
9.925680000000000000e+05 2.373619485224770628e-32
1.248981500000000000e+06 1.378004490521885389e-34
1.571566000000000000e+06 1.792095156446425137e-37
1.981000250000000000e+06 2.306824433381829993e-41
2.497963000000000000e+06 4.903761603695756732e-47
3.147267500000000000e+06 2.501498067404641143e-56
3.970272000000000000e+06 4.756303418962183064e-73
5.004197000000000000e+06 4.239835705992635039e-103
6.286264000000000000e+06 1.456294490391398729e-153
7.940544000000000000e+06 9.999999999999999821e-201
1.000839400000000000e+07 9.999999999999999821e-201
