1.211760009765625000e+03 5.828757688918786077e-14
1.526073364257812500e+03 3.678869160478725836e-14
1.923100463867187500e+03 2.440648317651625689e-14
2.423520019531250000e+03 1.656463189372219125e-14
3.056282226562500000e+03 1.130807844550223384e-14
3.850336669921875000e+03 7.721722626924922267e-15
4.838769042968750000e+03 5.302148439902220561e-15
6.120835937500000000e+03 3.574677165380790708e-15
7.692401855468750000e+03 2.431393331635385614e-15
9.718894531250000000e+03 1.643299871696715880e-15
1.224167187500000000e+04 1.099846679073859864e-15
1.542616113281250000e+04 7.306226041788866667e-16
1.943778906250000000e+04 4.775088511098700547e-16
2.448334375000000000e+04 3.020895490917676531e-16
3.085232226562500000e+04 1.833233637194406623e-16
3.891693750000000000e+04 1.050068458624761038e-16
4.921482812500000000e+04 5.609463226758509208e-17
6.162192968750000000e+04 2.824122768013782219e-17
7.775115625000000000e+04 1.259306265046750495e-17
9.801609375000000000e+04 4.852737736721141414e-18
1.236574296875000000e+05 1.509738904529927962e-18
1.559158906250000000e+05 3.650715027232727752e-19
1.964457500000000000e+05 6.646686331644325017e-20
2.473148593750000000e+05 8.984583550494427978e-21
3.118317812500000000e+05 9.087987503881528884e-22
3.928915000000000000e+05 7.693578109108138732e-23
4.962840000000000000e+05 6.045681064640799723e-24
6.244907500000000000e+05 5.506492473116908540e-25
7.857830000000000000e+05 6.257974654370640060e-26
9.925680000000000000e+05 8.388577075776622435e-27
1.248981500000000000e+06 1.150466887917732786e-27
1.571566000000000000e+06 1.210616099864887532e-28
1.981000250000000000e+06 7.174405969264326696e-30
2.497963000000000000e+06 1.838975249725815068e-31
3.147267500000000000e+06 1.451279941906029649e-33
3.970272000000000000e+06 1.520101017154992230e-36
5.004197000000000000e+06 3.136773664789825103e-41
6.286264000000000000e+06 3.057011517928587651e-49
7.940544000000000000e+06 6.955231649176461489e-64
1.000839400000000000e+07 9.999999999999999821e-201
