1.211760009765625000e+03 2.553195141513571215e-11
1.526073364257812500e+03 1.572419883107842497e-11
1.923100463867187500e+03 9.966634609059688937e-12
2.423520019531250000e+03 6.538670484364024532e-12
3.056282226562500000e+03 4.394842714627505136e-12
3.850336669921875000e+03 3.022051225518598151e-12
4.838769042968750000e+03 2.108344644889822911e-12
6.120835937500000000e+03 1.471656201885422133e-12
7.692401855468750000e+03 1.031125071834092276e-12
9.718894531250000000e+03 7.157728775587201841e-13
1.224167187500000000e+04 4.962412101492821552e-13
1.542616113281250000e+04 3.393384462485112140e-13
1.943778906250000000e+04 2.259603853064488373e-13
2.448334375000000000e+04 1.455515629054254965e-13
3.085232226562500000e+04 8.888226622887052755e-14
3.891693750000000000e+04 5.089986997582190009e-14
4.921482812500000000e+04 2.700561101342239696e-14
6.162192968750000000e+04 1.332094107532083966e-14
7.775115625000000000e+04 5.708455679579117918e-15
9.801609375000000000e+04 2.048205982807317469e-15
1.236574296875000000e+05 5.766574711326049232e-16
1.559158906250000000e+05 1.217784889532376909e-16
1.964457500000000000e+05 1.872856536054580526e-17
2.473148593750000000e+05 2.095976561203731897e-18
3.118317812500000000e+05 1.739769432922109707e-19
3.928915000000000000e+05 1.214826434933737796e-20
4.962840000000000000e+05 8.038809604407243350e-22
6.244907500000000000e+05 6.322389309793807251e-23
7.857830000000000000e+05 6.222226314635633980e-24
9.925680000000000000e+05 6.950734257122469170e-25
1.248981500000000000e+06 7.336550006592487573e-26
1.571566000000000000e+06 5.346668808938820906e-27
1.981000250000000000e+06 1.943160078187705335e-28
2.497963000000000000e+06 2.598593632633474700e-30
3.147267500000000000e+06 8.343758819123558640e-33
3.970272000000000000e+06 2.007653284539250272e-36
5.004197000000000000e+06 2.778640850809386003e-42
6.286264000000000000e+06 1.904493217512195368e-52
7.940544000000000000e+06 5.887199239619352899e-71
1.000839400000000000e+07 9.999999999999999821e-201
