1.211760009765625000e+03 3.935656901064822011e-13
1.526073364257812500e+03 2.620699805179737360e-13
1.923100463867187500e+03 1.742199120638780479e-13
2.423520019531250000e+03 1.152051466292708845e-13
3.056282226562500000e+03 7.604559303962200295e-14
3.850336669921875000e+03 5.017153785556167917e-14
4.838769042968750000e+03 3.274795676234193352e-14
6.120835937500000000e+03 2.134764272751718200e-14
7.692401855468750000e+03 1.387902187943987653e-14
9.718894531250000000e+03 8.923921590342486105e-15
1.224167187500000000e+04 5.722090003449746975e-15
1.542616113281250000e+04 3.624096153985516753e-15
1.943778906250000000e+04 2.252195315841325923e-15
2.448334375000000000e+04 1.350364309845012231e-15
3.085232226562500000e+04 7.703129739835446818e-16
3.891693750000000000e+04 4.157266867135192435e-16
4.921482812500000000e+04 2.079935258176631633e-16
6.162192968750000000e+04 9.762062788033633787e-17
7.775115625000000000e+04 3.985633469976412104e-17
9.801609375000000000e+04 1.370722465417204802e-17
1.236574296875000000e+05 3.737304534378429847e-18
1.559158906250000000e+05 7.696732436397136145e-19
1.964457500000000000e+05 1.167494983514543821e-19
2.473148593750000000e+05 1.292518879408967771e-20
3.118317812500000000e+05 1.070145946149930968e-21
3.928915000000000000e+05 7.414433640440654735e-23
4.962840000000000000e+05 4.902681413058245612e-24
6.244907500000000000e+05 3.860803308029824696e-25
7.857830000000000000e+05 3.839099900531257787e-26
9.925680000000000000e+05 4.328600974495429960e-27
1.248981500000000000e+06 4.624888813190745957e-28
1.571566000000000000e+06 3.417615005713734037e-29
1.981000250000000000e+06 1.264596241360252652e-30
2.497963000000000000e+06 1.751860875932679454e-32
3.147267500000000000e+06 5.780556109888802114e-35
3.970272000000000000e+06 1.436013772982724683e-38
5.004197000000000000e+06 2.062019666324436189e-44
6.286264000000000000e+06 1.469972920312811311e-54
7.940544000000000000e+06 4.730785103265551185e-73
1.000839400000000000e+07 9.999999999999999821e-201
