1.211760009765625000e+03 1.494553253568919547e-14
1.526073364257812500e+03 9.988327559364282223e-15
1.923100463867187500e+03 6.639191243515353013e-15
2.423520019531250000e+03 4.402704792805109168e-15
3.056282226562500000e+03 2.903559006967385939e-15
3.850336669921875000e+03 1.916712374790495016e-15
4.838769042968750000e+03 1.263184913352962017e-15
6.120835937500000000e+03 8.260004320151999421e-16
7.692401855468750000e+03 5.434442145520897495e-16
9.718894531250000000e+03 3.555634647594696742e-16
1.224167187500000000e+04 2.316929606438868421e-16
1.542616113281250000e+04 1.505289225857898800e-16
1.943778906250000000e+04 9.837380984800551105e-17
2.448334375000000000e+04 6.307631367167750576e-17
3.085232226562500000e+04 4.054498425116379935e-17
3.891693750000000000e+04 2.560564904529844650e-17
4.921482812500000000e+04 1.580258580538423377e-17
6.162192968750000000e+04 9.634683476268167001e-18
7.775115625000000000e+04 5.653844232581913732e-18
9.801609375000000000e+04 3.170056123992516994e-18
1.236574296875000000e+05 1.665702113961699354e-18
1.559158906250000000e+05 7.977598063369750449e-19
1.964457500000000000e+05 3.359957391769309727e-19
2.473148593750000000e+05 1.227009209536220786e-19
3.118317812500000000e+05 3.816969455917096064e-20
3.928915000000000000e+05 1.017877384949769647e-20
4.962840000000000000e+05 2.378097901231912220e-21
6.244907500000000000e+05 5.387129050527290767e-22
7.857830000000000000e+05 1.259117384236418912e-22
9.925680000000000000e+05 3.201862192480533511e-23
1.248981500000000000e+06 9.517709039526862116e-24
1.571566000000000000e+06 3.083437825843710137e-24
1.981000250000000000e+06 9.761448873808064956e-25
2.497963000000000000e+06 2.680236707689784790e-25
3.147267500000000000e+06 5.639454229618308555e-26
3.970272000000000000e+06 7.932983592361278336e-27
5.004197000000000000e+06 6.382121075050668756e-28
6.286264000000000000e+06 2.057862604119198646e-29
7.940544000000000000e+06 9.165239974446344973e-32
1.000839400000000000e+07 9.999999999999999821e-201
