1.211760009765625000e+03 1.432280201336881133e-12
1.526073364257812500e+03 8.119224679443640993e-13
1.923100463867187500e+03 4.520300412356688809e-13
2.423520019531250000e+03 2.465964429435558989e-13
3.056282226562500000e+03 1.323101924860247610e-13
3.850336669921875000e+03 6.930754506077219422e-14
4.838769042968750000e+03 3.544159582505499370e-14
6.120835937500000000e+03 1.717393133089088423e-14
7.692401855468750000e+03 7.998437319578757299e-15
9.718894531250000000e+03 3.414496403067427673e-15
1.224167187500000000e+04 1.293135708821659463e-15
1.542616113281250000e+04 2.626069230506003866e-17
1.943778906250000000e+04 1.561190463973187299e-17
2.448334375000000000e+04 8.326123558277628641e-18
3.085232226562500000e+04 3.963764117136983896e-18
3.891693750000000000e+04 1.635819772863851998e-18
4.921482812500000000e+04 5.594493627164524737e-19
6.162192968750000000e+04 1.613019809608903902e-19
7.775115625000000000e+04 3.369209304834996450e-20
9.801609375000000000e+04 5.092122239521145827e-21
1.236574296875000000e+05 5.223417610289995139e-22
1.559158906250000000e+05 3.621088390115084665e-23
1.964457500000000000e+05 1.741762953187048200e-24
2.473148593750000000e+05 6.413197760952719498e-26
3.118317812500000000e+05 2.004002416511913995e-27
3.928915000000000000e+05 6.346540294920569939e-29
4.962840000000000000e+05 1.988617978465867429e-30
6.244907500000000000e+05 5.312691131016536933e-32
7.857830000000000000e+05 8.145039671918070252e-34
9.925680000000000000e+05 4.599888127850546677e-36
1.248981500000000000e+06 7.063232958905415984e-39
1.571566000000000000e+06 1.459194408178980963e-42
1.981000250000000000e+06 9.470643217139739696e-48
2.497963000000000000e+06 6.785518309380851584e-56
3.147267500000000000e+06 4.956794226112836317e-70
3.970272000000000000e+06 1.053060794017338335e-95
5.004197000000000000e+06 1.729900137485186451e-140
6.286264000000000000e+06 9.999999999999999821e-201
7.940544000000000000e+06 9.999999999999999821e-201
1.000839400000000000e+07 9.999999999999999821e-201
