1.211760009765625000e+03 3.537109366779776420e-14
1.526073364257812500e+03 2.363574541275310718e-14
1.923100463867187500e+03 1.569548754290516983e-14
2.423520019531250000e+03 1.039939544736713113e-14
3.056282226562500000e+03 6.812987523534111004e-15
3.850336669921875000e+03 4.463875783575158882e-15
4.838769042968750000e+03 2.916159375780840313e-15
6.120835937500000000e+03 1.871298918842448438e-15
7.692401855468750000e+03 1.187357520949400098e-15
9.718894531250000000e+03 7.216351641776958401e-16
1.224167187500000000e+04 4.123779228919465632e-16
1.542616113281250000e+04 2.161865073598376657e-16
1.943778906250000000e+04 1.021229852373438171e-16
2.448334375000000000e+04 4.340435338650994685e-17
3.085232226562500000e+04 1.647408260271039023e-17
3.891693750000000000e+04 5.480623791436436197e-18
4.921482812500000000e+04 1.508462941355879491e-18
6.162192968750000000e+04 3.522486503145931915e-19
7.775115625000000000e+04 6.022580938671053362e-20
9.801609375000000000e+04 7.470478734626828758e-21
1.236574296875000000e+05 6.348719796429643215e-22
1.559158906250000000e+05 3.671732982983827227e-23
1.964457500000000000e+05 1.491975242846270095e-24
2.473148593750000000e+05 4.676873476327965868e-26
3.118317812500000000e+05 1.268865851660810067e-27
3.928915000000000000e+05 3.522517631145262957e-29
4.962840000000000000e+05 9.857863407537940808e-31
6.244907500000000000e+05 2.414428380078050507e-32
7.857830000000000000e+05 3.496130717644647013e-34
9.925680000000000000e+05 1.883696518613643968e-36
1.248981500000000000e+06 2.767634138999673653e-39
1.571566000000000000e+06 5.462011855751922122e-43
1.981000250000000000e+06 3.407334736793818247e-48
2.497963000000000000e+06 2.345948038620113421e-56
3.147267500000000000e+06 1.654543727888698612e-70
3.970272000000000000e+06 3.389852841693907416e-96
5.004197000000000000e+06 5.434846688623246650e-141
6.286264000000000000e+06 9.999999999999999821e-201
7.940544000000000000e+06 9.999999999999999821e-201
1.000839400000000000e+07 9.999999999999999821e-201
