1.211760009765625000e+03 1.606644747586588505e-13
1.526073364257812500e+03 1.077948221753174986e-13
1.923100463867187500e+03 7.204228796154956242e-14
2.423520019531250000e+03 4.788797716643747388e-14
3.056282226562500000e+03 3.175150410680321945e-14
3.850336669921875000e+03 2.097016606365879332e-14
4.838769042968750000e+03 1.384824938061339957e-14
6.120835937500000000e+03 9.024316634979583188e-15
7.692401855468750000e+03 5.905092862749666344e-15
9.718894531250000000e+03 3.819129071351409811e-15
1.224167187500000000e+04 2.464037145447768318e-15
1.542616113281250000e+04 1.582222588714907945e-15
1.943778906250000000e+04 1.012440216148656913e-15
2.448334375000000000e+04 6.451896559886166590e-16
3.085232226562500000e+04 4.020582638084179470e-16
3.891693750000000000e+04 2.465763866977773342e-16
4.921482812500000000e+04 1.465603708734743395e-16
6.162192968750000000e+04 8.539273683512022745e-17
7.775115625000000000e+04 4.723464143976557065e-17
9.801609375000000000e+04 2.453050864748335201e-17
1.236574296875000000e+05 1.156517347094216578e-17
1.559158906250000000e+05 4.799590125877321053e-18
1.964457500000000000e+05 1.687179219503850244e-18
2.473148593750000000e+05 4.936173008277550470e-19
3.118317812500000000e+05 1.179401274315388173e-19
3.928915000000000000e+05 2.353348483223606663e-20
4.962840000000000000e+05 4.082079223509991770e-21
6.244907500000000000e+05 7.045581774048804006e-22
7.857830000000000000e+05 1.308817267074215409e-22
9.925680000000000000e+05 2.754494176595785059e-23
1.248981500000000000e+06 6.934061067471484711e-24
1.571566000000000000e+06 1.867494942499271552e-24
1.981000250000000000e+06 4.556557726327937432e-25
2.497963000000000000e+06 8.608284184858454863e-26
3.147267500000000000e+06 1.081365867995871473e-26
3.970272000000000000e+06 7.524154966473407319e-28
5.004197000000000000e+06 2.185938083997963691e-29
6.286264000000000000e+06 1.328581188140227508e-31
7.940544000000000000e+06 2.684862155785753340e-35
1.000839400000000000e+07 9.999999999999999821e-201
