1.211760009765625000e+03 1.332643317765620095e-12
1.526073364257812500e+03 9.009273669882040227e-13
1.923100463867187500e+03 6.168326616315681267e-13
2.423520019531250000e+03 4.240794857001809558e-13
3.056282226562500000e+03 2.913395870354285924e-13
3.850336669921875000e+03 1.998700107277119887e-13
4.838769042968750000e+03 1.371316952827058333e-13
6.120835937500000000e+03 9.297527911807227930e-14
7.692401855468750000e+03 6.295218671435692777e-14
9.718894531250000000e+03 4.172262060749576837e-14
1.224167187500000000e+04 2.691444255918787786e-14
1.542616113281250000e+04 1.650121233369102037e-14
1.943778906250000000e+04 9.336076801258991065e-15
2.448334375000000000e+04 4.843530193230509261e-15
3.085232226562500000e+04 2.278990598059905734e-15
3.891693750000000000e+04 9.633810486045039697e-16
4.921482812500000000e+04 3.502191584115400202e-16
6.162192968750000000e+04 1.102624324287960557e-16
7.775115625000000000e+04 2.651170655116283239e-17
9.801609375000000000e+04 4.754319847717399980e-18
1.236574296875000000e+05 6.002586201070694070e-19
1.559158906250000000e+05 5.173550173480967010e-20
1.964457500000000000e+05 3.037700126800542937e-21
2.473148593750000000e+05 1.293296712360782730e-22
3.118317812500000000e+05 4.381051010230144028e-24
3.928915000000000000e+05 1.448901713793274528e-25
4.962840000000000000e+05 5.285999139983942277e-27
6.244907500000000000e+05 2.389477585995170828e-28
7.857830000000000000e+05 9.950681318066774776e-30
9.925680000000000000e+05 2.514890602879307812e-31
1.248981500000000000e+06 2.930244494171780422e-33
1.571566000000000000e+06 9.817597149769576248e-36
1.981000250000000000e+06 5.233094474841883585e-39
2.497963000000000000e+06 1.346562893636299338e-43
3.147267500000000000e+06 8.980779156750507428e-51
3.970272000000000000e+06 2.081796741101086623e-63
5.004197000000000000e+06 2.887094834319171886e-86
6.286264000000000000e+06 1.276026000520986312e-125
7.940544000000000000e+06 4.184748922351814743e-191
1.000839400000000000e+07 9.999999999999999821e-201
