1.211760009765625000e+03 2.079919944550079598e-12
1.526073364257812500e+03 1.404299518247255445e-12
1.923100463867187500e+03 9.652724857593244245e-13
2.423520019531250000e+03 6.663216588828100476e-13
3.056282226562500000e+03 4.621929719748495166e-13
3.850336669921875000e+03 3.217515270734344697e-13
4.838769042968750000e+03 2.237739936658699387e-13
6.120835937500000000e+03 1.542208994895008581e-13
7.692401855468750000e+03 1.060247355189169556e-13
9.718894531250000000e+03 7.156799885227377201e-14
1.224167187500000000e+04 4.683812081728799696e-14
1.542616113281250000e+04 2.908976607279551329e-14
1.943778906250000000e+04 1.675854779853321938e-14
2.448334375000000000e+04 8.849457420714388988e-15
3.085232226562500000e+04 4.223450466129365953e-15
3.891693750000000000e+04 1.800915023292203500e-15
4.921482812500000000e+04 6.631078034440097712e-16
6.162192968750000000e+04 2.123428469035118444e-16
7.775115625000000000e+04 5.182919208650751226e-17
9.801609375000000000e+04 9.370833323037194388e-18
1.236574296875000000e+05 1.182531963207185569e-18
1.559158906250000000e+05 1.017044253616014627e-19
1.964457500000000000e+05 5.978038070049787832e-21
2.473148593750000000e+05 2.531792716570685140e-22
3.118317812500000000e+05 8.573776298301072204e-24
3.928915000000000000e+05 2.827125295206388831e-25
4.962840000000000000e+05 1.025396098731325072e-26
6.244907500000000000e+05 4.608278201562114496e-28
7.857830000000000000e+05 1.902919136522730375e-29
9.925680000000000000e+05 4.747209227907007355e-31
1.248981500000000000e+06 5.482392924579461270e-33
1.571566000000000000e+06 1.816370432861350007e-35
1.981000250000000000e+06 9.579223784456331177e-39
2.497963000000000000e+06 2.423146593251458322e-43
3.147267500000000000e+06 1.570021104381563662e-50
3.970272000000000000e+06 3.651493749097092534e-63
5.004197000000000000e+06 4.988899873703530363e-86
6.286264000000000000e+06 2.162495986459844595e-125
7.940544000000000000e+06 6.987308875824655313e-191
1.000839400000000000e+07 9.999999999999999821e-201
