1.211760009765625000e+03 1.706281631157849628e-09
1.526073364257812500e+03 9.830096627730789926e-10
1.923100463867187500e+03 5.634680038822722222e-10
2.423520019531250000e+03 3.188380274280361749e-10
3.056282226562500000e+03 1.792497275620249774e-10
3.850336669921875000e+03 9.955160742669002800e-11
4.838769042968750000e+03 5.424660300419283355e-11
6.120835937500000000e+03 2.905017954693051799e-11
7.692401855468750000e+03 1.519934560670516173e-11
9.718894531250000000e+03 7.717268695590195494e-12
1.224167187500000000e+04 3.748239152870425480e-12
1.542616113281250000e+04 1.711663507825718486e-12
1.943778906250000000e+04 7.205759210407183910e-13
2.448334375000000000e+04 2.779635896456655740e-13
3.085232226562500000e+04 3.581480725643218721e-14
3.891693750000000000e+04 1.934050800737364336e-14
4.921482812500000000e+04 9.194082044738323129e-15
6.162192968750000000e+04 3.823427824155284079e-15
7.775115625000000000e+04 1.234845117219129063e-15
9.801609375000000000e+04 3.076623131763060159e-16
1.236574296875000000e+05 5.310303913220734027e-17
1.559158906250000000e+05 6.307801537635756931e-18
1.964457500000000000e+05 5.082587089336655566e-19
2.473148593750000000e+05 2.893881038254748794e-20
3.118317812500000000e+05 1.269569669776634417e-21
3.928915000000000000e+05 5.209399427541007798e-23
4.962840000000000000e+05 2.296226147103019497e-24
6.244907500000000000e+05 1.305870847692509465e-25
7.857830000000000000e+05 7.821487835164284699e-27
9.925680000000000000e+05 3.365964151570709836e-28
1.248981500000000000e+06 8.022327355030587595e-30
1.571566000000000000e+06 6.719420231420268356e-32
1.981000250000000000e+06 1.200254041733201458e-34
2.497963000000000000e+06 2.030890832062601537e-38
3.147267500000000000e+06 4.402762834377833201e-44
3.970272000000000000e+06 1.045036317278423279e-53
5.004197000000000000e+06 5.169498639045060245e-71
6.286264000000000000e+06 2.718472511619816560e-101
7.940544000000000000e+06 4.466800881170439116e-153
1.000839400000000000e+07 9.999999999999999821e-201
