1.211760009765625000e+03 3.773746965261522496e-13
1.526073364257812500e+03 2.472358306773337151e-13
1.923100463867187500e+03 1.616635220052201633e-13
2.423520019531250000e+03 1.052414582721447605e-13
3.056282226562500000e+03 6.814452452771196728e-14
3.850336669921875000e+03 4.428870724100776575e-14
4.838769042968750000e+03 2.840152605564349727e-14
6.120835937500000000e+03 1.807019643003982476e-14
7.692401855468750000e+03 1.148742315776688647e-14
9.718894531250000000e+03 7.195624290719290453e-15
1.224167187500000000e+04 4.438391123875137716e-15
1.542616113281250000e+04 2.638814574564649304e-15
1.943778906250000000e+04 1.479076890557264097e-15
2.448334375000000000e+04 7.679474548769137860e-16
3.085232226562500000e+04 3.657682443210094682e-16
3.891693750000000000e+04 1.581121822500618428e-16
4.921482812500000000e+04 6.073666320463498939e-17
6.162192968750000000e+04 2.058533540525205038e-17
7.775115625000000000e+04 5.503576944847325406e-18
9.801609375000000000e+04 1.125246423191119309e-18
1.236574296875000000e+05 1.647457263667238609e-19
1.559158906250000000e+05 1.669277690287683299e-20
1.964457500000000000e+05 1.166045621035400352e-21
2.473148593750000000e+05 5.824451534997670002e-23
3.118317812500000000e+05 2.242107945114962419e-24
3.928915000000000000e+05 8.170907321280074091e-26
4.962840000000000000e+05 3.222435013161380609e-27
6.244907500000000000e+05 1.655009928499187251e-28
7.857830000000000000e+05 9.056459598611277950e-30
9.925680000000000000e+05 3.592883083137274613e-31
1.248981500000000000e+06 7.963770221052260918e-33
1.571566000000000000e+06 6.403212220529902032e-35
1.981000250000000000e+06 1.128402099098833002e-37
2.497963000000000000e+06 1.970447652536928939e-41
3.147267500000000000e+06 4.685509071447968634e-47
3.970272000000000000e+06 1.219209036824827070e-56
5.004197000000000000e+06 6.586324191968521128e-74
6.286264000000000000e+06 3.723934947424406797e-104
7.940544000000000000e+06 6.551828565213284458e-156
1.000839400000000000e+07 9.999999999999999821e-201
