1.211760009765625000e+03 7.597312372308675886e-10
1.526073364257812500e+03 4.519470984781660146e-10
1.923100463867187500e+03 2.676080631251460099e-10
2.423520019531250000e+03 1.575508221470569554e-10
3.056282226562500000e+03 9.184727471019280886e-11
3.850336669921875000e+03 5.330711381828660056e-11
4.838769042968750000e+03 3.047020785910901110e-11
6.120835937500000000e+03 1.720394789202543001e-11
7.692401855468750000e+03 9.582218954065762890e-12
9.718894531250000000e+03 5.246863807086030089e-12
1.224167187500000000e+04 2.797772037446639245e-12
1.542616113281250000e+04 1.448858912585552938e-12
1.943778906250000000e+04 7.039857944345921309e-13
2.448334375000000000e+04 3.196914563434498578e-13
3.085232226562500000e+04 1.317356075811816893e-13
3.891693750000000000e+04 4.803327025627347116e-14
4.921482812500000000e+04 1.404935053642284086e-17
6.162192968750000000e+04 8.481793978760094660e-18
7.775115625000000000e+04 4.383692061831048792e-18
9.801609375000000000e+04 1.843695155560409773e-18
1.236574296875000000e+05 5.975346263062990057e-19
1.559158906250000000e+05 1.440504131091841714e-19
1.964457500000000000e+05 2.478555372616602275e-20
2.473148593750000000e+05 3.059032841605388447e-21
3.118317812500000000e+05 2.816728187597543479e-22
3.928915000000000000e+05 2.240170343417002884e-23
4.962840000000000000e+05 1.732772194823672371e-24
6.244907500000000000e+05 1.660841822516424794e-25
7.857830000000000000e+05 2.011795857776410587e-26
9.925680000000000000e+05 2.581933320056111536e-27
1.248981500000000000e+06 2.816739943059516795e-28
1.571566000000000000e+06 1.852538576943867489e-29
1.981000250000000000e+06 5.110630620420503062e-31
2.497963000000000000e+06 4.213906618320467200e-33
3.147267500000000000e+06 5.645404233059366381e-36
3.970272000000000000e+06 2.348129589570938572e-40
5.004197000000000000e+06 8.565902195176977841e-48
6.286264000000000000e+06 5.365910925170195645e-61
7.940544000000000000e+06 5.040903339586499470e-85
1.000839400000000000e+07 9.999999999999999821e-201
