1.211760009765625000e+03 5.118844893473550330e-09
1.526073364257812500e+03 3.016277134263471359e-09
1.923100463867187500e+03 1.773590095785425138e-09
2.423520019531250000e+03 1.033732667051836283e-09
3.056282226562500000e+03 5.975010881684587045e-10
3.850336669921875000e+03 3.433605272413166486e-10
4.838769042968750000e+03 1.961695060734858132e-10
6.120835937500000000e+03 1.099278045822828329e-10
7.692401855468750000e+03 6.074617332843326861e-11
9.718894531250000000e+03 3.296702038080603891e-11
1.224167187500000000e+04 1.747080355261438416e-11
1.542616113281250000e+04 8.940984605297686276e-12
1.943778906250000000e+04 4.318263378232806161e-12
2.448334375000000000e+04 1.938328597431215529e-12
3.085232226562500000e+04 7.837900674522819316e-13
3.891693750000000000e+04 2.843760776366439601e-13
4.921482812500000000e+04 7.927847802695746400e-16
6.162192968750000000e+04 4.640981611019675133e-16
7.775115625000000000e+04 2.306203215137204700e-16
9.801609375000000000e+04 9.368369692888259020e-17
1.236574296875000000e+05 2.923814469178150839e-17
1.559158906250000000e+05 6.688054894354979783e-18
1.964457500000000000e+05 1.093578823188270957e-18
2.473148593750000000e+05 1.278873084748575414e-19
3.118317812500000000e+05 1.104087900694098669e-20
3.928915000000000000e+05 8.125588287068772786e-22
4.962840000000000000e+05 5.805782698748280721e-23
6.244907500000000000e+05 5.085161759951974538e-24
7.857830000000000000e+05 5.599498470811010912e-25
9.925680000000000000e+05 6.483521448140902932e-26
1.248981500000000000e+06 6.345577062735204207e-27
1.571566000000000000e+06 3.715723927318446684e-28
1.981000250000000000e+06 9.150170991052277964e-30
2.497963000000000000e+06 6.720914353270618901e-32
3.147267500000000000e+06 8.081434826776764719e-35
3.970272000000000000e+06 3.024106289598936162e-39
5.004197000000000000e+06 1.006869205397995873e-46
6.286264000000000000e+06 5.816483598276089912e-60
7.940544000000000000e+06 5.301375548622883770e-84
1.000839400000000000e+07 9.999999999999999821e-201
