1.211760009765625000e+03 3.425017872762108282e-14
1.526073364257812500e+03 2.284459075458564113e-14
1.923100463867187500e+03 1.514614550825606699e-14
2.423520019531250000e+03 1.002596140935816922e-14
3.056282226562500000e+03 6.616954199551525873e-15
3.850336669921875000e+03 4.350801201345450589e-15
4.838769042968750000e+03 2.847420652545191387e-15
6.120835937500000000e+03 1.851026485230816231e-15
7.692401855468750000e+03 1.207085250655319104e-15
9.718894531250000000e+03 7.816124550378896260e-16
1.224167187500000000e+04 5.045763543517301539e-16
1.542616113281250000e+04 3.212272720666653370e-16
1.943778906250000000e+04 1.988578429639981581e-16
2.448334375000000000e+04 1.178928626382821704e-16
3.085232226562500000e+04 6.586780379059086200e-17
3.891693750000000000e+04 3.465086660278435089e-17
4.921482812500000000e+04 1.662984349209234143e-17
6.162192968750000000e+04 7.441573962497063500e-18
7.775115625000000000e+04 2.828434356416208043e-18
9.801609375000000000e+04 8.828751598577894662e-19
1.236574296875000000e+05 2.125581189761338652e-19
1.559158906250000000e+05 3.776178686505041755e-20
1.964457500000000000e+05 4.823134779145820620e-21
2.473148593750000000e+05 4.420795848513594101e-22
3.118317812500000000e+05 3.025374720012175576e-23
3.928915000000000000e+05 1.776229739750759558e-24
4.962840000000000000e+05 1.025721471648495715e-25
6.244907500000000000e+05 7.305837904664948199e-27
7.857830000000000000e+05 6.616573043353527904e-28
9.925680000000000000e+05 6.383112930138720137e-29
1.248981500000000000e+06 5.253694725257077029e-30
1.571566000000000000e+06 2.608459490524410670e-31
1.981000250000000000e+06 5.508464141770602164e-33
2.497963000000000000e+06 3.493808651898615220e-35
3.147267500000000000e+06 3.665646036260465162e-38
3.970272000000000000e+06 1.211421401892279455e-42
5.004197000000000000e+06 3.651779356891238998e-50
6.286264000000000000e+06 2.018799639240695399e-63
7.940544000000000000e+06 1.853949252553089827e-87
1.000839400000000000e+07 9.999999999999999821e-201
