1.211760009765625000e+03 1.236742817328280950e-12
1.526073364257812500e+03 8.247787311395854440e-13
1.923100463867187500e+03 5.485572906876161064e-13
2.423520019531250000e+03 3.636746250351037786e-13
3.056282226562500000e+03 2.394942378195887774e-13
3.850336669921875000e+03 1.575695246471375265e-13
4.838769042968750000e+03 1.035424196282406268e-13
6.120835937500000000e+03 6.704082240503010627e-14
7.692401855468750000e+03 4.369744650000948679e-14
9.718894531250000000e+03 2.801318591757412598e-14
1.224167187500000000e+04 1.783529710689077954e-14
1.542616113281250000e+04 1.114890131840509753e-14
1.943778906250000000e+04 6.824578248329874644e-15
2.448334375000000000e+04 3.982944198845128957e-15
3.085232226562500000e+04 2.192154161116255905e-15
3.891693750000000000e+04 1.126810176073043343e-15
4.921482812500000000e+04 5.309737616497710814e-16
6.162192968750000000e+04 2.322677535766211779e-16
7.775115625000000000e+04 8.621717546499525827e-17
9.801609375000000000e+04 2.625018845599155725e-17
1.236574296875000000e+05 6.163085938551568725e-18
1.559158906250000000e+05 1.061581903612684132e-18
1.964457500000000000e+05 1.317603312246767362e-19
2.473148593750000000e+05 1.173029514057976273e-20
3.118317812500000000e+05 7.761134237716333265e-22
3.928915000000000000e+05 4.409261033591511817e-23
4.962840000000000000e+05 2.448794693471599194e-24
6.244907500000000000e+05 1.688046462446020005e-25
7.857830000000000000e+05 1.480421219749380459e-26
9.925680000000000000e+05 1.383780803307673839e-27
1.248981500000000000e+06 1.094936775782359271e-28
1.571566000000000000e+06 5.269742295456613957e-30
1.981000250000000000e+06 1.073651460611777446e-31
2.497963000000000000e+06 6.557125340894484294e-34
3.147267500000000000e+06 6.589724067422887397e-37
3.970272000000000000e+06 2.029083225939715401e-41
5.004197000000000000e+06 5.364842386196402348e-49
6.286264000000000000e+06 2.372473566750959121e-62
7.940544000000000000e+06 1.500209216078832293e-86
1.000839400000000000e+07 9.999999999999999821e-201
