1.211760009765625000e+03 1.053660043766088260e-11
1.526073364257812500e+03 7.041276457690465401e-12
1.923100463867187500e+03 4.732189503356687584e-12
2.423520019531250000e+03 3.194607579503565124e-12
3.056282226562500000e+03 2.152979127615272346e-12
3.850336669921875000e+03 1.450266769140320794e-12
4.838769042968750000e+03 9.792867398574565621e-13
6.120835937500000000e+03 6.531550712254770210e-13
7.692401855468750000e+03 4.350149382512155581e-13
9.718894531250000000e+03 2.878703083242424149e-13
1.224167187500000000e+04 1.881257366069301050e-13
1.542616113281250000e+04 1.219708862184489524e-13
1.943778906250000000e+04 7.615097939156606998e-14
2.448334375000000000e+04 4.539813893756898780e-14
3.085232226562500000e+04 2.544661362903793727e-14
3.891693750000000000e+04 1.326920228483478169e-14
4.921482812500000000e+04 6.323155279861521033e-15
6.162192968750000000e+04 2.776076917747973003e-15
7.775115625000000000e+04 1.036118687605644846e-15
9.801609375000000000e+04 3.158920983687119289e-16
1.236574296875000000e+05 7.467680772259566289e-17
1.559158906250000000e+05 1.294118892023081447e-17
1.964457500000000000e+05 1.599478647702543518e-18
2.473148593750000000e+05 1.424942409699935281e-19
3.118317812500000000e+05 9.414593270968943371e-21
3.928915000000000000e+05 5.344947241301339783e-22
4.962840000000000000e+05 2.957759865055891772e-23
6.244907500000000000e+05 2.020268372608269096e-24
7.857830000000000000e+05 1.748613469703978058e-25
9.925680000000000000e+05 1.602993603831661738e-26
1.248981500000000000e+06 1.261427162236937081e-27
1.571566000000000000e+06 5.998324090093608110e-29
1.981000250000000000e+06 1.206445193897970651e-30
2.497963000000000000e+06 7.280337694669611247e-33
3.147267500000000000e+06 7.198006289031152641e-36
3.970272000000000000e+06 2.204255878538827195e-40
5.004197000000000000e+06 5.785079277078520775e-48
6.286264000000000000e+06 2.519048801478389446e-61
7.940544000000000000e+06 1.570627199690696124e-85
1.000839400000000000e+07 9.999999999999999821e-201
