1.211760009765625000e+03 9.751959979537201347e-16
1.526073364257812500e+03 4.717259649323527243e-16
1.923100463867187500e+03 2.173791951691479903e-16
2.423520019531250000e+03 9.339202074667218633e-17
3.056282226562500000e+03 3.665527644920894957e-17
3.850336669921875000e+03 1.308977454481478318e-17
4.838769042968750000e+03 4.080495247644524874e-18
6.120835937500000000e+03 7.751175431875234745e-21
7.692401855468750000e+03 5.415563193218133725e-21
9.718894531250000000e+03 3.515057666582278417e-21
1.224167187500000000e+04 2.087162766474870111e-21
1.542616113281250000e+04 1.113608082158597322e-21
1.943778906250000000e+04 5.313687318916384416e-22
2.448334375000000000e+04 2.263411731342289650e-22
3.085232226562500000e+04 8.478912517063748565e-23
3.891693750000000000e+04 2.732902309526167883e-23
4.921482812500000000e+04 7.177456628120243590e-24
6.162192968750000000e+04 1.592513168554058814e-24
7.775115625000000000e+04 2.532211877257953648e-25
9.801609375000000000e+04 2.916157346203935666e-26
1.236574296875000000e+05 2.302674453353925794e-27
1.559158906250000000e+05 1.254937655543867940e-28
1.964457500000000000e+05 4.929116480107873607e-30
2.473148593750000000e+05 1.541774189610793588e-31
3.118317812500000000e+05 4.208684792906563758e-33
3.928915000000000000e+05 1.096956836519237872e-34
4.962840000000000000e+05 2.284858131760519155e-36
6.244907500000000000e+05 3.253491281400301464e-38
7.857830000000000000e+05 2.145492337690176223e-40
9.925680000000000000e+05 3.903548242248334849e-43
1.248981500000000000e+06 1.318828487392116436e-46
1.571566000000000000e+06 2.593594377713466768e-51
1.981000250000000000e+06 2.092521578547590972e-58
2.497963000000000000e+06 2.704574617370336280e-70
3.147267500000000000e+06 2.453014147376946944e-91
3.970272000000000000e+06 1.397206782388037727e-128
5.004197000000000000e+06 1.764963072666217732e-190
6.286264000000000000e+06 9.999999999999999821e-201
7.940544000000000000e+06 9.999999999999999821e-201
1.000839400000000000e+07 9.999999999999999821e-201
