1.211760009765625000e+03 3.175925663833954551e-14
1.526073364257812500e+03 2.136117577052163714e-14
1.923100463867187500e+03 1.428289369172333743e-14
2.423520019531250000e+03 9.527776991501862705e-15
3.056282226562500000e+03 6.320672668228321479e-15
3.850336669921875000e+03 4.154780637456266657e-15
4.838769042968750000e+03 2.750560025426769673e-15
6.120835937500000000e+03 1.801307149792451285e-15
7.692401855468750000e+03 1.184786874967995164e-15
9.718894531250000000e+03 7.710296745486719557e-16
1.224167187500000000e+04 4.995642424817776104e-16
1.542616113281250000e+04 3.176491153983478926e-16
1.943778906250000000e+04 1.947434090990374858e-16
2.448334375000000000e+04 1.131112549883758375e-16
3.085232226562500000e+04 6.151240986580805232e-17
3.891693750000000000e+04 3.092506853233921067e-17
4.921482812500000000e+04 1.423838923152918774e-17
6.162192968750000000e+04 5.944955767407559386e-18
7.775115625000000000e+04 2.067619339273928327e-18
9.801609375000000000e+04 5.765569214619889380e-19
1.236574296875000000e+05 1.208544423464630429e-19
1.559158906250000000e+05 1.822002629664870108e-20
1.964457500000000000e+05 1.940284691610044105e-21
2.473148593750000000e+05 1.473913860708805915e-22
3.118317812500000000e+05 8.410806653764993052e-24
3.928915000000000000e+05 4.220961044699065073e-25
4.962840000000000000e+05 2.163780892085103235e-26
6.244907500000000000e+05 1.407580011959567409e-27
7.857830000000000000e+05 1.138382410937954790e-28
9.925680000000000000e+05 8.807618723465854120e-30
1.248981500000000000e+06 5.135862167339241250e-31
1.571566000000000000e+06 1.550344569423605276e-32
1.981000250000000000e+06 1.649279014825965569e-34
2.497963000000000000e+06 4.044100442642306942e-37
3.147267500000000000e+06 9.374470007329979076e-41
3.970272000000000000e+06 1.806597838989851001e-46
5.004197000000000000e+06 2.216673785833407402e-56
6.286264000000000000e+06 5.825946165345652623e-74
7.940544000000000000e+06 2.210184443020528235e-105
1.000839400000000000e+07 9.999999999999999821e-201
