1.211760009765625000e+03 5.268300218830442106e-13
1.526073364257812500e+03 3.036056000717658348e-13
1.923100463867187500e+03 1.718655889278796693e-13
2.423520019531250000e+03 9.590042763039710690e-14
3.056282226562500000e+03 5.234062119226315781e-14
3.850336669921875000e+03 2.770239363687741976e-14
4.838769042968750000e+03 1.435915583854715050e-14
6.120835937500000000e+03 7.097104945824417222e-15
7.692401855468750000e+03 3.356363018444060830e-15
9.718894531250000000e+03 1.483057240262123280e-15
1.224167187500000000e+04 5.888304073968174579e-16
1.542616113281250000e+04 6.340267646692010399e-19
1.943778906250000000e+04 4.006600284860362364e-19
2.448334375000000000e+04 2.293807467229388792e-19
3.085232226562500000e+04 1.182088553823263293e-19
3.891693750000000000e+04 5.399068984478766606e-20
4.921482812500000000e+04 2.088249780049452239e-20
6.162192968750000000e+04 6.913501157782346590e-21
7.775115625000000000e+04 1.710817856970339696e-21
9.801609375000000000e+04 3.101821749746139487e-22
1.236574296875000000e+05 3.877354111263272051e-23
1.559158906250000000e+05 3.264208106245074134e-24
1.964457500000000000e+05 1.875791413321512231e-25
2.473148593750000000e+05 7.946070290325507320e-27
3.118317812500000000e+05 2.752937931360402400e-28
3.928915000000000000e+05 9.528559125094179892e-30
4.962840000000000000e+05 3.598686598071950420e-31
6.244907500000000000e+05 1.505869067328276370e-32
7.857830000000000000e+05 4.886873926709746755e-34
9.925680000000000000e+05 8.053285259174771840e-36
1.248981500000000000e+06 5.090769289604233101e-38
1.571566000000000000e+06 7.171719816535393002e-41
1.981000250000000000e+06 9.977927285442474634e-45
2.497963000000000000e+06 2.235325338331732147e-50
3.147267500000000000e+06 1.114138596335940041e-59
3.970272000000000000e+06 1.786389928521847164e-76
5.004197000000000000e+06 1.069660315817851408e-106
6.286264000000000000e+06 1.790106350570565278e-157
7.940544000000000000e+06 9.999999999999999821e-201
1.000839400000000000e+07 9.999999999999999821e-201
