1.211760009765625000e+03 2.216920659460564358e-13
1.526073364257812500e+03 1.216400286932481814e-13
1.923100463867187500e+03 6.411606673702178539e-14
2.423520019531250000e+03 3.300471619210184997e-14
3.056282226562500000e+03 1.629514381695044130e-14
3.850336669921875000e+03 7.720117245302923583e-15
4.838769042968750000e+03 3.458929837360563718e-15
6.120835937500000000e+03 1.448141087560955973e-15
7.692401855468750000e+03 5.626038371036253112e-16
9.718894531250000000e+03 1.941927606986594452e-16
1.224167187500000000e+04 4.639115010443217059e-18
1.542616113281250000e+04 3.101698593611444836e-18
1.943778906250000000e+04 1.915987266113554533e-18
2.448334375000000000e+04 1.078604414154505486e-18
3.085232226562500000e+04 5.486809014722901644e-19
3.891693750000000000e+04 2.495012006630130862e-19
4.921482812500000000e+04 9.758664798459624003e-20
6.162192968750000000e+04 3.309930598523689185e-20
7.775115625000000000e+04 8.515201747365563864e-21
9.801609375000000000e+04 1.628089178856990942e-21
1.236574296875000000e+05 2.172653121494590327e-22
1.559158906250000000e+05 1.972736171923146558e-23
1.964457500000000000e+05 1.219334471393707882e-24
2.473148593750000000e+05 5.464022733262539610e-26
3.118317812500000000e+05 1.956959142930704866e-27
3.928915000000000000e+05 6.878612474586515117e-29
4.962840000000000000e+05 2.666735010944196411e-30
6.244907500000000000e+05 1.257635050289834422e-31
7.857830000000000000e+05 5.247975074106406036e-33
9.925680000000000000e+05 1.271433279863474730e-34
1.248981500000000000e+06 1.353126875470629258e-36
1.571566000000000000e+06 3.849331227809947804e-39
1.981000250000000000e+06 1.530320453236824035e-42
2.497963000000000000e+06 2.192456891871588052e-47
3.147267500000000000e+06 4.091922331828217464e-55
3.970272000000000000e+06 7.181488733150654281e-69
5.004197000000000000e+06 8.945879984831785909e-94
6.286264000000000000e+06 2.230332822894538422e-136
7.940544000000000000e+06 9.999999999999999821e-201
1.000839400000000000e+07 9.999999999999999821e-201
