1.211760009765625000e+03 5.168663335259180866e-12
1.526073364257812500e+03 3.490969929163952053e-12
1.923100463867187500e+03 2.346475392211691125e-12
2.423520019531250000e+03 1.575508150302220777e-12
3.056282226562500000e+03 1.051777464548619554e-12
3.850336669921875000e+03 7.014725821874229416e-13
4.838769042968750000e+03 4.674229509946708814e-13
6.120835937500000000e+03 3.073304515197274541e-13
7.692401855468750000e+03 2.005127862341640439e-13
9.718894531250000000e+03 1.292595563400452213e-13
1.224167187500000000e+04 8.066520876367684572e-14
1.542616113281250000e+04 4.744264784314279730e-14
1.943778906250000000e+04 2.582661197889908134e-14
2.448334375000000000e+04 1.282571274523466266e-14
3.085232226562500000e+04 5.759203788503471198e-15
3.891693750000000000e+04 2.317501270980556529e-15
4.921482812500000000e+04 8.067162900059955393e-16
6.162192968750000000e+04 2.445024110467247825e-16
7.775115625000000000e+04 5.627863223833562572e-17
9.801609375000000000e+04 9.649932550178855251e-18
1.236574296875000000e+05 1.158191240919808234e-18
1.559158906250000000e+05 9.472688104820157017e-20
1.964457500000000000e+05 5.303714971520606541e-21
2.473148593750000000e+05 2.156300159103607751e-22
3.118317812500000000e+05 7.080302489174755252e-24
3.928915000000000000e+05 2.292870824862171790e-25
4.962840000000000000e+05 8.229875990712951302e-27
6.244907500000000000e+05 3.568964331903583814e-28
7.857830000000000000e+05 1.374375359030130094e-29
9.925680000000000000e+05 3.055055321757259502e-31
1.248981500000000000e+06 2.989843215860251996e-33
1.571566000000000000e+06 7.845583494849280676e-36
1.981000250000000000e+06 2.867493664802980558e-39
2.497963000000000000e+06 3.739914104799495441e-44
3.147267500000000000e+06 6.439427694937272998e-52
3.970272000000000000e+06 1.039926372560105057e-65
5.004197000000000000e+06 1.195922903235407362e-90
6.286264000000000000e+06 2.755564784600077806e-133
7.940544000000000000e+06 9.999999999999999821e-201
1.000839400000000000e+07 9.999999999999999821e-201
