1.211760009765625000e+03 1.556826305800958233e-10
1.526073364257812500e+03 1.038390488844801567e-10
1.923100463867187500e+03 6.976644226341784679e-11
2.423520019531250000e+03 4.676706222626078170e-11
3.056282226562500000e+03 3.130706028339169869e-11
3.850336669921875000e+03 2.096931396851091220e-11
4.838769042968750000e+03 1.403145977561416297e-11
6.120835937500000000e+03 9.310194821270145575e-12
7.692401855468750000e+03 6.161266683976413514e-12
9.718894531250000000e+03 4.018955109459167017e-12
1.224167187500000000e+04 2.585864760063486164e-12
1.542616113281250000e+04 1.609552182651165995e-12
1.943778906250000000e+04 9.496666964751784776e-13
2.448334375000000000e+04 5.207578893975800797e-13
3.085232226562500000e+04 2.617908559553000217e-13
3.891693750000000000e+04 1.199501014038101825e-13
4.921482812500000000e+04 4.873687826508012495e-14
6.162192968750000000e+04 1.760696678097632937e-14
7.775115625000000000e+04 5.056036055213579292e-15
9.801609375000000000e+04 1.123001870866019750e-15
1.236574296875000000e+05 1.828430296024920538e-16
1.559158906250000000e+05 2.082806377243726384e-17
1.964457500000000000e+05 1.643901831462723714e-18
2.473148593750000000e+05 9.234875714843315700e-20
3.118317812500000000e+05 3.965696213980234515e-21
3.928915000000000000e+05 1.568893841239369649e-22
4.962840000000000000e+05 6.568345114114869658e-24
6.244907500000000000e+05 3.612938538224030015e-25
7.857830000000000000e+05 2.300204935820652410e-26
9.925680000000000000e+05 1.188863464921662280e-27
1.248981500000000000e+06 3.912098035966076543e-29
1.571566000000000000e+06 5.406525401446458405e-31
1.981000250000000000e+06 2.008959017730085237e-33
2.497963000000000000e+06 1.097581090007695821e-36
3.147267500000000000e+06 2.044959579743726022e-41
3.970272000000000000e+06 3.134792465600164071e-49
5.004197000000000000e+06 3.580756318484281631e-63
6.286264000000000000e+06 8.122599737498236335e-88
7.940544000000000000e+06 8.041552830541878093e-131
1.000839400000000000e+07 9.999999999999999821e-201
