1.211760009765625000e+03 4.819934242759765395e-11
1.526073364257812500e+03 2.650368104861018088e-11
1.923100463867187500e+03 1.443984856745655841e-11
2.423520019531250000e+03 7.721857703919433634e-12
3.056282226562500000e+03 4.044126016147363019e-12
3.850336669921875000e+03 2.080806342420103203e-12
4.838769042968750000e+03 1.046863762316253414e-12
6.120835937500000000e+03 5.160976099388226688e-13
7.692401855468750000e+03 2.547182549467649312e-13
9.718894531250000000e+03 1.266570121918895648e-13
1.224167187500000000e+04 6.537074149271081069e-14
1.542616113281250000e+04 2.688911085615484450e-14
1.943778906250000000e+04 1.792012177577852867e-14
2.448334375000000000e+04 1.083879153351495680e-14
3.085232226562500000e+04 5.929954596995299029e-15
3.891693750000000000e+04 2.893500039049552943e-15
4.921482812500000000e+04 1.199103400993972115e-15
6.162192968750000000e+04 4.281658806764316266e-16
7.775115625000000000e+04 1.147050039297532049e-16
9.801609375000000000e+04 2.256762248719080845e-17
1.236574296875000000e+05 3.069405809925516583e-18
1.559158906250000000e+05 2.784698264567665332e-19
1.964457500000000000e+05 1.725749968806736016e-20
2.473148593750000000e+05 7.641712777399043642e-22
3.118317812500000000e+05 2.679802726077777992e-23
3.928915000000000000e+05 9.232341380170016186e-25
4.962840000000000000e+05 3.438205986443817219e-26
6.244907500000000000e+05 1.467983153781775350e-27
7.857830000000000000e+05 5.060192285108854992e-29
9.925680000000000000e+05 9.145953446048430389e-31
1.248981500000000000e+06 6.556898392458922157e-33
1.571566000000000000e+06 1.163740791553328491e-35
1.981000250000000000e+06 2.491884977154552477e-39
2.497963000000000000e+06 1.418131415555174543e-44
3.147267500000000000e+06 5.369138685157239968e-53
3.970272000000000000e+06 5.181501391293121970e-68
5.004197000000000000e+06 4.459700996881095004e-95
6.286264000000000000e+06 5.375456922170807450e-141
7.940544000000000000e+06 9.999999999999999821e-201
1.000839400000000000e+07 9.999999999999999821e-201
