1.211760009765625000e+03 7.572403151415859413e-11
1.526073364257812500e+03 4.193119688287580422e-11
1.923100463867187500e+03 2.275845698131740070e-11
2.423520019531250000e+03 1.226779006187200211e-11
3.056282226562500000e+03 6.468626472714340084e-12
3.850336669921875000e+03 3.358288202361635780e-12
4.838769042968750000e+03 1.726078941438108189e-12
6.120835937500000000e+03 8.798235445623738647e-13
7.692401855468750000e+03 4.588817417361566592e-13
9.718894531250000000e+03 2.448500713017435930e-13
1.224167187500000000e+04 1.382842608499651954e-13
1.542616113281250000e+04 6.783575079212315381e-14
1.943778906250000000e+04 4.471909542837783504e-14
2.448334375000000000e+04 2.683422025115672881e-14
3.085232226562500000e+04 1.450753418225149592e-14
3.891693750000000000e+04 6.973155373610101177e-15
4.921482812500000000e+04 2.859400417754856704e-15
6.162192968750000000e+04 1.003335380385104631e-15
7.775115625000000000e+04 2.649524034433735203e-16
9.801609375000000000e+04 5.118166458415727041e-17
1.236574296875000000e+05 6.855844944300847736e-18
1.559158906250000000e+05 6.103448251107213995e-19
1.964457500000000000e+05 3.663899933774302117e-20
2.473148593750000000e+05 1.578377579617540431e-21
3.118317812500000000e+05 5.436171244329207489e-23
3.928915000000000000e+05 1.822172640823029757e-24
4.962840000000000000e+05 6.585427947308869599e-26
6.244907500000000000e+05 2.737648465936644543e-27
7.857830000000000000e+05 9.220794830642801683e-29
9.925680000000000000e+05 1.631872743143335076e-30
1.248981500000000000e+06 1.154710424866659490e-32
1.571566000000000000e+06 2.018734026163937448e-35
1.981000250000000000e+06 4.321034588044595741e-39
2.497963000000000000e+06 2.442600933146873030e-44
3.147267500000000000e+06 9.246849957770801343e-53
3.970272000000000000e+06 8.910447999253024355e-68
5.004197000000000000e+06 7.649420915180158067e-95
6.286264000000000000e+06 9.287438661342233688e-141
7.940544000000000000e+06 9.999999999999999821e-201
1.000839400000000000e+07 9.999999999999999821e-201
