1.211760009765625000e+03 6.800217303738583672e-13
1.526073364257812500e+03 3.629421994343259689e-13
1.923100463867187500e+03 2.126738566185177942e-13
2.423520019531250000e+03 1.357552538658435153e-13
3.056282226562500000e+03 9.135347215798747362e-14
3.850336669921875000e+03 6.271450571810452020e-14
4.838769042968750000e+03 4.366502941329614680e-14
6.120835937500000000e+03 3.007767805933940909e-14
7.692401855468750000e+03 2.078686714271702451e-14
9.718894531250000000e+03 1.428234702766399234e-14
1.224167187500000000e+04 9.766386597643815600e-15
1.542616113281250000e+04 6.616236129995700225e-15
1.943778906250000000e+04 4.412120004425846911e-15
2.448334375000000000e+04 2.860841078902854188e-15
3.085232226562500000e+04 1.782912651994018235e-15
3.891693750000000000e+04 1.056004964284499308e-15
4.921482812500000000e+04 5.834261319043292593e-16
6.162192968750000000e+04 3.075406266493145365e-16
7.775115625000000000e+04 1.450594101333307726e-16
9.801609375000000000e+04 5.967584156142721052e-17
1.236574296875000000e+05 2.010526938492245245e-17
1.559158906250000000e+05 5.373582530354173290e-18
1.964457500000000000e+05 1.082185321674771892e-18
2.473148593750000000e+05 1.643141420294187814e-19
3.118317812500000000e+05 1.877174506754457224e-20
3.928915000000000000e+05 1.777042696793375527e-21
4.962840000000000000e+05 1.540342565978145115e-22
6.244907500000000000e+05 1.509648287142808117e-23
7.857830000000000000e+05 1.807647705339303638e-24
9.925680000000000000e+05 2.586954249280055398e-25
1.248981500000000000e+06 3.944027604681828358e-26
1.571566000000000000e+06 4.849498112403742827e-27
1.981000250000000000e+06 3.608078541778136056e-28
2.497963000000000000e+06 1.265276409212957562e-29
3.147267500000000000e+06 1.555426043550259330e-31
3.970272000000000000e+06 3.331419668814453069e-34
5.004197000000000000e+06 2.580050131364014630e-38
6.286264000000000000e+06 3.053725597792887755e-45
7.940544000000000000e+06 7.390378073976558968e-58
1.000839400000000000e+07 9.999999999999999821e-201
