1.211760009765625000e+03 5.666847753115487874e-12
1.526073364257812500e+03 3.303070697849178522e-12
1.923100463867187500e+03 1.883458508798681883e-12
2.423520019531250000e+03 1.064869193167855513e-12
3.056282226562500000e+03 5.925630626464053162e-13
3.850336669921875000e+03 3.194520135015949238e-13
4.838769042968750000e+03 1.693579355101414757e-13
6.120835937500000000e+03 8.604188231729062937e-14
7.692401855468750000e+03 4.255424688650560786e-14
9.718894531250000000e+03 1.984951595592824147e-14
1.224167187500000000e+04 8.857314134466906335e-15
1.542616113281250000e+04 3.671381395707716165e-15
1.943778906250000000e+04 1.103030001106461906e-17
2.448334375000000000e+04 7.901919915517963420e-18
3.085232226562500000e+04 5.489158284182061782e-18
3.891693750000000000e+04 3.600016923697157280e-18
4.921482812500000000e+04 2.197838168132747664e-18
6.162192968750000000e+04 1.283537326098379211e-18
7.775115625000000000e+04 6.658226925119881365e-19
9.801609375000000000e+04 2.994642231082528968e-19
1.236574296875000000e+05 1.102066618136490045e-19
1.559158906250000000e+05 3.175738864785890217e-20
1.964457500000000000e+05 6.918299059763247955e-21
2.473148593750000000e+05 1.126147539763868854e-21
3.118317812500000000e+05 1.374473537149026325e-22
3.928915000000000000e+05 1.379644962911312565e-23
4.962840000000000000e+05 1.255846577538910053e-24
6.244907500000000000e+05 1.278937917679123333e-25
7.857830000000000000e+05 1.586458745614240952e-26
9.925680000000000000e+05 2.350512194238329768e-27
1.248981500000000000e+06 3.699225891287784272e-28
1.571566000000000000e+06 4.762899931825104770e-29
1.981000250000000000e+06 3.743434360461488505e-30
2.497963000000000000e+06 1.388670238594406778e-31
3.147267500000000000e+06 1.818405292150509498e-33
3.970272000000000000e+06 4.173528529542550939e-36
5.004197000000000000e+06 3.498704344804232033e-40
6.286264000000000000e+06 4.524630074216688226e-47
7.940544000000000000e+06 1.197564914177223278e-59
1.000839400000000000e+07 9.999999999999999821e-201
