1.211760009765625000e+03 1.394916369997658370e-12
1.526073364257812500e+03 7.486300952909664614e-13
1.923100463867187500e+03 4.049435793917165260e-13
2.423520019531250000e+03 2.260511796022991150e-13
3.056282226562500000e+03 1.318452814388251702e-13
3.850336669921875000e+03 8.113690420892281589e-14
4.838769042968750000e+03 5.239878159093768696e-14
6.120835937500000000e+03 3.476601706856940290e-14
7.692401855468750000e+03 2.354291372212846576e-14
9.718894531250000000e+03 1.614841911367762692e-14
1.224167187500000000e+04 1.109275112272891919e-14
1.542616113281250000e+04 7.557567214276682359e-15
1.943778906250000000e+04 5.123427775588303390e-15
2.448334375000000000e+04 3.454019910946492356e-15
3.085232226562500000e+04 2.299573264457526206e-15
3.891693750000000000e+04 1.507153234075267128e-15
4.921482812500000000e+04 9.660685723491938535e-16
6.162192968750000000e+04 6.117327809370728563e-16
7.775115625000000000e+04 3.708935400286739614e-16
9.801609375000000000e+04 2.166117275904385819e-16
1.236574296875000000e+05 1.186285447314880256e-16
1.559158906250000000e+05 6.078784300401153182e-17
1.964457500000000000e+05 2.778147538546769650e-17
2.473148593750000000e+05 1.125226646537646038e-17
3.118317812500000000e+05 3.936077908386066471e-18
3.928915000000000000e+05 1.202822618739219481e-18
4.962840000000000000e+05 3.255083096571365975e-19
6.244907500000000000e+05 8.485586359238354573e-20
7.857830000000000000e+05 2.247207730431957523e-20
9.925680000000000000e+05 6.359674071066762234e-21
1.248981500000000000e+06 2.056849948442278202e-21
1.571566000000000000e+06 7.359735947777784303e-22
1.981000250000000000e+06 2.606562128662881221e-22
2.497963000000000000e+06 8.351831425886294677e-23
3.147267500000000000e+06 2.168598461296867688e-23
3.970272000000000000e+06 4.036188104560306186e-24
5.004197000000000000e+06 4.791028410837503645e-25
6.286264000000000000e+06 2.779037301934947730e-26
7.940544000000000000e+06 3.546213424105986554e-28
1.000839400000000000e+07 9.999999999999999821e-201
