1.211760009765625000e+03 1.357552538658435216e-14
1.526073364257812500e+03 7.446743220001292353e-15
1.923100463867187500e+03 3.963110612263893250e-15
2.423520019531250000e+03 2.061238028880468229e-15
3.056282226562500000e+03 1.036981682963023519e-15
3.850336669921875000e+03 5.016760189563961138e-16
4.838769042968750000e+03 2.328836154147131409e-16
6.120835937500000000e+03 1.009336352854684918e-16
7.692401855468750000e+03 4.141362577969494377e-17
9.718894531250000000e+03 6.073990570994753017e-19
1.224167187500000000e+04 4.292205776869969125e-19
1.542616113281250000e+04 2.909718157618393308e-19
1.943778906250000000e+04 1.845323137408116189e-19
2.448334375000000000e+04 1.082860562492610785e-19
3.085232226562500000e+04 5.816552861307539444e-20
3.891693750000000000e+04 2.817631340134862294e-20
4.921482812500000000e+04 1.206265825269195001e-20
6.162192968750000000e+04 4.522305035257324682e-21
7.775115625000000000e+04 1.336124074804068324e-21
9.801609375000000000e+04 2.998669435695080295e-22
1.236574296875000000e+05 4.795202791438550504e-23
1.559158906250000000e+05 5.275032387082889651e-24
1.964457500000000000e+05 3.941994673212233510e-25
2.473148593750000000e+05 2.086021535982233265e-26
3.118317812500000000e+05 8.596051297829118233e-28
3.928915000000000000e+05 3.357878011451101116e-29
4.962840000000000000e+05 1.425849499393775308e-30
6.244907500000000000e+05 7.898877264470555268e-32
7.857830000000000000e+05 4.646968387039463576e-33
9.925680000000000000e+05 1.962588773477455672e-34
1.248981500000000000e+06 4.600285716186742581e-36
1.571566000000000000e+06 3.866326407075556149e-38
1.981000250000000000e+06 7.035070981001169289e-41
2.497963000000000000e+06 1.231335830849233658e-44
3.147267500000000000e+06 2.717331844514366483e-50
3.970272000000000000e+06 5.682414575042119019e-60
5.004197000000000000e+06 1.899601361840830082e-77
6.286264000000000000e+06 4.559816786625796218e-108
7.940544000000000000e+06 1.992942955412356783e-160
1.000839400000000000e+07 9.999999999999999821e-201
