1.211760009765625000e+03 2.466012868388717206e-13
1.526073364257812500e+03 1.216400286932481814e-13
1.923100463867187500e+03 5.854416864849236172e-14
2.423520019531250000e+03 2.715105077316870432e-14
3.056282226562500000e+03 1.234497837364501778e-14
3.850336669921875000e+03 5.604486896484100832e-15
4.838769042968750000e+03 2.662099654733711394e-15
6.120835937500000000e+03 1.385516384618314522e-15
7.692401855468750000e+03 7.299410070119363931e-16
9.718894531250000000e+03 5.169732800115394555e-16
1.224167187500000000e+04 3.573895014525985279e-16
1.542616113281250000e+04 2.359323303724086061e-16
1.943778906250000000e+04 1.449173461323828907e-16
2.448334375000000000e+04 8.215415769068280931e-17
3.085232226562500000e+04 4.263333617387242575e-17
3.891693750000000000e+04 1.982843015515047806e-17
4.921482812500000000e+04 8.097556102846063289e-18
6.162192968750000000e+04 2.894659839639495809e-18
7.775115625000000000e+04 8.050695913973580514e-19
9.801609375000000000e+04 1.685774228772878478e-19
1.236574296875000000e+05 2.494638383649636822e-20
1.559158906250000000e+05 2.527018599013785435e-21
1.964457500000000000e+05 1.738715454057778067e-22
2.473148593750000000e+05 8.530350015136733721e-24
3.118317812500000000e+05 3.280002323175418328e-25
3.928915000000000000e+05 1.219759172788637731e-26
4.962840000000000000e+05 4.984461300466287202e-28
6.244907500000000000e+05 2.597729463819690252e-29
7.857830000000000000e+05 1.372999718416177185e-30
9.925680000000000000e+05 4.824642517349950332e-32
1.248981500000000000e+06 8.764624092819668399e-34
1.571566000000000000e+06 5.192825968191607680e-36
1.981000250000000000e+06 5.834360042808756653e-39
2.497963000000000000e+06 4.777480169324917803e-43
3.147267500000000000e+06 2.573774657285424129e-49
3.970272000000000000e+06 3.407983771151760129e-60
5.004197000000000000e+06 6.931113035255410772e-80
6.286264000000000000e+06 3.821253368964208764e-114
7.940544000000000000e+06 4.877041325518624696e-172
1.000839400000000000e+07 9.999999999999999821e-201
