1.211760009765625000e+03 8.954864910967110411e-12
1.526073364257812500e+03 6.002885968845662930e-12
1.923100463867187500e+03 4.025892562557181070e-12
2.423520019531250000e+03 2.702650466870463156e-12
3.056282226562500000e+03 1.802359982547661594e-12
3.850336669921875000e+03 1.203164927197559899e-12
4.838769042968750000e+03 8.010362968968002992e-13
6.120835937500000000e+03 5.264830632678165147e-13
7.692401855468750000e+03 3.451716736000654151e-13
9.718894531250000000e+03 2.227302348705185071e-13
1.224167187500000000e+04 1.393612819587151428e-13
1.542616113281250000e+04 8.335330413767795423e-14
1.943778906250000000e+04 4.627979223993840473e-14
2.448334375000000000e+04 2.353550644162413638e-14
3.085232226562500000e+04 1.087106621597399872e-14
3.891693750000000000e+04 4.507611515490016351e-15
4.921482812500000000e+04 1.623346264490013773e-15
6.162192968750000000e+04 5.119381151284662315e-16
7.775115625000000000e+04 1.246672816363426156e-16
9.801609375000000000e+04 2.275021387464143890e-17
1.236574296875000000e+05 2.943534921728198730e-18
1.559158906250000000e+05 2.586997336025922451e-19
1.964457500000000000e+05 1.554398735713134720e-20
2.473148593750000000e+05 6.727241205561286419e-22
3.118317812500000000e+05 2.299769289339021771e-23
3.928915000000000000e+05 7.631115672027512758e-25
4.962840000000000000e+05 2.821422543163753945e-26
6.244907500000000000e+05 1.309344074606786319e-27
7.857830000000000000e+05 5.804911187235381137e-29
9.925680000000000000e+05 1.637711561236752269e-30
1.248981500000000000e+06 2.272781779844347500e-32
1.571566000000000000e+06 9.515297446397452270e-35
1.981000250000000000e+06 6.818113958920546475e-38
2.497963000000000000e+06 2.807897322093752893e-42
3.147267500000000000e+06 4.415205531577269467e-49
3.970272000000000000e+06 5.509093253899471394e-61
5.004197000000000000e+06 1.608798855315821376e-82
6.286264000000000000e+06 9.557097779620097735e-120
7.940544000000000000e+06 4.651116372535973376e-182
1.000839400000000000e+07 9.999999999999999821e-201
