1.211760009765625000e+03 2.951742675798616498e-11
1.526073364257812500e+03 1.958107778964482999e-11
1.923100463867187500e+03 1.302725468585754861e-11
2.423520019531250000e+03 8.718148711315245152e-12
3.056282226562500000e+03 5.776667913000022066e-12
3.850336669921875000e+03 3.818829934741836283e-12
4.838769042968750000e+03 2.520084333467140277e-12
6.120835937500000000e+03 1.637789871241943550e-12
7.692401855468750000e+03 1.054931025289803632e-12
9.718894531250000000e+03 6.540594618340526960e-13
1.224167187500000000e+04 3.831620233544044587e-13
1.542616113281250000e+04 2.058468276511386132e-13
1.943778906250000000e+04 9.978110668265797038e-14
2.448334375000000000e+04 4.335878940207834039e-14
3.085232226562500000e+04 1.680727282287771266e-14
3.891693750000000000e+04 5.701915445170859581e-15
4.921482812500000000e+04 1.607769328418652994e-15
6.162192968750000000e+04 3.845035798133275373e-16
7.775115625000000000e+04 6.739972387643897951e-17
9.801609375000000000e+04 8.623309981701295010e-18
1.236574296875000000e+05 7.596551233194919249e-19
1.559158906250000000e+05 4.544914818507926037e-20
1.964457500000000000e+05 1.896826974432230792e-21
2.473148593750000000e+05 6.042827539033118429e-23
3.118317812500000000e+05 1.649823242756921924e-24
3.928915000000000000e+05 4.644915905996156108e-26
4.962840000000000000e+05 1.378754328681926634e-27
6.244907500000000000e+05 3.905710383842146694e-29
7.857830000000000000e+05 7.126005975923833842e-31
9.925680000000000000e+05 5.311813172901275047e-33
1.248981500000000000e+06 1.193781748186980822e-35
1.571566000000000000e+06 4.321556188037256961e-39
1.981000250000000000e+06 7.404541128012025741e-44
2.497963000000000000e+06 3.578222411877415058e-51
3.147267500000000000e+06 1.068453948690060760e-63
3.970272000000000000e+06 1.793440002694744764e-86
5.004197000000000000e+06 1.220069939901807561e-126
6.286264000000000000e+06 6.723944248239028090e-192
7.940544000000000000e+06 9.999999999999999821e-201
1.000839400000000000e+07 9.999999999999999821e-201
