1.211760009765625000e+03 9.365867055698563026e-12
1.526073364257812500e+03 5.389741108765874726e-12
1.923100463867187500e+03 3.044924589224534795e-12
2.423520019531250000e+03 1.700038998706472611e-12
3.056282226562500000e+03 9.282167244820546644e-13
3.850336669921875000e+03 4.974270786791929981e-13
4.838769042968750000e+03 2.594753498903203266e-13
6.120835937500000000e+03 1.302397924515267615e-13
7.692401855468750000e+03 6.245037945704666197e-14
9.718894531250000000e+03 2.773912896171205788e-14
1.224167187500000000e+04 1.108319902264806258e-14
1.542616113281250000e+04 5.026328360111705755e-17
1.943778906250000000e+04 3.096212022813807667e-17
2.448334375000000000e+04 1.715499928517012700e-17
3.085232226562500000e+04 8.508681866581839003e-18
3.891693750000000000e+04 3.685881055628305329e-18
4.921482812500000000e+04 1.333272126005712139e-18
6.162192968750000000e+04 4.072933056685247766e-19
7.775115625000000000e+04 9.108436580089042400e-20
9.801609375000000000e+04 1.476971177716923633e-20
1.236574296875000000e+05 1.632050582962017996e-21
1.559158906250000000e+05 1.213406503431833077e-22
1.964457500000000000e+05 6.242721688004809749e-24
2.473148593750000000e+05 2.427460635338090370e-25
3.118317812500000000e+05 7.944298986485409514e-27
3.928915000000000000e+05 2.646945798864371622e-28
4.962840000000000000e+05 9.093283366895792294e-30
6.244907500000000000e+05 2.920692515776385739e-31
7.857830000000000000e+05 5.838173570636393566e-33
9.925680000000000000e+05 4.636831388499455966e-35
1.248981500000000000e+06 1.111766208235203469e-37
1.571566000000000000e+06 4.230862459012341190e-41
1.981000250000000000e+06 7.597703070481903276e-46
2.497963000000000000e+06 3.822029149360044441e-53
3.147267500000000000e+06 1.177963079165219357e-65
3.970272000000000000e+06 2.034864618442113527e-88
5.004197000000000000e+06 1.422327523521892996e-128
6.286264000000000000e+06 7.919312114592635017e-194
7.940544000000000000e+06 9.999999999999999821e-201
1.000839400000000000e+07 9.999999999999999821e-201
