1.211760009765625000e+03 3.711473913029483906e-10
1.526073364257812500e+03 2.116338710597976254e-10
1.923100463867187500e+03 1.192857055572498440e-10
2.423520019531250000e+03 6.600884024281540750e-11
3.056282226562500000e+03 3.599308468869244449e-11
3.850336669921875000e+03 1.923123587649478120e-11
4.838769042968750000e+03 1.001811302933850591e-11
6.120835937500000000e+03 5.043119782897464786e-12
7.692401855468750000e+03 2.459584175539068005e-12
9.718894531250000000e+03 1.135844333274314938e-12
1.224167187500000000e+04 4.918829280527616409e-13
1.542616113281250000e+04 7.261035358927148416e-14
1.943778906250000000e+04 4.218214166627386683e-14
2.448334375000000000e+04 2.215068589019219824e-14
3.085232226562500000e+04 1.028278288677448551e-14
3.891693750000000000e+04 4.138979693682061241e-15
4.921482812500000000e+04 1.379955323694988092e-15
6.162192968750000000e+04 3.856722837033375920e-16
7.775115625000000000e+04 7.822698875618821044e-17
9.801609375000000000e+04 1.139836452368495448e-17
1.236574296875000000e+05 1.122034775786387405e-18
1.559158906250000000e+05 7.374767441352483985e-20
1.964457500000000000e+05 3.325449822264100486e-21
2.473148593750000000e+05 1.125928550007880136e-22
3.118317812500000000e+05 3.219631963347803076e-24
3.928915000000000000e+05 9.260664365172869556e-26
4.962840000000000000e+05 2.769318116281899851e-27
6.244907500000000000e+05 7.731244894702196424e-29
7.857830000000000000e+05 1.353654950446575612e-30
9.925680000000000000e+05 9.537786083938754255e-33
1.248981500000000000e+06 2.023049985477173498e-35
1.571566000000000000e+06 6.892723405893631246e-39
1.981000250000000000e+06 1.105315559688751521e-43
2.497963000000000000e+06 5.026721263980095979e-51
3.147267500000000000e+06 1.402900752573653204e-63
3.970272000000000000e+06 2.207310772547376852e-86
5.004197000000000000e+06 1.448425276247065442e-126
6.286264000000000000e+06 7.471049164710031038e-192
7.940544000000000000e+06 9.999999999999999821e-201
1.000839400000000000e+07 9.999999999999999821e-201
