1.211760009765625000e+03 3.449927093654922828e-10
1.526073364257812500e+03 1.938328912510296052e-10
1.923100463867187500e+03 1.082988642559241953e-10
2.423520019531250000e+03 5.959522064277064679e-11
3.056282226562500000e+03 3.244078679587665501e-11
3.850336669921875000e+03 1.731756381508431757e-11
4.838769042968750000e+03 9.093035206388482531e-12
6.120835937500000000e+03 4.638450634261156394e-12
7.692401855468750000e+03 2.285028538303180634e-12
9.718894531250000000e+03 1.080579478210168531e-12
1.224167187500000000e+04 4.755046381295201856e-13
1.542616113281250000e+04 1.924690028293690790e-13
1.943778906250000000e+04 2.208128820826494683e-14
2.448334375000000000e+04 1.266934223268789492e-14
3.085232226562500000e+04 6.490472939960289725e-15
3.891693750000000000e+04 2.920915462801354499e-15
4.921482812500000000e+04 1.098881076083469711e-15
6.162192968750000000e+04 3.495928464071239909e-16
7.775115625000000000e+04 8.199849699984442498e-17
9.801609375000000000e+04 1.391348546621326549e-17
1.236574296875000000e+05 1.617617245284417558e-18
1.559158906250000000e+05 1.254330668093706489e-19
1.964457500000000000e+05 6.673293039679892815e-21
2.473148593750000000e+05 2.624465247636038499e-22
3.118317812500000000e+05 8.591121808363106545e-24
3.928915000000000000e+05 2.873948679157751285e-25
4.962840000000000000e+05 1.049795608296670614e-26
6.244907500000000000e+05 4.277440461797738132e-28
7.857830000000000000e+05 1.250786022887231299e-29
9.925680000000000000e+05 1.741924890985768475e-31
1.248981500000000000e+06 8.648814560029922856e-34
1.571566000000000000e+06 8.715727077156425624e-37
1.981000250000000000e+06 7.174203902604033572e-41
2.497963000000000000e+06 6.078756355142000090e-47
3.147267500000000000e+06 4.419170024922677350e-57
3.970272000000000000e+06 1.982559760455822870e-75
5.004197000000000000e+06 3.032187275695939642e-108
6.286264000000000000e+06 7.240096442261954549e-163
7.940544000000000000e+06 9.999999999999999821e-201
1.000839400000000000e+07 9.999999999999999821e-201
