1.211760009765625000e+03 1.332643317765620095e-12
1.526073364257812500e+03 7.684089617451532233e-13
1.923100463867187500e+03 4.347650057810290524e-13
2.423520019531250000e+03 2.441099946913907618e-13
3.056282226562500000e+03 1.347996163664280964e-13
3.850336669921875000e+03 7.326661614074132103e-14
4.838769042968750000e+03 3.892566441090960152e-14
6.120835937500000000e+03 2.009995274846501379e-14
7.692401855468750000e+03 1.010834658469712089e-14
9.718894531250000000e+03 4.761116761727122735e-15
1.224167187500000000e+04 2.083796549378782971e-15
1.542616113281250000e+04 8.006710517701754332e-16
1.943778906250000000e+04 2.399499985298124130e-19
2.448334375000000000e+04 1.517474024724190850e-19
3.085232226562500000e+04 8.643993915430983960e-20
3.891693750000000000e+04 4.353421850060391249e-20
4.921482812500000000e+04 1.863924863230188730e-20
6.162192968750000000e+04 6.820394496662145684e-21
7.775115625000000000e+04 1.867607558533770336e-21
9.801609375000000000e+04 3.752003247388843812e-22
1.236574296875000000e+05 5.213000481029783209e-23
1.559158906250000000e+05 4.913251568908536681e-24
1.964457500000000000e+05 3.190242641928601564e-25
2.473148593750000000e+05 1.546048618607412638e-26
3.118317812500000000e+05 6.225450585770366679e-28
3.928915000000000000e+05 2.549067524122527006e-29
4.962840000000000000e+05 1.152890636355372340e-30
6.244907500000000000e+05 5.581603613889143989e-32
7.857830000000000000e+05 2.001257636619569868e-33
9.925680000000000000e+05 3.344760722235031149e-35
1.248981500000000000e+06 2.006442998642013563e-37
1.571566000000000000e+06 2.423652634668723856e-40
1.981000250000000000e+06 2.382059889536495940e-44
2.497963000000000000e+06 2.408868874777015837e-50
3.147267500000000000e+06 2.065786622761473818e-60
3.970272000000000000e+06 1.023577219683958725e-78
5.004197000000000000e+06 1.688512129995385574e-111
6.286264000000000000e+06 4.304325628783784920e-166
7.940544000000000000e+06 9.999999999999999821e-201
1.000839400000000000e+07 9.999999999999999821e-201
