1.211760009765625000e+03 2.827196571334539625e-11
1.526073364257812500e+03 1.859213446693549554e-11
1.923100463867187500e+03 1.239943518292465357e-11
2.423520019531250000e+03 8.282315946861097041e-12
3.056282226562500000e+03 5.629348551238031298e-12
3.850336669921875000e+03 3.813753534959903634e-12
4.838769042968750000e+03 2.600783930694689783e-12
6.120835937500000000e+03 1.754291038251443486e-12
7.692401855468750000e+03 1.190312338897442421e-12
9.718894531250000000e+03 7.981910279663486795e-13
1.224167187500000000e+04 5.286317102232426358e-13
1.542616113281250000e+04 3.416931383620961009e-13
1.943778906250000000e+04 2.120828887578269921e-13
2.448334375000000000e+04 1.234068396469303851e-13
3.085232226562500000e+04 6.676697327681917845e-14
3.891693750000000000e+04 3.307754242543274644e-14
4.921482812500000000e+04 1.475389301202536080e-14
6.162192968750000000e+04 5.982689281792524222e-15
7.775115625000000000e+04 1.964865204097151053e-15
9.801609375000000000e+04 5.092337256226026648e-16
1.236574296875000000e+05 9.755439529791091735e-17
1.559158906250000000e+05 1.331029412808905599e-17
1.964457500000000000e+05 1.269398229480150758e-18
2.473148593750000000e+05 8.593474565503722038e-20
3.118317812500000000e+05 4.333815972926744635e-21
3.928915000000000000e+05 1.945702175302356597e-22
4.962840000000000000e+05 8.913094155577301539e-24
6.244907500000000000e+05 5.222108752603612919e-25
7.857830000000000000e+05 3.786684295887845285e-26
9.925680000000000000e+05 2.517463422033923355e-27
1.248981500000000000e+06 1.201158447980627321e-28
1.571566000000000000e+06 2.791413944088990507e-30
1.981000250000000000e+06 2.108481754285501929e-32
2.497963000000000000e+06 3.296478088944035104e-35
3.147267500000000000e+06 3.748583396880007495e-39
3.970272000000000000e+06 2.039804251620921257e-45
5.004197000000000000e+06 2.190181838963515847e-56
6.286264000000000000e+06 7.838882733914769257e-76
7.940544000000000000e+06 2.367522135091830591e-110
1.000839400000000000e+07 9.999999999999999821e-201
