1.211760009765625000e+03 4.558387423385205598e-23
1.526073364257812500e+03 1.226289720159575296e-23
1.923100463867187500e+03 2.652537399891477282e-24
2.423520019531250000e+03 4.502341676376371130e-25
3.056282226562500000e+03 2.478887504316676733e-27
3.850336669921875000e+03 1.669715848398113702e-27
4.838769042968750000e+03 1.122550295524436978e-27
6.120835937500000000e+03 7.463653774548115107e-28
7.692401855468750000e+03 4.969365276004698280e-28
9.718894531250000000e+03 3.266767349161027244e-28
1.224167187500000000e+04 2.121424772990041717e-28
1.542616113281250000e+04 1.342679456821191209e-28
1.943778906250000000e+04 8.061937777377647892e-29
2.448334375000000000e+04 4.518750801444776848e-29
3.085232226562500000e+04 2.342519614767699012e-29
3.891693750000000000e+04 1.110295947384973880e-29
4.921482812500000000e+04 4.711450287963782614e-30
6.162192968750000000e+04 1.808573796866540988e-30
7.775115625000000000e+04 5.615897968339055712e-31
9.801609375000000000e+04 1.371793800852387487e-31
1.236574296875000000e+05 2.461204413114511125e-32
1.559158906250000000e+05 3.137126107203357047e-33
1.964457500000000000e+05 2.777278089475738525e-34
2.473148593750000000e+05 1.760782916731514280e-35
3.118317812500000000e+05 8.536508242194981803e-37
3.928915000000000000e+05 3.787306049192447691e-38
4.962840000000000000e+05 1.773815539420701601e-39
6.244907500000000000e+05 1.085407961395572497e-40
7.857830000000000000e+05 7.815189241856759655e-42
9.925680000000000000e+05 4.752999108571781285e-43
1.248981500000000000e+06 1.890716092586783338e-44
1.571566000000000000e+06 3.310786438257137705e-46
1.981000250000000000e+06 1.643639200486283830e-48
2.497963000000000000e+06 1.306236947783171693e-51
3.147267500000000000e+06 4.368157924549422984e-56
3.970272000000000000e+06 1.917430923763670510e-63
5.004197000000000000e+06 1.533947306586301164e-76
6.286264000000000000e+06 9.761996197916485791e-100
7.940544000000000000e+06 2.101970686404538573e-140
1.000839400000000000e+07 9.999999999999999821e-201
