1.211760009765625000e+03 3.213289495173176284e-11
1.526073364257812500e+03 1.819655713785176111e-11
1.923100463867187500e+03 1.012358948479291350e-11
2.423520019531250000e+03 5.560983564321021191e-12
3.056282226562500000e+03 2.992443466364346796e-12
3.850336669921875000e+03 1.567855786864329408e-12
4.838769042968750000e+03 8.046362268324618689e-13
6.120835937500000000e+03 3.943566302304522574e-13
7.692401855468750000e+03 1.871333533208581314e-13
9.718894531250000000e+03 8.372828061978994577e-14
1.224167187500000000e+04 3.579048404378614679e-14
1.542616113281250000e+04 1.429096002219851649e-14
1.943778906250000000e+04 1.130941240939064327e-15
2.448334375000000000e+04 8.002450393366895055e-16
3.085232226562500000e+04 5.318013633679864492e-16
3.891693750000000000e+04 3.281796865255087810e-16
4.921482812500000000e+04 1.851028523088920307e-16
6.162192968750000000e+04 9.592989505478569417e-17
7.775115625000000000e+04 4.216315164054049654e-17
9.801609375000000000e+04 1.503759361479814825e-17
1.236574296875000000e+05 4.129173066197695463e-18
1.559158906250000000e+05 8.269714127157433302e-19
1.964457500000000000e+05 1.180336064778865184e-19
2.473148593750000000e+05 1.203542739487323091e-20
3.118317812500000000e+05 9.058789769374182584e-22
3.928915000000000000e+05 5.811774979513658608e-23
4.962840000000000000e+05 3.632395579392904675e-24
6.244907500000000000e+05 2.777180188828609676e-25
7.857830000000000000e+05 2.642227522430122594e-26
9.925680000000000000e+05 2.644177980494350383e-27
1.248981500000000000e+06 2.241846516902292458e-28
1.571566000000000000e+06 1.155249600692997673e-29
1.981000250000000000e+06 2.486077301129711103e-31
2.497963000000000000e+06 1.604084775855176936e-33
3.147267500000000000e+06 1.673868874002511751e-36
3.970272000000000000e+06 5.255251462579302636e-41
5.004197000000000000e+06 1.365143606300791834e-48
6.286264000000000000e+06 5.572055332353043806e-62
7.940544000000000000e+06 2.972874171448056224e-86
1.000839400000000000e+07 9.999999999999999821e-201
