1.211760009765625000e+03 4.869752684545396136e-13
1.526073364257812500e+03 2.600920938725551608e-13
1.923100463867187500e+03 1.491071319465622787e-13
2.423520019531250000e+03 9.278684782573709290e-14
3.056282226562500000e+03 6.123151647346187005e-14
3.850336669921875000e+03 4.194014229862081746e-14
4.838769042968750000e+03 2.919145381066605259e-14
6.120835937500000000e+03 2.021077729931067630e-14
7.692401855468750000e+03 1.406929295124357113e-14
9.718894531250000000e+03 9.688337092049633096e-15
1.224167187500000000e+04 6.645059153522069982e-15
1.542616113281250000e+04 4.477834140288868710e-15
1.943778906250000000e+04 2.936097452437954698e-15
2.448334375000000000e+04 1.838973699667756346e-15
3.085232226562500000e+04 1.081940704783144757e-15
3.891693750000000000e+04 5.921503039482006245e-16
4.921482812500000000e+04 2.975884317889110239e-16
6.162192968750000000e+04 1.379487747068818953e-16
7.775115625000000000e+04 5.383330968390438408e-17
9.801609375000000000e+04 1.724900444050375593e-17
1.236574296875000000e+05 4.249700280021843635e-18
1.559158906250000000e+05 7.719067302709904022e-19
1.964457500000000000e+05 1.008709695963282679e-19
2.473148593750000000e+05 9.476714484152153580e-21
3.118317812500000000e+05 6.636476021519546299e-22
3.928915000000000000e+05 4.012892247759431587e-23
4.962840000000000000e+05 2.380818864213484423e-24
6.244907500000000000e+05 1.748920435369915320e-25
7.857830000000000000e+05 1.635664656742456830e-26
9.925680000000000000e+05 1.615886543635436285e-27
1.248981500000000000e+06 1.358209610564830442e-28
1.571566000000000000e+06 6.873735124123335958e-30
1.981000250000000000e+06 1.461921543381710749e-31
2.497963000000000000e+06 9.250829815301162005e-34
3.147267500000000000e+06 9.435103578178951055e-37
3.970272000000000000e+06 2.889081027935388838e-41
5.004197000000000000e+06 7.305116287897211220e-49
6.286264000000000000e+06 2.899485806428053213e-62
7.940544000000000000e+06 1.482766870697549430e-86
1.000839400000000000e+07 9.999999999999999821e-201
