1.211760009765625000e+03 2.466012868388717711e-12
1.526073364257812500e+03 1.236179153386668676e-12
1.923100463867187500e+03 6.160478872529021857e-13
2.423520019531250000e+03 3.157243748164342563e-13
3.056282226562500000e+03 1.703618805108415410e-13
3.850336669921875000e+03 9.995080641260098585e-14
4.838769042968750000e+03 6.362239933093883905e-14
6.120835937500000000e+03 4.263981064366765222e-14
7.692401855468750000e+03 2.958862445177966070e-14
9.718894531250000000e+03 2.089337871288658932e-14
1.224167187500000000e+04 1.453606689832952878e-14
1.542616113281250000e+04 1.000367201553895997e-14
1.943778906250000000e+04 6.705901588901502586e-15
2.448334375000000000e+04 4.282105905854602626e-15
3.085232226562500000e+04 2.574652117822941265e-15
3.891693750000000000e+04 1.441136884307668999e-15
4.921482812500000000e+04 7.404114092355681228e-16
6.162192968750000000e+04 3.504216001174815445e-16
7.775115625000000000e+04 1.407948099425191451e-16
9.801609375000000000e+04 4.614477256305706640e-17
1.236574296875000000e+05 1.156168458535354637e-17
1.559158906250000000e+05 2.112481453789610069e-18
1.964457500000000000e+05 2.768689534666474157e-19
2.473148593750000000e+05 2.596619768657689705e-20
3.118317812500000000e+05 1.825030905917875115e-21
3.928915000000000000e+05 1.101972918193498966e-22
4.962840000000000000e+05 6.530783761913669182e-24
6.244907500000000000e+05 4.807334061041929385e-25
7.857830000000000000e+05 4.487592776190842635e-26
9.925680000000000000e+05 4.447026603558679554e-27
1.248981500000000000e+06 3.726705898227186390e-28
1.571566000000000000e+06 1.886907681131895695e-29
1.981000250000000000e+06 3.999341745295623275e-31
2.497963000000000000e+06 2.529167757385292623e-33
3.147267500000000000e+06 2.564091271412086574e-36
3.970272000000000000e+06 7.791367840042947708e-41
5.004197000000000000e+06 1.954118607012504187e-48
6.286264000000000000e+06 7.639514776936523861e-62
7.940544000000000000e+06 3.853725777803036151e-86
1.000839400000000000e+07 9.999999999999999821e-201
