1.211760009765625000e+03 1.270370265533581715e-10
1.526073364257812500e+03 7.051165890917557389e-11
1.923100463867187500e+03 3.884606369105137221e-11
2.423520019531250000e+03 2.104564775877643558e-11
3.056282226562500000e+03 1.115207090650884985e-11
3.850336669921875000e+03 5.825701045679339914e-12
4.838769042968750000e+03 2.954251953192707717e-12
6.120835937500000000e+03 1.440657612170121217e-12
7.692401855468750000e+03 6.672276839109551615e-13
9.718894531250000000e+03 2.847298958349730835e-13
1.224167187500000000e+04 1.109922527696835457e-13
1.542616113281250000e+04 1.580611948091462017e-14
1.943778906250000000e+04 8.483416440922925405e-15
2.448334375000000000e+04 4.056082138676826092e-15
3.085232226562500000e+04 1.698609296471443643e-15
3.891693750000000000e+04 6.052123587102293768e-16
4.921482812500000000e+04 1.752083574822086387e-16
6.162192968750000000e+04 4.220903574487143345e-17
7.775115625000000000e+04 7.271788025563713802e-18
9.801609375000000000e+04 9.117458656375076467e-19
1.236574296875000000e+05 7.628292778984497926e-20
1.559158906250000000e+05 4.371160760294419270e-21
1.964457500000000000e+05 1.786879361000581931e-22
2.473148593750000000e+05 5.783824188885738024e-24
3.118317812500000000e+05 1.628112363685180827e-25
3.928915000000000000e+05 4.468207409557999908e-27
4.962840000000000000e+05 1.022970221324455955e-28
6.244907500000000000e+05 1.649630929146607613e-30
7.857830000000000000e+05 1.281089630634196069e-32
9.925680000000000000e+05 2.854440944322801954e-35
1.248981500000000000e+06 1.250064273608184774e-38
1.571566000000000000e+06 3.796522197665691951e-43
1.981000250000000000e+06 7.049879359239950340e-50
2.497963000000000000e+06 4.919196560191581549e-61
3.147267500000000000e+06 1.030032072381519619e-80
3.970272000000000000e+06 9.801675806432478417e-116
5.004197000000000000e+06 1.826909080190413138e-174
6.286264000000000000e+06 9.999999999999999821e-201
7.940544000000000000e+06 9.999999999999999821e-201
1.000839400000000000e+07 9.999999999999999821e-201
