1.211760009765625000e+03 8.917501079627888052e-13
1.526073364257812500e+03 6.062222568208222811e-13
1.923100463867187500e+03 4.127913231783778049e-13
2.423520019531250000e+03 2.814741960888132051e-13
3.056282226562500000e+03 1.911015877034657271e-13
3.850336669921875000e+03 1.297406535901132822e-13
4.838769042968750000e+03 8.795509767050254124e-14
6.120835937500000000e+03 5.892962036527681682e-14
7.692401855468750000e+03 3.963048134278653673e-14
9.718894531250000000e+03 2.639620849587758420e-14
1.224167187500000000e+04 1.750143833207045633e-14
1.542616113281250000e+04 1.163379577363971725e-14
1.943778906250000000e+04 7.610165207869377058e-15
2.448334375000000000e+04 4.954664242576664221e-15
3.085232226562500000e+04 3.194264391721737401e-15
3.891693750000000000e+04 2.033154678530286519e-15
4.921482812500000000e+04 1.269382451681814652e-15
6.162192968750000000e+04 7.843079080357472915e-16
7.775115625000000000e+04 4.678931551850018059e-16
9.801609375000000000e+04 2.687597678941394076e-16
1.236574296875000000e+05 1.453955324353165087e-16
1.559158906250000000e+05 7.266558726782850910e-17
1.964457500000000000e+05 3.233366197135683267e-17
2.473148593750000000e+05 1.269681454586420197e-17
3.118317812500000000e+05 4.271703305892911073e-18
3.928915000000000000e+05 1.248622170588168895e-18
4.962840000000000000e+05 3.217222075458559663e-19
6.244907500000000000e+05 7.990079253466340639e-20
7.857830000000000000e+05 2.028912124090310232e-20
9.925680000000000000e+05 5.538477313762133218e-21
1.248981500000000000e+06 1.739754879763832223e-21
1.571566000000000000e+06 5.984745301225930521e-22
1.981000250000000000e+06 2.039652076486786949e-22
2.497963000000000000e+06 6.228611635010787398e-23
3.147267500000000000e+06 1.512023070381846636e-23
3.970272000000000000e+06 2.590666653706418650e-24
5.004197000000000000e+06 2.744391781683914692e-25
6.286264000000000000e+06 1.355046440662973302e-26
7.940544000000000000e+06 1.312068151994131236e-28
1.000839400000000000e+07 9.999999999999999821e-201
