1.211760009765625000e+03 3.375199430976476526e-14
1.526073364257812500e+03 2.294348508685656926e-14
1.923100463867187500e+03 1.553853269758912589e-14
2.423520019531250000e+03 1.046173204744457278e-14
3.056282226562500000e+03 7.060117777582788621e-15
3.850336669921875000e+03 4.699468380653378892e-15
4.838769042968750000e+03 3.141165819611963348e-15
6.120835937500000000e+03 2.064073471762014507e-15
7.692401855468750000e+03 1.344564436476711811e-15
9.718894531250000000e+03 8.393237616252147005e-16
1.224167187500000000e+04 4.941747494486748105e-16
1.542616113281250000e+04 2.648105355292046365e-16
1.943778906250000000e+04 1.281024850828283955e-16
2.448334375000000000e+04 5.603507576906569184e-17
3.085232226562500000e+04 2.186549395222641211e-17
3.891693750000000000e+04 7.497161523260147712e-18
4.921482812500000000e+04 2.139523820442661899e-18
6.162192968750000000e+04 5.166646858525753327e-19
7.775115625000000000e+04 9.192013294734333414e-20
9.801609375000000000e+04 1.188033572364298114e-20
1.236574296875000000e+05 1.053807401669300039e-21
1.559158906250000000e+05 6.368436620450232100e-23
1.964457500000000000e+05 2.692839170049213136e-24
2.473148593750000000e+05 8.744689925425380108e-26
3.118317812500000000e+05 2.434929966346701533e-27
3.928915000000000000e+05 7.039820971016113176e-29
4.962840000000000000e+05 2.088932803440982721e-30
6.244907500000000000e+05 5.591363668761424073e-32
7.857830000000000000e+05 9.210498627345471202e-34
9.925680000000000000e+05 5.858806621448374308e-36
1.248981500000000000e+06 1.057648726999723178e-38
1.571566000000000000e+06 2.766405439721219722e-42
1.981000250000000000e+06 2.757875609998675009e-47
2.497963000000000000e+06 4.677065019671297663e-55
3.147267500000000000e+06 1.870836745785816474e-68
3.970272000000000000e+06 8.235888598941272993e-93
5.004197000000000000e+06 1.603507058578330302e-135
6.286264000000000000e+06 9.999999999999999821e-201
7.940544000000000000e+06 9.999999999999999821e-201
1.000839400000000000e+07 9.999999999999999821e-201
