1.211760009765625000e+03 4.558387423385205645e-15
1.526073364257812500e+03 3.036056000717657733e-15
1.923100463867187500e+03 2.009022409385260432e-15
2.423520019531250000e+03 1.326398170301007974e-15
3.056282226562500000e+03 8.689375726255739538e-16
3.850336669921875000e+03 5.678524293289498541e-16
4.838769042968750000e+03 3.700977549839837558e-16
6.120835937500000000e+03 2.367325972352642250e-16
7.692401855468750000e+03 1.509283156614884917e-16
9.718894531250000000e+03 9.261503576554092779e-17
1.224167187500000000e+04 5.366509857744520635e-17
1.542616113281250000e+04 2.859680783163317452e-17
1.943778906250000000e+04 1.374857881302966907e-17
2.448334375000000000e+04 5.978545485597167429e-18
3.085232226562500000e+04 2.325888327271142836e-18
3.891693750000000000e+04 7.908591119048815172e-19
4.921482812500000000e+04 2.253849520771659143e-19
6.162192968750000000e+04 5.415043342108721182e-20
7.775115625000000000e+04 9.581977495117001181e-21
9.801609375000000000e+04 1.233656981441268135e-21
1.236574296875000000e+05 1.088865573544795359e-22
1.559158906250000000e+05 6.543568627512614664e-24
1.964457500000000000e+05 2.753449697992444008e-25
2.473148593750000000e+05 8.926870965538406924e-27
3.118317812500000000e+05 2.487863226484673196e-28
3.928915000000000000e+05 7.139676587626269404e-30
4.962840000000000000e+05 2.108455539921739266e-31
6.244907500000000000e+05 5.654266510034991300e-33
7.857830000000000000e+05 9.303066452745929066e-35
9.925680000000000000e+05 5.911947724590762446e-37
1.248981500000000000e+06 1.070746544052351041e-39
1.571566000000000000e+06 2.813694421596795817e-43
1.981000250000000000e+06 2.807123388748650549e-48
2.497963000000000000e+06 4.794974221847884399e-56
3.147267500000000000e+06 1.919429908014019597e-69
3.970272000000000000e+06 8.470411389865898847e-94
5.004197000000000000e+06 1.653496487263026380e-136
6.286264000000000000e+06 9.999999999999999821e-201
7.940544000000000000e+06 9.999999999999999821e-201
1.000839400000000000e+07 9.999999999999999821e-201
