1.211760009765625000e+03 5.106390283027142591e-12
1.526073364257812500e+03 3.342628430757551642e-12
1.923100463867187500e+03 2.228759235411773507e-12
2.423520019531250000e+03 1.507007864015327265e-12
3.056282226562500000e+03 1.027108657276826676e-12
3.850336669921875000e+03 7.015914964739730022e-13
4.838769042968750000e+03 4.801925245203961372e-13
6.120835937500000000e+03 3.251283916526201256e-13
7.692401855468750000e+03 2.210415403942913966e-13
9.718894531250000000e+03 1.473968020978606976e-13
1.224167187500000000e+04 9.737164040622649868e-14
1.542616113281250000e+04 6.221184829206802813e-14
1.943778906250000000e+04 3.780041026686716591e-14
2.448334375000000000e+04 2.142676349439608563e-14
3.085232226562500000e+04 1.117051914284729018e-14
3.891693750000000000e+04 5.324884597881629035e-15
4.921482812500000000e+04 2.255080180340994119e-15
6.162192968750000000e+04 8.535438406995610226e-16
7.775115625000000000e+04 2.594128516272108400e-16
9.801609375000000000e+04 6.142747852108769381e-17
1.236574296875000000e+05 1.057076683240406318e-17
1.559158906250000000e+05 1.279764457644075945e-18
1.964457500000000000e+05 1.070838032094385788e-19
2.473148593750000000e+05 6.361747795059447402e-21
3.118317812500000000e+05 2.874047670940254583e-22
3.928915000000000000e+05 1.187417893846314797e-23
4.962840000000000000e+05 5.146533387639675177e-25
6.244907500000000000e+05 2.900225154162693529e-26
7.857830000000000000e+05 1.882051463377574794e-27
9.925680000000000000e+05 9.948909595767290661e-29
1.248981500000000000e+06 3.402972903703146891e-30
1.571566000000000000e+06 4.953870740086465271e-32
1.981000250000000000e+06 1.957592975016302888e-34
2.497963000000000000e+06 1.171269375976302402e-37
3.147267500000000000e+06 2.558780455421102207e-42
3.970272000000000000e+06 5.316335864416673368e-50
5.004197000000000000e+06 1.115382735871673141e-63
6.286264000000000000e+06 7.360007579138086068e-88
7.940544000000000000e+06 4.302128860608123195e-130
1.000839400000000000e+07 9.999999999999999821e-201
