1.211760009765625000e+03 8.257406725968282337e-13
1.526073364257812500e+03 5.587529773307742547e-13
1.923100463867187500e+03 3.774764761384024287e-13
2.423520019531250000e+03 2.546967836290367468e-13
3.056282226562500000e+03 1.703617724810121169e-13
3.850336669921875000e+03 1.140576119966068091e-13
4.838769042968750000e+03 7.608245193699783484e-14
6.120835937500000000e+03 5.024711507358674622e-14
7.692401855468750000e+03 3.305842506781879442e-14
9.718894531250000000e+03 2.156275056813009385e-14
1.224167187500000000e+04 1.384145691806680845e-14
1.542616113281250000e+04 8.594214093955793230e-15
1.943778906250000000e+04 5.066721658345510307e-15
2.448334375000000000e+04 2.799155911821106164e-15
3.085232226562500000e+04 1.429594936934342478e-15
3.891693750000000000e+04 6.694140637336907180e-16
4.921482812500000000e+04 2.805532822786433559e-16
6.162192968750000000e+04 1.055367014855122046e-16
7.775115625000000000e+04 3.190294697030295538e-17
9.801609375000000000e+04 7.545422558495811556e-18
1.236574296875000000e+05 1.298724625934839642e-18
1.559158906250000000e+05 1.568208778408414455e-19
1.964457500000000000e+05 1.311596918504868504e-20
2.473148593750000000e+05 7.812672730774759159e-22
3.118317812500000000e+05 3.538567363643203331e-23
3.928915000000000000e+05 1.466004399710258489e-24
4.962840000000000000e+05 6.399834264422392861e-26
6.244907500000000000e+05 3.635493503105348337e-27
7.857830000000000000e+05 2.393677103907401433e-28
9.925680000000000000e+05 1.295388637163169567e-29
1.248981500000000000e+06 4.496555878428165605e-31
1.571566000000000000e+06 6.626945818532553782e-33
1.981000250000000000e+06 2.663490813590954832e-35
2.497963000000000000e+06 1.621283399377724237e-38
3.147267500000000000e+06 3.589930788202740165e-43
3.970272000000000000e+06 7.627291282996084215e-51
5.004197000000000000e+06 1.651657384608744732e-64
6.286264000000000000e+06 1.114608686596743279e-88
7.940544000000000000e+06 6.486909034333881052e-131
1.000839400000000000e+07 9.999999999999999821e-201
