1.211760009765625000e+03 2.229375269906972407e-15
1.526073364257812500e+03 1.493304417291095454e-15
1.923100463867187500e+03 9.966634609059689593e-16
2.423520019531250000e+03 6.600943536596062517e-16
3.056282226562500000e+03 4.360276535973131473e-16
3.850336669921875000e+03 2.877019850991111120e-16
4.838769042968750000e+03 1.902463890365209313e-16
6.120835937500000000e+03 1.247230846078084776e-16
7.692401855468750000e+03 8.211787560794876327e-17
9.718894531250000000e+03 5.357326524078070299e-17
1.224167187500000000e+04 3.498217621952431859e-17
1.542616113281250000e+04 2.247542958389769002e-17
1.943778906250000000e+04 1.412069481230169338e-17
2.448334375000000000e+04 8.526237929560970489e-18
3.085232226562500000e+04 4.916438514428349129e-18
3.891693750000000000e+04 2.641315023620839698e-18
4.921482812500000000e+04 1.309246292162058603e-18
6.162192968750000000e+04 6.058967168682153565e-19
7.775115625000000000e+04 2.409729040095304453e-19
9.801609375000000000e+04 7.942244454628849629e-20
1.236574296875000000e+05 2.043960591811194353e-20
1.559158906250000000e+05 3.917284426807047706e-21
1.964457500000000000e+05 5.424604220592712948e-22
2.473148593750000000e+05 5.458613472719834374e-23
3.118317812500000000e+05 4.080633275638147118e-24
3.928915000000000000e+05 2.612935070555825441e-25
4.962840000000000000e+05 1.619595903396914070e-26
6.244907500000000000e+05 1.224990224929896974e-27
7.857830000000000000e+05 1.176056488558827854e-28
9.925680000000000000e+05 1.234619191333366250e-29
1.248981500000000000e+06 1.149370825369750403e-30
1.571566000000000000e+06 6.819251895810483069e-32
1.981000250000000000e+06 1.823189175404695343e-33
2.497963000000000000e+06 1.590371507711265517e-35
3.147267500000000000e+06 2.628841762219798439e-38
3.970272000000000000e+06 1.923947138400012032e-42
5.004197000000000000e+06 2.623243334291295366e-49
6.286264000000000000e+06 2.323614812647600589e-61
7.940544000000000000e+06 2.918546019061287125e-83
1.000839400000000000e+07 9.999999999999999821e-201
