1.211760009765625000e+03 4.122476057760936896e-09
1.526073364257812500e+03 2.432800573864963745e-09
1.923100463867187500e+03 1.412593881599011154e-09
2.423520019531250000e+03 8.220042894629059800e-10
3.056282226562500000e+03 4.701000296994815500e-10
3.850336669921875000e+03 2.673169546128679905e-10
4.838769042968750000e+03 1.506256535924838485e-10
6.120835937500000000e+03 8.279555886970061290e-11
7.692401855468750000e+03 4.504075792962102272e-11
9.718894531250000000e+03 2.379427646670522371e-11
1.224167187500000000e+04 1.215324445847195331e-11
1.542616113281250000e+04 5.946705533516800275e-12
1.943778906250000000e+04 2.704509672551078854e-12
2.448334375000000000e+04 1.119395113540758265e-12
3.085232226562500000e+04 4.101834074206790976e-13
3.891693750000000000e+04 3.122674000765731489e-15
4.921482812500000000e+04 1.802978254076854342e-15
6.162192968750000000e+04 9.485578676610808259e-16
7.775115625000000000e+04 4.102174239047824064e-16
9.801609375000000000e+04 1.419105351943844234e-16
1.236574296875000000e+05 3.627878381168770071e-17
1.559158906250000000e+05 6.620514596829874452e-18
1.964457500000000000e+05 8.477581789126048470e-19
2.473148593750000000e+05 7.655222803468486767e-20
3.118317812500000000e+05 5.141179413664873702e-21
3.928915000000000000e+05 3.051660310252159005e-22
4.962840000000000000e+05 1.809552480797928326e-23
6.244907500000000000e+05 1.352499497123474593e-24
7.857830000000000000e+05 1.242932306874683028e-25
9.925680000000000000e+05 1.085427885934767069e-26
1.248981500000000000e+06 7.053765161131801071e-28
1.571566000000000000e+06 2.363312216938996450e-29
1.981000250000000000e+06 2.740810274364985909e-31
2.497963000000000000e+06 7.217785379689292476e-34
3.147267500000000000e+06 1.732024543980030092e-37
3.970272000000000000e+06 3.241594366030679414e-43
5.004197000000000000e+06 3.361133004581750759e-53
6.286264000000000000e+06 6.438375413420833123e-71
7.940544000000000000e+06 1.510324388212528131e-102
1.000839400000000000e+07 9.999999999999999821e-201
