1.211760009765625000e+03 4.770115800974135421e-11
1.526073364257812500e+03 3.174508065896964510e-11
1.923100463867187500e+03 2.103195334825194984e-11
2.423520019531250000e+03 1.388689064774454826e-11
3.056282226562500000e+03 9.135347215798748473e-12
3.850336669921875000e+03 5.996988003582325295e-12
4.838769042968750000e+03 3.929340649185113468e-12
6.120835937500000000e+03 2.538021598534915146e-12
7.692401855468750000e+03 1.644869238891902837e-12
9.718894531250000000e+03 1.052034284018770974e-12
1.224167187500000000e+04 6.656748193848573687e-13
1.542616113281250000e+04 4.109273156576849557e-13
1.943778906250000000e+04 2.430251356377415344e-13
2.448334375000000000e+04 1.356637378576819908e-13
3.085232226562500000e+04 7.038998585049374935e-14
3.891693750000000000e+04 3.346594657744124686e-14
4.921482812500000000e+04 1.436378783582439933e-14
6.162192968750000000e+04 5.608349198840281241e-15
7.775115625000000000e+04 1.796552289292642189e-15
9.801609375000000000e+04 4.593038189772037652e-16
1.236574296875000000e+05 8.764236557909324865e-17
1.559158906250000000e+05 1.198872029363402880e-17
1.964457500000000000e+05 1.153715577555297789e-18
2.473148593750000000e+05 7.914648224330764701e-20
3.118317812500000000e+05 4.065735210342163233e-21
3.928915000000000000e+05 1.862958335963274725e-22
4.962840000000000000e+05 8.659816015432538884e-24
6.244907500000000000e+05 5.164489975872943595e-25
7.857830000000000000e+05 3.810723197959987081e-26
9.925680000000000000e+05 2.678488182409619771e-27
1.248981500000000000e+06 1.392484367706748172e-28
1.571566000000000000e+06 3.729262905633574500e-30
1.981000250000000000e+06 3.433972111578948445e-32
2.497963000000000000e+06 7.057641658794756685e-35
3.147267500000000000e+06 1.280925247078542950e-38
3.970272000000000000e+06 1.669443037540582173e-44
5.004197000000000000e+06 1.022974465730898281e-54
6.286264000000000000e+06 7.757941872828829679e-73
7.940544000000000000e+06 3.654336524036282583e-105
1.000839400000000000e+07 9.999999999999999821e-201
