1.211760009765625000e+03 5.542301648651410516e-13
1.526073364257812500e+03 2.442690007092057008e-13
1.923100463867187500e+03 1.020206692265952619e-13
2.423520019531250000e+03 4.134930668207343607e-14
3.056282226562500000e+03 1.698680779586361969e-14
3.850336669921875000e+03 7.760834523572105264e-15
4.838769042968750000e+03 4.178922977867375214e-15
6.120835937500000000e+03 2.612171282202782621e-15
7.692401855468750000e+03 1.752974077481831173e-15
9.718894531250000000e+03 1.210356683367735178e-15
1.224167187500000000e+04 8.324504931329211079e-16
1.542616113281250000e+04 5.611444184639849460e-16
1.943778906250000000e+04 3.649366418325650843e-16
2.448334375000000000e+04 2.255111181279552070e-16
3.085232226562500000e+04 1.304406970137585164e-16
3.891693750000000000e+04 6.985574704223838052e-17
4.921482812500000000e+04 3.398531583942687472e-17
6.162192968750000000e+04 1.517992529255545669e-17
7.775115625000000000e+04 5.633158544837362066e-18
9.801609375000000000e+04 1.681442907194459350e-18
1.236574296875000000e+05 3.792060997945735330e-19
1.559158906250000000e+05 6.239424020040245578e-20
1.964457500000000000e+05 7.315069665060436610e-21
2.473148593750000000e+05 6.142872047153492449e-22
3.118317812500000000e+05 3.866189617965266745e-23
3.928915000000000000e+05 2.145791246485797714e-24
4.962840000000000000e+05 1.201580950129709461e-25
6.244907500000000000e+05 8.566226650150069748e-27
7.857830000000000000e+05 7.646942601906097761e-28
9.925680000000000000e+05 6.712541821768172510e-29
1.248981500000000000e+06 4.601659842808572406e-30
1.571566000000000000e+06 1.711499055691770620e-31
1.981000250000000000e+06 2.342988572587385165e-33
2.497963000000000000e+06 7.888597761497414708e-36
3.147267500000000000e+06 2.875777562298116215e-39
3.970272000000000000e+06 1.224523100472051071e-44
5.004197000000000000e+06 6.389326639274161139e-54
6.286264000000000000e+06 2.153208186988829227e-70
7.940544000000000000e+06 6.026850552510416461e-100
1.000839400000000000e+07 9.999999999999999821e-201
