1.211760009765625000e+03 9.540231601948271812e-13
1.526073364257812500e+03 6.546804796335797971e-13
1.923100463867187500e+03 4.488909445970191221e-13
2.423520019531250000e+03 3.070061475039489483e-13
3.056282226562500000e+03 2.093722821350631865e-13
3.850336669921875000e+03 1.422819662654885881e-13
4.838769042968750000e+03 9.636471642992678459e-14
6.120835937500000000e+03 6.481141954899357954e-14
7.692401855468750000e+03 4.348159164256608750e-14
9.718894531250000000e+03 2.890634735501486738e-14
1.224167187500000000e+04 1.910741628974687332e-14
1.542616113281250000e+04 1.235460820483731492e-14
1.943778906250000000e+04 7.653040255906218324e-15
2.448334375000000000e+04 4.540696837981801514e-15
3.085232226562500000e+04 2.519799291394390312e-15
3.891693750000000000e+04 1.298242191184984618e-15
4.921482812500000000e+04 6.104998554427955017e-16
6.162192968750000000e+04 2.630314641210040341e-16
7.775115625000000000e+04 9.466029307304020019e-17
9.801609375000000000e+04 2.757148618008306170e-17
1.236574296875000000e+05 6.044488207251848293e-18
1.559158906250000000e+05 9.586024176243653329e-19
1.964457500000000000e+05 1.084011421276793549e-19
2.473148593750000000e+05 8.752161238953711415e-21
3.118317812500000000e+05 5.238467618507233491e-22
3.928915000000000000e+05 2.764932594286047797e-23
4.962840000000000000e+05 1.462794200157906859e-24
6.244907500000000000e+05 9.808076075763541463e-26
7.857830000000000000e+05 8.175276818037790888e-27
9.925680000000000000e+05 6.712541821768171837e-28
1.248981500000000000e+06 4.241753486387791064e-29
1.571566000000000000e+06 1.461905443403387481e-30
1.981000250000000000e+06 1.849942281660301076e-32
2.497963000000000000e+06 5.769402090919708682e-35
3.147267500000000000e+06 1.947849336354912564e-38
3.970272000000000000e+06 7.685836481686278561e-44
5.004197000000000000e+06 3.734400958114578069e-53
6.286264000000000000e+06 1.172160669840072655e-69
7.940544000000000000e+06 3.130224705567425504e-99
1.000839400000000000e+07 9.999999999999999821e-201
