1.211760009765625000e+03 1.073587420480340669e-11
1.526073364257812500e+03 5.488635441036809141e-12
1.923100463867187500e+03 2.738862581544750120e-12
2.423520019531250000e+03 1.326406360982492657e-12
3.056282226562500000e+03 6.369236562201962206e-13
3.850336669921875000e+03 3.031722805315030276e-13
4.838769042968750000e+03 1.524716483813887635e-13
6.120835937500000000e+03 8.400446715283126655e-14
7.692401855468750000e+03 5.310220886579726200e-14
9.718894531250000000e+03 3.457450926987989943e-14
1.224167187500000000e+04 2.530662607129081458e-14
1.542616113281250000e+04 1.706363084484171407e-14
1.943778906250000000e+04 1.038792908062500595e-14
2.448334375000000000e+04 5.682697521286746005e-15
3.085232226562500000e+04 2.787770790118191670e-15
3.891693750000000000e+04 1.189547709019550607e-15
4.921482812500000000e+04 4.211582763114534862e-16
6.162192968750000000e+04 1.264194818950266746e-16
7.775115625000000000e+04 2.760660704381594505e-17
9.801609375000000000e+04 4.339550660855598640e-18
1.236574296875000000e+05 4.613753978158681370e-19
1.559158906250000000e+05 3.276395016898386003e-20
1.964457500000000000e+05 1.582986780328910617e-21
2.473148593750000000e+05 5.750249981316200257e-23
3.118317812500000000e+05 1.729602124710363707e-24
3.928915000000000000e+05 5.210985215858001314e-26
4.962840000000000000e+05 1.607628436834361931e-27
6.244907500000000000e+05 4.601384658267185647e-29
7.857830000000000000e+05 8.423201303848820874e-31
9.925680000000000000e+05 6.326791345738848653e-33
1.248981500000000000e+06 1.442974758874025782e-35
1.571566000000000000e+06 5.354428792695125733e-39
1.981000250000000000e+06 1.008283597650378830e-43
2.497963000000000000e+06 6.381444451585626889e-51
3.147267500000000000e+06 3.595232522101366063e-63
3.970272000000000000e+06 2.121049177002218392e-85
5.004197000000000000e+06 1.206059157809781651e-124
6.286264000000000000e+06 1.418992204287156136e-188
7.940544000000000000e+06 9.999999999999999821e-201
1.000839400000000000e+07 9.999999999999999821e-201
