1.211760009765625000e+03 1.855736956514741807e-12
1.526073364257812500e+03 9.029052536336229008e-13
1.923100463867187500e+03 4.245629388583694960e-13
2.423520019531250000e+03 1.974055755755614581e-13
3.056282226562500000e+03 9.184620368756634668e-14
3.850336669921875000e+03 4.506936388841759871e-14
4.838769042968750000e+03 2.487197848369204830e-14
6.120835937500000000e+03 1.552270566541409611e-14
7.692401855468750000e+03 1.074302267809570111e-14
9.718894531250000000e+03 7.622897426877417707e-15
1.224167187500000000e+04 5.459462769795801840e-15
1.542616113281250000e+04 3.701750032391948385e-15
1.943778906250000000e+04 2.333139065749090930e-15
2.448334375000000000e+04 1.342484258768235404e-15
3.085232226562500000e+04 6.999640174674439126e-16
3.891693750000000000e+04 3.274287951622874214e-16
4.921482812500000000e+04 1.325539723689803395e-16
6.162192968750000000e+04 4.670133102212543601e-17
7.775115625000000000e+04 1.263180712416924613e-17
9.801609375000000000e+04 2.564582326169239324e-18
1.236574296875000000e+05 3.619383739457580062e-19
1.559158906250000000e+05 3.519980373212265615e-20
1.964457500000000000e+05 2.301653417309693887e-21
2.473148593750000000e+05 1.084182267576853184e-22
3.118317812500000000e+05 4.010536799121064806e-24
3.928915000000000000e+05 1.427684972183089655e-25
4.962840000000000000e+05 5.572507849697469754e-27
6.244907500000000000e+05 2.726086439425625935e-28
7.857830000000000000e+05 1.268045851690861309e-29
9.925680000000000000e+05 3.668074448534193425e-31
1.248981500000000000e+06 5.097144049462534512e-33
1.571566000000000000e+06 2.120173947346955638e-35
1.981000250000000000e+06 1.447175963040362556e-38
2.497963000000000000e+06 5.348419107479400159e-43
3.147267500000000000e+06 6.528331092961746798e-50
3.970272000000000000e+06 4.773439708347485201e-62
5.004197000000000000e+06 5.071411410941166703e-84
6.286264000000000000e+06 5.714642533233376253e-122
7.940544000000000000e+06 2.315574322800925734e-185
1.000839400000000000e+07 9.999999999999999821e-201
