1.211760009765625000e+03 3.014015728030654708e-10
1.526073364257812500e+03 1.869102879920643027e-10
1.923100463867187500e+03 1.185009311785837243e-10
2.423520019531250000e+03 7.659585424540711382e-11
3.056282226562500000e+03 5.086166287714978792e-11
3.850336669921875000e+03 3.410100886942289514e-11
4.838769042968750000e+03 2.342303235939462217e-11
6.120835937500000000e+03 1.617237913369255358e-11
7.692401855468750000e+03 1.129431734895953439e-11
9.718894531250000000e+03 7.798108073942248324e-12
1.224167187500000000e+04 5.462752590398479844e-12
1.542616113281250000e+04 3.769791650012885497e-12
1.943778906250000000e+04 2.546481886407046973e-12
2.448334375000000000e+04 1.657338931517047337e-12
3.085232226562500000e+04 1.030708659112563714e-12
3.891693750000000000e+04 6.061755051311117805e-13
4.921482812500000000e+04 3.299697113295734032e-13
6.162192968750000000e+04 1.685548614955961973e-13
7.775115625000000000e+04 7.619571550086441284e-14
9.801609375000000000e+04 2.903676070411293260e-14
1.236574296875000000e+05 8.900516296931514482e-15
1.559158906250000000e+05 2.085350294813110372e-15
1.964457500000000000e+05 3.603622169811094314e-16
2.473148593750000000e+05 4.530957164332320640e-17
3.118317812500000000e+05 4.204029842135483057e-18
3.928915000000000000e+05 3.201046059583609641e-19
4.962840000000000000e+05 2.279984253148310324e-20
6.244907500000000000e+05 1.878467785664478740e-21
7.857830000000000000e+05 1.920749150462570102e-22
9.925680000000000000e+05 2.312165114239538973e-23
1.248981500000000000e+06 2.854113038663758288e-24
1.571566000000000000e+06 2.713246517257178547e-25
1.981000250000000000e+06 1.460059532685035121e-26
2.497963000000000000e+06 3.441617112791724670e-28
3.147267500000000000e+06 2.531563574751937087e-30
3.970272000000000000e+06 2.530075892958495881e-33
5.004197000000000000e+06 5.270383071548924455e-38
6.286264000000000000e+06 5.727548261376635842e-46
7.940544000000000000e+06 1.738646405146291557e-60
1.000839400000000000e+07 9.999999999999999821e-201
