1.211760009765625000e+03 8.406862051325173268e-11
1.526073364257812500e+03 5.033721512590515356e-11
1.923100463867187500e+03 2.982142638931246099e-11
2.423520019531250000e+03 1.756100072943480325e-11
3.056282226562500000e+03 1.017233257542995823e-11
3.850336669921875000e+03 5.879484287831534592e-12
4.838769042968750000e+03 3.337236301538248483e-12
6.120835937500000000e+03 1.856372177998550055e-12
7.692401855468750000e+03 1.023547509749457647e-12
9.718894531250000000e+03 5.457125332062965388e-13
1.224167187500000000e+04 2.860272704635608639e-13
1.542616113281250000e+04 1.430587600517710297e-13
1.943778906250000000e+04 6.858224077550543678e-14
2.448334375000000000e+04 3.058388337541767629e-14
3.085232226562500000e+04 1.234356740953352367e-14
3.891693750000000000e+04 1.229670310408826464e-18
4.921482812500000000e+04 8.692344967024763621e-19
6.162192968750000000e+04 5.829188960056035127e-19
7.775115625000000000e+04 3.454636253640886799e-19
9.801609375000000000e+04 1.762506767315329785e-19
1.236574296875000000e+05 7.289833052848734747e-20
1.559158906250000000e+05 2.337465183650619151e-20
1.964457500000000000e+05 5.618374564750934714e-21
2.473148593750000000e+05 1.003481924125133521e-21
3.118317812500000000e+05 1.341032304073597544e-22
3.928915000000000000e+05 1.488770534220542747e-23
4.962840000000000000e+05 1.531923303974856594e-24
6.244907500000000000e+05 1.813167630890511034e-25
7.857830000000000000e+05 2.662642439348275895e-26
9.925680000000000000e+05 4.591992254853350064e-27
1.248981500000000000e+06 8.085062688121080546e-28
1.571566000000000000e+06 1.083994161461882939e-28
1.981000250000000000e+06 8.219216250429743258e-30
2.497963000000000000e+06 2.670220173717717726e-31
3.147267500000000000e+06 2.625186488019390518e-33
3.970272000000000000e+06 3.221593382140210825e-36
5.004197000000000000e+06 7.301326866636250073e-41
6.286264000000000000e+06 8.524097647213117582e-49
7.940544000000000000e+06 2.777004674886438623e-63
1.000839400000000000e+07 9.999999999999999821e-201
