1.211760009765625000e+03 1.494553253568919570e-11
1.526073364257812500e+03 8.148892979124920833e-12
1.923100463867187500e+03 4.300563595090324063e-12
2.423520019531250000e+03 2.216920659460564207e-12
3.056282226562500000e+03 1.101179691417903187e-12
3.850336669921875000e+03 5.252340658935097727e-13
4.838769042968750000e+03 2.404729798012676141e-13
6.120835937500000000e+03 1.025719628678770493e-13
7.692401855468750000e+03 4.139582224651105617e-14
9.718894531250000000e+03 1.546452759517000988e-14
1.224167187500000000e+04 5.594986967338522518e-15
1.542616113281250000e+04 2.081850986068075379e-15
1.943778906250000000e+04 6.652546952276328699e-16
2.448334375000000000e+04 4.866011326941192942e-16
3.085232226562500000e+04 3.506660185087409571e-16
3.891693750000000000e+04 2.475776922339272679e-16
4.921482812500000000e+04 1.702913069474052418e-16
6.162192968750000000e+04 1.149867867723146244e-16
7.775115625000000000e+04 7.423213038089843009e-17
9.801609375000000000e+04 4.551752764079249196e-17
1.236574296875000000e+05 2.599565773178682073e-17
1.559158906250000000e+05 1.338593093736433247e-17
1.964457500000000000e+05 6.044651133971383877e-18
2.473148593750000000e+05 2.338207977973233936e-18
3.118317812500000000e+05 7.552884083839915903e-19
3.928915000000000000e+05 2.087935991388354937e-19
4.962840000000000000e+05 4.988962010919677424e-20
6.244907500000000000e+05 1.152376017161446688e-20
7.857830000000000000e+05 2.739429245141575959e-21
9.925680000000000000e+05 7.137287213490047264e-22
1.248981500000000000e+06 2.188545921079434020e-22
1.571566000000000000e+06 7.354676739331208554e-23
1.981000250000000000e+06 2.409065697851697780e-23
2.497963000000000000e+06 6.790653534660215005e-24
3.147267500000000000e+06 1.455045927867460891e-24
3.970272000000000000e+06 2.058228410036445824e-25
5.004197000000000000e+06 1.616093467014831807e-26
6.286264000000000000e+06 4.848305046417735280e-28
7.940544000000000000e+06 1.768425186920037258e-30
1.000839400000000000e+07 9.999999999999999821e-201
