1.211760009765625000e+03 6.812671914184993062e-15
1.526073364257812500e+03 4.519470984781661321e-15
1.923100463867187500e+03 2.989990382717907272e-15
2.423520019531250000e+03 1.967828450532411053e-15
3.056282226562500000e+03 1.288822931604506174e-15
3.850336669921875000e+03 8.466032484418176801e-16
4.838769042968750000e+03 5.549985582609928250e-16
6.120835937500000000e+03 3.595538387030800266e-16
7.692401855468750000e+03 2.346373164295903901e-16
9.718894531250000000e+03 1.513672095518593776e-16
1.224167187500000000e+04 9.641182150275814876e-17
1.542616113281250000e+04 5.947259643963018963e-17
1.943778906250000000e+04 3.483672746908644561e-17
2.448334375000000000e+04 1.906478454918918399e-17
3.085232226562500000e+04 9.626665406371723550e-18
3.891693750000000000e+04 4.445164880604988516e-18
4.921482812500000000e+04 1.826677092494427756e-18
6.162192968750000000e+04 6.729045802968273851e-19
7.775115625000000000e+04 1.989812814079582982e-19
9.801609375000000000e+04 4.527267534757030641e-20
1.236574296875000000e+05 7.476203037165827648e-21
1.559158906250000000e+05 8.650673717668917579e-22
1.964457500000000000e+05 6.911881207223310365e-23
2.473148593750000000e+05 3.937274707692930466e-24
3.118317812500000000e+05 1.718307145911415249e-25
3.928915000000000000e+05 6.963373972341795133e-27
4.962840000000000000e+05 2.999157889250508239e-28
6.244907500000000000e+05 1.690005350244729927e-29
7.857830000000000000e+05 1.071226177395204395e-30
9.925680000000000000e+05 5.339240787997620315e-32
1.248981500000000000e+06 1.611707623069185960e-33
1.571566000000000000e+06 1.947844153900112054e-35
1.981000250000000000e+06 5.928169664502387222e-38
2.497963000000000000e+06 2.365445828999839780e-41
3.147267500000000000e+06 2.457338735808213766e-46
3.970272000000000000e+06 1.179422773542223869e-54
5.004197000000000000e+06 1.494274767716229918e-69
6.286264000000000000e+06 8.118394293395613779e-96
7.940544000000000000e+06 2.245220452311188207e-141
1.000839400000000000e+07 9.999999999999999821e-201
