1.211760009765625000e+03 5.617029311329857254e-11
1.526073364257812500e+03 3.322849564303365325e-11
1.923100463867187500e+03 1.946240459091971386e-11
2.423520019531250000e+03 1.127142245399893747e-11
3.056282226562500000e+03 6.468813433889922227e-12
3.850336669921875000e+03 3.653120518005606298e-12
4.838769042968750000e+03 2.046037717156730314e-12
6.120835937500000000e+03 1.114414577731767113e-12
7.692401855468750000e+03 5.982182978155734995e-13
9.718894531250000000e+03 3.118431962513853754e-13
1.224167187500000000e+04 1.574363929894489998e-13
1.542616113281250000e+04 7.680390259077007125e-14
1.943778906250000000e+04 3.531876245321811861e-14
2.448334375000000000e+04 1.520353535089128363e-14
3.085232226562500000e+04 2.108716585516103114e-17
3.891693750000000000e+04 1.609423471127465159e-17
4.921482812500000000e+04 1.166359477336417333e-17
6.162192968750000000e+04 8.092797555937033883e-18
7.775115625000000000e+04 5.115827531149686452e-18
9.801609375000000000e+04 2.865974006614129519e-18
1.236574296875000000e+05 1.351404225383154255e-18
1.559158906250000000e+05 5.141281561012048663e-19
1.964457500000000000e+05 1.516409671232929140e-19
2.473148593750000000e+05 3.419164985436339332e-20
3.118317812500000000e+05 5.842004937894018396e-21
3.928915000000000000e+05 8.169306203609407422e-22
4.962840000000000000e+05 1.015560124561012778e-22
6.244907500000000000e+05 1.370821091318788263e-23
7.857830000000000000e+05 2.186848894571941290e-24
9.925680000000000000e+05 4.171563214061076584e-25
1.248981500000000000e+06 8.911407869158601521e-26
1.571566000000000000e+06 1.658523491989540190e-26
1.981000250000000000e+06 2.068002058222398163e-27
2.497963000000000000e+06 1.349495746232337241e-28
3.147267500000000000e+06 3.578376051156754695e-30
3.970272000000000000e+06 2.440725286965778527e-32
5.004197000000000000e+06 1.571183787464100557e-35
6.286264000000000000e+06 9.960028417354935574e-41
7.940544000000000000e+06 4.008144250122781549e-50
1.000839400000000000e+07 9.999999999999999821e-201
