1.211760009765625000e+03 2.391285205710271312e-10
1.526073364257812500e+03 1.325184052430508689e-10
1.923100463867187500e+03 7.188533308581635421e-11
2.423520019531250000e+03 3.854701933163171647e-11
3.056282226562500000e+03 2.024567605798221977e-11
3.850336669921875000e+03 1.050315201354486895e-11
4.838769042968750000e+03 5.423270947419025556e-12
6.120835937500000000e+03 2.755300692948575865e-12
7.692401855468750000e+03 1.458515296175121333e-12
9.718894531250000000e+03 8.067060132185588564e-13
1.224167187500000000e+04 4.819838479334677953e-13
1.542616113281250000e+04 2.677580045399193176e-13
1.943778906250000000e+04 1.826901804853808340e-13
2.448334375000000000e+04 1.146629105788920642e-13
3.085232226562500000e+04 6.500995761548771269e-14
3.891693750000000000e+04 3.312845058810206026e-14
4.921482812500000000e+04 1.460492538553104982e-14
6.162192968750000000e+04 5.603113634595270754e-15
7.775115625000000000e+04 1.637375695466447320e-15
9.801609375000000000e+04 3.565041762032427963e-16
1.236574296875000000e+05 5.382330938469016462e-17
1.559158906250000000e+05 5.471739433025608139e-18
1.964457500000000000e+05 3.750764731639631128e-19
2.473148593750000000e+05 1.821310436983015941e-20
3.118317812500000000e+05 6.803052501313401361e-22
3.928915000000000000e+05 2.433978533651696924e-23
4.962840000000000000e+05 9.286541301100760091e-25
6.244907500000000000e+05 4.305811703213702584e-26
7.857830000000000000e+05 1.824741016763105487e-27
9.925680000000000000e+05 4.666349309904909621e-29
1.248981500000000000e+06 5.625176321496556285e-31
1.571566000000000000e+06 2.030751854817621244e-33
1.981000250000000000e+06 1.216804594000546468e-36
2.497963000000000000e+06 4.072678134548049874e-41
3.147267500000000000e+06 4.900587108321367481e-48
3.970272000000000000e+06 3.939034691701967112e-60
5.004197000000000000e+06 5.599075353164331147e-82
6.286264000000000000e+06 1.103699469392056816e-119
7.940544000000000000e+06 1.089851409339843600e-182
1.000839400000000000e+07 9.999999999999999821e-201
