1.211760009765625000e+03 6.152577560525385993e-09
1.526073364257812500e+03 3.579974828207792232e-09
1.923100463867187500e+03 2.063956615891888772e-09
2.423520019531250000e+03 1.183187992408728091e-09
3.056282226562500000e+03 6.666259189823413281e-10
3.850336669921875000e+03 3.746646763040631273e-10
4.838769042968750000e+03 2.072686885076811614e-10
6.120835937500000000e+03 1.111960636797103973e-10
7.692401855468750000e+03 5.888658013969072663e-11
9.718894531250000000e+03 2.988929652000709248e-11
1.224167187500000000e+04 1.438932361548945172e-11
1.542616113281250000e+04 6.384998569798075941e-12
1.943778906250000000e+04 2.534089600281088261e-12
2.448334375000000000e+04 8.814477816488119016e-13
3.085232226562500000e+04 2.600398304619508508e-13
3.891693750000000000e+04 5.680789293286228760e-15
4.921482812500000000e+04 2.596431179649963930e-15
6.162192968750000000e+04 1.025475514256115476e-15
7.775115625000000000e+04 3.082508900372056554e-16
9.801609375000000000e+04 6.894508077234520437e-17
1.236574296875000000e+05 1.071189392656088832e-17
1.559158906250000000e+05 1.124916263325935149e-18
1.964457500000000000e+05 7.988641766089604120e-20
2.473148593750000000e+05 4.066181440706268487e-21
3.118317812500000000e+05 1.635349158969567228e-22
3.928915000000000000e+05 6.352090319530039066e-24
4.962840000000000000e+05 2.721659447343540145e-25
6.244907500000000000e+05 1.486076605533932677e-26
7.857830000000000000e+05 7.728998574187674753e-28
9.925680000000000000e+05 2.535084000092571739e-29
1.248981500000000000e+06 4.025779173369550570e-31
1.571566000000000000e+06 1.921367094487866811e-33
1.981000250000000000e+06 1.536896847273077678e-36
2.497963000000000000e+06 6.803910355342886401e-41
3.147267500000000000e+06 1.045912341174143729e-47
3.970272000000000000e+06 1.046575640714975237e-59
5.004197000000000000e+06 1.679722605949299227e-81
6.286264000000000000e+06 3.585520962271836382e-119
7.940544000000000000e+06 3.778567923499170429e-182
1.000839400000000000e+07 9.999999999999999821e-201
