1.211760009765625000e+03 2.565649751959978951e-14
1.526073364257812500e+03 1.770208547649709441e-14
1.923100463867187500e+03 1.224248030719143118e-14
2.423520019531250000e+03 8.406849069339333621e-15
3.056282226562500000e+03 5.727745819322263564e-15
3.850336669921875000e+03 3.910153644027184600e-15
4.838769042968750000e+03 2.662492096771023121e-15
6.120835937500000000e+03 1.796437228195259172e-15
7.692401855468750000e+03 1.210205892584877831e-15
9.718894531250000000e+03 7.953396216409070955e-16
1.224167187500000000e+04 5.018489159797406496e-16
1.542616113281250000e+04 2.953398106442235221e-16
1.943778906250000000e+04 1.592188988737632069e-16
2.448334375000000000e+04 7.811163452492342450e-17
3.085232226562500000e+04 3.443829250260243762e-17
3.891693750000000000e+04 1.350143057425268921e-17
4.921482812500000000e+04 4.483407288811828931e-18
6.162192968750000000e+04 1.277647863482362476e-18
7.775115625000000000e+04 2.719563487564549475e-19
9.801609375000000000e+04 4.266998906096088376e-20
1.236574296875000000e+05 4.616378813318198278e-21
1.559158906250000000e+05 3.388847328064536582e-22
1.964457500000000000e+05 1.713795024502572794e-23
2.473148593750000000e+05 6.477122881812943675e-25
3.118317812500000000e+05 2.043010287935851473e-26
3.928915000000000000e+05 6.575466972249202641e-28
4.962840000000000000e+05 2.315788840147622523e-29
6.244907500000000000e+05 8.820889162082324206e-31
7.857830000000000000e+05 2.473685761911209247e-32
9.925680000000000000e+05 3.299631367783549976e-34
1.248981500000000000e+06 1.556002322438676324e-36
1.571566000000000000e+06 1.501981091906120527e-39
1.981000250000000000e+06 1.193119645395460296e-43
2.497963000000000000e+06 9.968760798840843045e-50
3.147267500000000000e+06 7.555528903582897880e-60
3.970272000000000000e+06 3.503107592754534457e-78
5.004197000000000000e+06 4.979299084530434835e-111
6.286264000000000000e+06 9.743226163447818725e-166
7.940544000000000000e+06 9.999999999999999821e-201
1.000839400000000000e+07 9.999999999999999821e-201
