1.211760009765625000e+03 1.544371695354550357e-14
1.526073364257812500e+03 1.058169355298988571e-14
1.923100463867187500e+03 7.282706234021568968e-15
2.423520019531250000e+03 4.969381894320584035e-15
3.056282226562500000e+03 3.387270372461269541e-15
3.850336669921875000e+03 2.303777898484954884e-15
4.838769042968750000e+03 1.566354999620847405e-15
6.120835937500000000e+03 1.055284164103772464e-15
7.692401855468750000e+03 7.106329001258405144e-16
9.718894531250000000e+03 4.655646565702871573e-16
1.224167187500000000e+04 2.935760766768902016e-16
1.542616113281250000e+04 1.722815562091304002e-16
1.943778906250000000e+04 9.308181780312311260e-17
2.448334375000000000e+04 4.544676917813725284e-17
3.085232226562500000e+04 1.997719132185595967e-17
3.891693750000000000e+04 7.794640331527325589e-18
4.921482812500000000e+04 2.595948170929318078e-18
6.162192968750000000e+04 7.381965433453652109e-19
7.775115625000000000e+04 1.571033550405591833e-19
9.801609375000000000e+04 2.452720576808730761e-20
1.236574296875000000e+05 2.649137645812664600e-21
1.559158906250000000e+05 1.940344801874271909e-22
1.964457500000000000e+05 9.793114425728987814e-24
2.473148593750000000e+05 3.692272947120420594e-25
3.118317812500000000e+05 1.162191481161113256e-26
3.928915000000000000e+05 3.729369327544323899e-28
4.962840000000000000e+05 1.315542017173062708e-29
6.244907500000000000e+05 4.993253329250172453e-31
7.857830000000000000e+05 1.394259247622681346e-32
9.925680000000000000e+05 1.851637796678535827e-34
1.248981500000000000e+06 8.723043322762276056e-37
1.571566000000000000e+06 8.402171454722354919e-40
1.981000250000000000e+06 6.668965703520475202e-44
2.497963000000000000e+06 5.551117529383676417e-50
3.147267500000000000e+06 4.190957438706138391e-60
3.970272000000000000e+06 1.935927880206453669e-78
5.004197000000000000e+06 2.738614496491739122e-111
6.286264000000000000e+06 5.349222207383117451e-166
7.940544000000000000e+06 9.999999999999999821e-201
1.000839400000000000e+07 9.999999999999999821e-201
