1.211760009765625000e+03 2.042556113210856507e-09
1.526073364257812500e+03 1.206510853705388709e-09
1.923100463867187500e+03 7.008035186801961764e-10
2.423520019531250000e+03 4.047666957618661214e-10
3.056282226562500000e+03 2.295673600546248264e-10
3.850336669921875000e+03 1.284329768736951772e-10
4.838769042968750000e+03 7.057033071787437325e-11
6.120835937500000000e+03 3.761835211600701472e-11
7.692401855468750000e+03 1.927537625416444570e-11
9.718894531250000000e+03 9.319257436820711597e-12
1.224167187500000000e+04 4.077767590809151916e-12
1.542616113281250000e+04 1.555065009759340509e-12
1.943778906250000000e+04 5.109836884952038129e-13
2.448334375000000000e+04 1.415230220760186611e-13
3.085232226562500000e+04 5.631449259360277553e-16
3.891693750000000000e+04 2.377437953503917510e-16
4.921482812500000000e+04 8.324461205921694887e-17
6.162192968750000000e+04 2.456778178767132569e-17
7.775115625000000000e+04 5.284344405757377945e-18
9.801609375000000000e+04 8.199794336873751497e-19
1.236574296875000000e+05 8.669102117908997052e-20
1.559158906250000000e+05 6.187651033519340290e-21
1.964457500000000000e+05 3.089095195924246914e-22
2.473148593750000000e+05 1.181236767404205061e-23
3.118317812500000000e+05 3.859581981395329729e-25
3.928915000000000000e+05 1.287249101580518145e-26
4.962840000000000000e+05 4.274027291030285248e-28
6.244907500000000000e+05 1.226300534089409914e-29
7.857830000000000000e+05 2.059751392838110227e-31
9.925680000000000000e+05 1.265909096134496828e-33
1.248981500000000000e+06 2.076016400932792515e-36
1.571566000000000000e+06 4.452321211141040854e-40
1.981000250000000000e+06 2.880146850110758828e-45
2.497963000000000000e+06 1.906118271752633999e-53
3.147267500000000000e+06 1.166881556022453645e-67
3.970272000000000000e+06 1.889863584737221410e-93
5.004197000000000000e+06 2.183934576250922784e-138
6.286264000000000000e+06 9.999999999999999821e-201
7.940544000000000000e+06 9.999999999999999821e-201
1.000839400000000000e+07 9.999999999999999821e-201
