1.211760009765625000e+03 9.179047899002448524e-10
1.526073364257812500e+03 5.310625642949128745e-10
1.923100463867187500e+03 3.029229095302975468e-10
2.423520019531250000e+03 1.706247302134635776e-10
3.056282226562500000e+03 9.429541025899641485e-11
3.850336669921875000e+03 5.129487795870141464e-11
4.838769042968750000e+03 2.714004348753494589e-11
6.120835937500000000e+03 1.377711077495321915e-11
7.692401855468750000e+03 6.755923954429913681e-12
9.718894531250000000e+03 3.039511656316910134e-12
1.224167187500000000e+04 1.230448574782811631e-12
1.542616113281250000e+04 4.321095537756806546e-13
1.943778906250000000e+04 1.084377598486005173e-14
2.448334375000000000e+04 5.798079759061558230e-15
3.085232226562500000e+04 2.761098578663416500e-15
3.891693750000000000e+04 1.138842656049079196e-15
4.921482812500000000e+04 3.893465276068087492e-16
6.162192968750000000e+04 1.118287431108413414e-16
7.775115625000000000e+04 2.330773336110842764e-17
9.801609375000000000e+04 3.490554653494882848e-18
1.236574296875000000e+05 3.556978922424493222e-19
1.559158906250000000e+05 2.440200407585092102e-20
1.964457500000000000e+05 1.160067938383568849e-21
2.473148593750000000e+05 4.203005242159147355e-23
3.118317812500000000e+05 1.293108029572348096e-24
3.928915000000000000e+05 4.045640033538771765e-26
4.962840000000000000e+05 1.239190380159105610e-27
6.244907500000000000e+05 3.273208192494289445e-29
7.857830000000000000e+05 4.994441430421612286e-31
9.925680000000000000e+05 2.754025639994728845e-33
1.248981500000000000e+06 3.948501782166291665e-36
1.571566000000000000e+06 7.396004656523544905e-40
1.981000250000000000e+06 4.270347602436949024e-45
2.497963000000000000e+06 2.662875675164873832e-53
3.147267500000000000e+06 1.643671869235929452e-67
3.970272000000000000e+06 2.652851988513118210e-93
5.004197000000000000e+06 2.962554729522991551e-138
6.286264000000000000e+06 9.999999999999999821e-201
7.940544000000000000e+06 9.999999999999999821e-201
1.000839400000000000e+07 9.999999999999999821e-201
