1.211760009765625000e+03 1.619099358032996362e-12
1.526073364257812500e+03 7.990662047491424517e-13
1.923100463867187500e+03 4.355497792469304196e-13
2.423520019531250000e+03 2.659005832158720116e-13
3.056282226562500000e+03 1.762484893322603064e-13
3.850336669921875000e+03 1.225595175654469289e-13
4.838769042968750000e+03 8.642533894083292401e-14
6.120835937500000000e+03 6.082447842133602563e-14
7.692401855468750000e+03 4.217681338782516501e-14
9.718894531250000000e+03 2.810114550179784270e-14
1.224167187500000000e+04 1.749067395559037952e-14
1.542616113281250000e+04 9.992119849942997279e-15
1.943778906250000000e+04 5.148843273386787007e-15
2.448334375000000000e+04 2.369107858541282141e-15
3.085232226562500000e+04 9.763165118079635799e-16
3.891693750000000000e+04 3.487186089142983568e-16
4.921482812500000000e+04 1.031477741047889016e-16
6.162192968750000000e+04 2.569038693086895597e-17
7.775115625000000000e+04 4.642674013629695605e-18
9.801609375000000000e+04 6.078379655223846145e-19
1.236574296875000000e+05 5.459549043721313812e-20
1.559158906250000000e+05 3.336600557310228605e-21
1.964457500000000000e+05 1.431855283947719450e-22
2.473148593750000000e+05 4.779888314612364456e-24
3.118317812500000000e+05 1.362205405198351251e-25
3.928915000000000000e+05 4.008861487779327495e-27
4.962840000000000000e+05 1.187846545818806505e-28
6.244907500000000000e+05 3.065751335223524784e-30
7.857830000000000000e+05 4.657225494425991459e-32
9.925680000000000000e+05 2.619354459554889360e-34
1.248981500000000000e+06 3.962070516812910844e-37
1.571566000000000000e+06 7.984741345600046694e-41
1.981000250000000000e+06 4.956096852463319277e-46
2.497963000000000000e+06 3.271695541067953931e-54
3.147267500000000000e+06 2.047688924116822416e-68
3.970272000000000000e+06 3.357148976613945879e-94
5.004197000000000000e+06 3.798147089132039398e-139
6.286264000000000000e+06 9.999999999999999821e-201
7.940544000000000000e+06 9.999999999999999821e-201
1.000839400000000000e+07 9.999999999999999821e-201
