1.211760009765625000e+03 7.696949255879937167e-15
1.526073364257812500e+03 5.221620743905288747e-15
1.923100463867187500e+03 3.531484696596734038e-15
2.423520019531250000e+03 2.378782735092813304e-15
3.056282226562500000e+03 1.599566121670934192e-15
3.850336669921875000e+03 1.072885233640014090e-15
4.838769042968750000e+03 7.212474328875265432e-16
6.120835937500000000e+03 4.787790269309985135e-16
7.692401855468750000e+03 3.148947605878349935e-16
9.718894531250000000e+03 1.978550040432705409e-16
1.224167187500000000e+04 1.179603592353769764e-16
1.542616113281250000e+04 6.412161678539579136e-17
1.943778906250000000e+04 3.151716185527670057e-17
2.448334375000000000e+04 1.394448572878245856e-17
3.085232226562500000e+04 5.522197157326833332e-18
3.891693750000000000e+04 1.911925626943709957e-18
4.921482812500000000e+04 5.491529381916930136e-19
6.162192968750000000e+04 1.338490747658718403e-19
7.775115625000000000e+04 2.396827641182810583e-20
9.801609375000000000e+04 3.099371804396317559e-21
1.236574296875000000e+05 2.762862697883210652e-22
1.559158906250000000e+05 1.680750280734629425e-23
1.964457500000000000e+05 7.159276419738597803e-25
2.473148593750000000e+05 2.367967659307964941e-26
3.118317812500000000e+05 6.751800704026610721e-28
3.928915000000000000e+05 1.982363616433997931e-29
4.962840000000000000e+05 5.842095745206981762e-31
6.244907500000000000e+05 1.507519829500891137e-32
7.857830000000000000e+05 2.296713942456654107e-34
9.925680000000000000e+05 1.299576891244456869e-36
1.248981500000000000e+06 1.981035258406455879e-39
1.571566000000000000e+06 4.047564737400946326e-43
1.981000250000000000e+06 2.546623351234297246e-48
2.497963000000000000e+06 1.724041302510590847e-56
3.147267500000000000e+06 1.116693101999982489e-70
3.970272000000000000e+06 1.907471009439742317e-96
5.004197000000000000e+06 2.231411414865073531e-141
6.286264000000000000e+06 9.999999999999999821e-201
7.940544000000000000e+06 9.999999999999999821e-201
1.000839400000000000e+07 9.999999999999999821e-201
