1.211760009765625000e+03 6.439033600792762484e-12
1.526073364257812500e+03 4.400797786056541078e-12
1.923100463867187500e+03 2.997838126504568636e-12
2.423520019531250000e+03 2.036328807987653209e-12
3.056282226562500000e+03 1.377706585521637059e-12
3.850336669921875000e+03 9.289057055730401853e-13
4.838769042968750000e+03 6.235765156148124736e-13
6.120835937500000000e+03 4.161614380119081110e-13
7.692401855468750000e+03 2.756402448535227671e-13
9.718894531250000000e+03 1.813988006505628130e-13
1.224167187500000000e+04 1.170513855339859929e-13
1.542616113281250000e+04 7.284969925936140821e-14
1.943778906250000000e+04 4.283955312145961547e-14
2.448334375000000000e+04 2.336848366192657264e-14
3.085232226562500000e+04 1.169899183301933521e-14
3.891693750000000000e+04 5.319201299257202159e-15
4.921482812500000000e+04 2.156177688281233296e-15
6.162192968750000000e+04 7.784725481894470182e-16
7.775115625000000000e+04 2.225821123283703177e-16
9.801609375000000000e+04 4.931295081217120800e-17
1.236574296875000000e+05 7.858343502693479622e-18
1.559158906250000000e+05 8.780638051819051478e-19
1.964457500000000000e+05 6.735702524659216324e-20
2.473148593750000000e+05 3.675236157383382377e-21
3.118317812500000000e+05 1.537360102579826159e-22
3.928915000000000000e+05 5.993525895247252458e-24
4.962840000000000000e+05 2.511619002911541792e-25
6.244907500000000000e+05 1.370509881928301782e-26
7.857830000000000000e+05 8.374606000886012197e-28
9.925680000000000000e+05 3.929896078066420325e-29
1.248981500000000000e+06 1.101793016781936462e-30
1.571566000000000000e+06 1.211077949070388056e-32
1.981000250000000000e+06 3.247098730172267071e-35
2.497963000000000000e+06 1.071467011649485291e-38
3.147267500000000000e+06 7.956676318182716824e-44
3.970272000000000000e+06 1.887375006410190767e-52
5.004197000000000000e+06 6.343990330566258203e-68
6.286264000000000000e+06 3.635559030386303821e-95
7.940544000000000000e+06 2.988733159025650352e-142
1.000839400000000000e+07 9.999999999999999821e-201
