1.211760009765625000e+03 1.818373125175518835e-07
1.526073364257812500e+03 1.077948221753174993e-07
1.923100463867187500e+03 6.293890516902261036e-08
2.423520019531250000e+03 3.680337386913464265e-08
3.056282226562500000e+03 2.138165051049112368e-08
3.850336669921875000e+03 1.226852693357302465e-08
4.838769042968750000e+03 7.048838871894087640e-09
6.120835937500000000e+03 3.944789781528696189e-09
7.692401855468750000e+03 2.196659497938170833e-09
9.718894531250000000e+03 1.200717515844161348e-09
1.224167187500000000e+04 6.443515805935937619e-10
1.542616113281250000e+04 3.361474175645000247e-10
1.943778906250000000e+04 1.690237116438983057e-10
2.448334375000000000e+04 8.096440634611681662e-11
3.085232226562500000e+04 3.588606581211909624e-11
3.891693750000000000e+04 1.459918943622168061e-11
4.921482812500000000e+04 5.357574464218743899e-12
6.162192968750000000e+04 1.760464165558369182e-12
7.775115625000000000e+04 4.351510322354310725e-15
9.801609375000000000e+04 2.154933648768046797e-15
1.236574296875000000e+05 8.854874009652605501e-16
1.559158906250000000e+05 2.898982259521979194e-16
1.964457500000000000e+05 7.304089564489985310e-17
2.473148593750000000e+05 1.396326962632770055e-17
3.118317812500000000e+05 2.034528000201373736e-18
3.928915000000000000e+05 2.436597800925666985e-19
4.962840000000000000e+05 2.656545175656908975e-20
6.244907500000000000e+05 3.197308103217616643e-21
7.857830000000000000e+05 4.658578628573431971e-22
9.925680000000000000e+05 8.332844039669234620e-23
1.248981500000000000e+06 1.684115256541462637e-23
1.571566000000000000e+06 2.987709290298578378e-24
1.981000250000000000e+06 3.589736181729142450e-25
2.497963000000000000e+06 2.301696266935823904e-26
3.147267500000000000e+06 6.140680959725666679e-28
3.970272000000000000e+06 4.106685775929012746e-30
5.004197000000000000e+06 2.149654857555800284e-33
6.286264000000000000e+06 7.518693292420563422e-39
7.940544000000000000e+06 7.975643229392156709e-49
1.000839400000000000e+07 9.999999999999999821e-201
