1.211760009765625000e+03 4.894661905438210840e-12
1.526073364257812500e+03 3.263512964940805807e-12
1.923100463867187500e+03 2.173825028905144909e-12
2.423520019531250000e+03 1.444734811783289192e-12
3.056282226562500000e+03 9.530389257563017068e-13
3.850336669921875000e+03 6.310648039313918279e-13
4.838769042968750000e+03 4.148210486557140148e-13
6.120835937500000000e+03 2.712042974800978168e-13
7.692401855468750000e+03 1.763211507720014027e-13
9.718894531250000000e+03 1.137113616426059452e-13
1.224167187500000000e+04 7.316587604068477852e-14
1.542616113281250000e+04 4.663316775461272691e-14
1.943778906250000000e+04 2.931267071301840011e-14
2.448334375000000000e+04 1.807031677869853603e-14
3.085232226562500000e+04 1.076142732431968074e-14
3.891693750000000000e+04 6.130395564127718229e-15
4.921482812500000000e+04 3.326880917297122692e-15
6.162192968750000000e+04 1.717872290585183161e-15
7.775115625000000000e+04 8.024422543756682319e-16
9.801609375000000000e+04 3.320127417099829643e-16
1.236574296875000000e+05 1.148523340934533059e-16
1.559158906250000000e+05 3.180226807087543845e-17
1.964457500000000000e+05 6.821174551961722099e-18
2.473148593750000000e+05 1.108468788797706540e-18
3.118317812500000000e+05 1.370335010444911175e-19
3.928915000000000000e+05 1.392341600528952580e-20
4.962840000000000000e+05 1.259568833285603445e-21
6.244907500000000000e+05 1.266566494994418013e-22
7.857830000000000000e+05 1.523481119074014370e-23
9.925680000000000000e+05 2.220428501588508667e-24
1.248981500000000000e+06 3.647057542311644848e-25
1.571566000000000000e+06 5.212135185265404693e-26
1.981000250000000000e+06 5.025630654420800314e-27
2.497963000000000000e+06 2.541873268703039563e-28
3.147267500000000000e+06 5.318061434932228976e-30
3.970272000000000000e+06 2.761392159676405533e-32
5.004197000000000000e+06 1.114549312015344131e-35
6.286264000000000000e+06 3.002225610361179387e-41
7.940544000000000000e+06 2.449448482435044558e-51
1.000839400000000000e+07 9.999999999999999821e-201
