1.211760009765625000e+03 3.611837029458222779e-12
1.526073364257812500e+03 2.403132274183683585e-12
1.923100463867187500e+03 1.600939732478879277e-12
2.423520019531250000e+03 1.058641887944651483e-12
3.056282226562500000e+03 6.962615986095261707e-13
3.850336669921875000e+03 4.585998885712599023e-13
4.838769042968750000e+03 3.012910774446765487e-13
6.120835937500000000e+03 1.955136435470159413e-13
7.692401855468750000e+03 1.270924423807084318e-13
9.718894531250000000e+03 8.175428047155981112e-14
1.224167187500000000e+04 5.250727574684436223e-14
1.542616113281250000e+04 3.332328445798367368e-14
1.943778906250000000e+04 2.093762193787028624e-14
2.448334375000000000e+04 1.290736912764181145e-14
3.085232226562500000e+04 7.686733803085485342e-15
3.891693750000000000e+04 4.392396821720376184e-15
4.921482812500000000e+04 2.354740389515496234e-15
6.162192968750000000e+04 1.220967082564675285e-15
7.775115625000000000e+04 5.708706524258188989e-16
9.801609375000000000e+04 2.357380442493646000e-16
1.236574296875000000e+05 8.152106231108747049e-17
1.559158906250000000e+05 2.257167779180048628e-17
1.964457500000000000e+05 4.829150125282633655e-18
2.473148593750000000e+05 7.862394897286058443e-19
3.118317812500000000e+05 9.718192165910338890e-20
3.928915000000000000e+05 9.878099192941894930e-21
4.962840000000000000e+05 8.954389342084925900e-22
6.244907500000000000e+05 8.974086995021426740e-23
7.857830000000000000e+05 1.080286611707028209e-23
9.925680000000000000e+05 1.576753722476334476e-24
1.248981500000000000e+06 2.587514831242511692e-25
1.571566000000000000e+06 3.707376491611375086e-26
1.981000250000000000e+06 3.561018292275308444e-27
2.497963000000000000e+06 1.795323088209942922e-28
3.147267500000000000e+06 3.759718814020715441e-30
3.970272000000000000e+06 1.953382990781650057e-32
5.004197000000000000e+06 7.897645020150657358e-36
6.286264000000000000e+06 2.118188331508470815e-41
7.940544000000000000e+06 1.722579623826270790e-51
1.000839400000000000e+07 9.999999999999999821e-201
