1.211760009765625000e+03 2.740014298209685717e-12
1.526073364257812500e+03 1.819655713785176434e-12
1.923100463867187500e+03 1.208552543145820888e-12
2.423520019531250000e+03 7.970950685700906272e-13
3.056282226562500000e+03 5.234307053376579788e-13
3.850336669921875000e+03 3.437539335700811923e-13
4.838769042968750000e+03 2.248766737449397392e-13
6.120835937500000000e+03 1.457106725552162058e-13
7.692401855468750000e+03 9.453481053626768825e-14
9.718894531250000000e+03 6.065640164018954257e-14
1.224167187500000000e+04 3.873487555095076398e-14
1.542616113281250000e+04 2.457956550399379172e-14
1.943778906250000000e+04 1.545577183050061464e-14
2.448334375000000000e+04 9.504517266718059150e-15
3.085232226562500000e+04 5.666220917703014373e-15
3.891693750000000000e+04 3.223197667737254276e-15
4.921482812500000000e+04 1.736891076303173279e-15
6.162192968750000000e+04 8.972688327684591253e-16
7.775115625000000000e+04 4.190343273378226096e-16
9.801609375000000000e+04 1.732044790763461274e-16
1.236574296875000000e+05 5.983565657316273223e-17
1.559158906250000000e+05 1.658621690771281879e-17
1.964457500000000000e+05 3.541376758540598425e-18
2.473148593750000000e+05 5.757163476701267975e-19
3.118317812500000000e+05 7.131335258437805142e-20
3.928915000000000000e+05 7.196900840571950408e-21
4.962840000000000000e+05 6.549757933085137162e-22
6.244907500000000000e+05 6.564521467958874148e-23
7.857830000000000000e+05 7.881811409424238902e-24
9.925680000000000000e+05 1.152626930038079834e-24
1.248981500000000000e+06 1.896023798755289195e-25
1.571566000000000000e+06 2.704204029175355540e-26
1.981000250000000000e+06 2.590353628735749587e-27
2.497963000000000000e+06 1.308964659631329601e-28
3.147267500000000000e+06 2.740134050896453852e-30
3.970272000000000000e+06 1.428593530571654523e-32
5.004197000000000000e+06 5.771355976263942173e-36
6.286264000000000000e+06 1.549253449078509908e-41
7.940544000000000000e+06 1.264552671826222350e-51
1.000839400000000000e+07 9.999999999999999821e-201
