1.211760009765625000e+03 6.003122235168493771e-09
1.526073364257812500e+03 3.392075596893018194e-09
1.923100463867187500e+03 1.907001740158665264e-09
2.423520019531250000e+03 1.064869193167855427e-09
3.056282226562500000e+03 5.975010881684587045e-10
3.850336669921875000e+03 3.366985541809888403e-10
4.838769042968750000e+03 1.949358069240686623e-10
6.120835937500000000e+03 1.156375224148488924e-10
7.692401855468750000e+03 7.218944920848890577e-11
9.718894531250000000e+03 4.687389233269963548e-11
1.224167187500000000e+04 3.176681480166950288e-11
1.542616113281250000e+04 2.203756918351732902e-11
1.943778906250000000e+04 1.523219946457698403e-11
2.448334375000000000e+04 1.064599400164334882e-11
3.085232226562500000e+04 7.251630516364571426e-12
3.891693750000000000e+04 4.728140803705578245e-12
4.921482812500000000e+04 2.930817808789354383e-12
6.162192968750000000e+04 1.741611173949363653e-12
7.775115625000000000e+04 9.545870209139482753e-13
9.801609375000000000e+04 4.732085858735181064e-13
1.236574296875000000e+05 2.036089131513048245e-13
1.559158906250000000e+05 7.271132606658884835e-14
1.964457500000000000e+05 2.075058121150246233e-14
2.473148593750000000e+05 4.635931836002130281e-15
3.118317812500000000e+05 8.306364712454392680e-16
3.928915000000000000e+05 1.193091835238769995e-16
4.962840000000000000e+05 1.488392317942270678e-17
6.244907500000000000e+05 1.897003645971845942e-18
7.857830000000000000e+05 2.724529198334339826e-19
9.925680000000000000e+05 4.646546808819477847e-20
1.248981500000000000e+06 9.496985251085789486e-21
1.571566000000000000e+06 1.927714325548683563e-21
1.981000250000000000e+06 3.182897426292092417e-22
2.497963000000000000e+06 3.459948025378299450e-23
3.147267500000000000e+06 2.089551814506072914e-24
3.970272000000000000e+06 5.270631530087478081e-26
5.004197000000000000e+06 3.168269705523644662e-28
6.286264000000000000e+06 1.242907156816190247e-31
7.940544000000000000e+06 1.360636466738580944e-37
1.000839400000000000e+07 9.999999999999999821e-201
