1.211760009765625000e+03 5.529847038205002861e-13
1.526073364257812500e+03 3.698648026932912345e-13
1.923100463867187500e+03 2.464191549011608844e-13
2.423520019531250000e+03 1.637781273702608148e-13
3.056282226562500000e+03 1.081427589329689450e-13
3.850336669921875000e+03 7.133750287378011292e-14
4.838769042968750000e+03 4.678150496598257368e-14
6.120835937500000000e+03 3.056344592746749225e-14
7.692401855468750000e+03 1.979248217289054385e-14
9.718894531250000000e+03 1.273963649574140728e-14
1.224167187500000000e+04 8.139960744786965455e-15
1.542616113281250000e+04 5.105273454032872698e-15
1.943778906250000000e+04 3.106980373051154024e-15
2.448334375000000000e+04 1.809184205702327575e-15
3.085232226562500000e+04 9.943157977666593623e-16
3.891693750000000000e+04 5.104779507909925439e-16
4.921482812500000000e+04 2.421729772228475803e-16
6.162192968750000000e+04 1.065373613627719765e-16
7.775115625000000000e+04 3.977660746229023937e-17
9.801609375000000000e+04 1.216766525215305485e-17
1.236574296875000000e+05 2.884350992706891066e-18
1.559158906250000000e+05 5.050753746429825633e-19
1.964457500000000000e+05 6.352183567174143884e-20
2.473148593750000000e+05 5.757188971874568435e-21
3.118317812500000000e+05 3.862324858417536686e-22
3.928915000000000000e+05 2.226324074328261335e-23
4.962840000000000000e+05 1.250907460666156053e-24
6.244907500000000000e+05 8.618722573499210004e-26
7.857830000000000000e+05 7.541954511370852909e-27
9.925680000000000000e+05 7.096710929138760027e-28
1.248981500000000000e+06 5.779446686302516932e-29
1.571566000000000000e+06 2.901977645628310959e-30
1.981000250000000000e+06 6.302079975023652023e-32
2.497963000000000000e+06 4.232130680340753944e-34
3.147267500000000000e+06 4.884944086589408999e-37
3.970272000000000000e+06 1.989414146425540547e-41
5.004197000000000000e+06 9.243220049221365888e-49
6.286264000000000000e+06 1.157226763615636533e-61
7.940544000000000000e+06 4.509943165152504470e-85
1.000839400000000000e+07 9.999999999999999821e-201
