1.211760009765625000e+03 4.695388138295688845e-11
1.526073364257812500e+03 2.739373003904857285e-11
1.923100463867187500e+03 1.624482963838862801e-11
2.423520019531250000e+03 9.776869200430015641e-12
3.056282226562500000e+03 6.024391136905120815e-12
3.850336669921875000e+03 3.833410868711920830e-12
4.838769042968750000e+03 2.532438802158523139e-12
6.120835937500000000e+03 1.717961436406841950e-12
7.692401855468750000e+03 1.209105099076580764e-12
9.718894531250000000e+03 8.637566421170968298e-13
1.224167187500000000e+04 6.086637313669532479e-13
1.542616113281250000e+04 4.437293749766889570e-13
1.943778906250000000e+04 3.121532974330082688e-13
2.448334375000000000e+04 2.092036013673488288e-13
3.085232226562500000e+04 1.309677151535935507e-13
3.891693750000000000e+04 7.596686092339891197e-14
4.921482812500000000e+04 4.011901731101391242e-14
6.162192968750000000e+04 1.950453231103056336e-14
7.775115625000000000e+04 7.955321492458046197e-15
9.801609375000000000e+04 2.646506341845387397e-15
1.236574296875000000e+05 6.715658090222074500e-16
1.559158906250000000e+05 1.240536007895044746e-16
1.964457500000000000e+05 1.617420151063705575e-17
2.473148593750000000e+05 1.493339821440261844e-18
3.118317812500000000e+05 1.000243104359413338e-19
3.928915000000000000e+05 5.588841124520601065e-21
4.962840000000000000e+05 3.004516050385067339e-22
6.244907500000000000e+05 1.991489169743078088e-23
7.857830000000000000e+05 1.661105434120756389e-24
9.925680000000000000e+05 1.475414963539465526e-25
1.248981500000000000e+06 1.124002734853317010e-26
1.571566000000000000e+06 5.215148232723340480e-28
1.981000250000000000e+06 1.041772404034522326e-29
2.497963000000000000e+06 6.348196020511131464e-32
3.147267500000000000e+06 6.721844548901955505e-35
3.970272000000000000e+06 2.488733507287287038e-39
5.004197000000000000e+06 1.050725014142258019e-46
6.286264000000000000e+06 1.190562514007856576e-59
7.940544000000000000e+06 4.212881040501742090e-83
1.000839400000000000e+07 9.999999999999999821e-201
