1.211760009765625000e+03 4.919571126331026958e-12
1.526073364257812500e+03 3.293181264622085646e-12
1.923100463867187500e+03 2.228759235411773507e-12
2.423520019531250000e+03 1.513235169238530891e-12
3.056282226562500000e+03 1.027109308587102548e-12
3.850336669921875000e+03 6.976964566776297785e-13
4.838769042968750000e+03 4.740525836552900228e-13
6.120835937500000000e+03 3.204232234331269638e-13
7.692401855468750000e+03 2.155616870314811520e-13
9.718894531250000000e+03 1.433402599642350173e-13
1.224167187500000000e+04 9.484398705637665584e-14
1.542616113281250000e+04 6.174040980858446580e-14
1.943778906250000000e+04 3.892820842113271771e-14
2.448334375000000000e+04 2.348203688817180126e-14
3.085232226562500000e+04 1.328227819404716694e-14
3.891693750000000000e+04 6.991854397089899421e-15
4.921482812500000000e+04 3.384586187692810164e-15
6.162192968750000000e+04 1.499718240722097795e-15
7.775115625000000000e+04 5.631737492185647940e-16
9.801609375000000000e+04 1.738237893164722060e-16
1.236574296875000000e+05 4.140517254187279016e-17
1.559158906250000000e+05 7.265996617670976828e-18
1.964457500000000000e+05 9.161097109884099804e-19
2.473148593750000000e+05 8.293881430746504867e-20
3.118317812500000000e+05 5.565709154950399266e-21
3.928915000000000000e+05 3.193623499726058450e-22
4.962840000000000000e+05 1.776990037581829395e-23
6.244907500000000000e+05 1.217021159287436352e-24
7.857830000000000000e+05 1.056945312517158687e-25
9.925680000000000000e+05 9.795213356514976182e-27
1.248981500000000000e+06 7.872004969274118334e-28
1.571566000000000000e+06 3.883322743183777198e-29
1.981000250000000000e+06 8.359902007684437421e-31
2.497963000000000000e+06 5.493631171596171407e-33
3.147267500000000000e+06 6.237387284116228883e-36
3.970272000000000000e+06 2.488733507287286467e-40
5.004197000000000000e+06 1.132360290930252728e-47
6.286264000000000000e+06 1.381052516249113350e-60
7.940544000000000000e+06 5.266101300627177612e-84
1.000839400000000000e+07 9.999999999999999821e-201
