1.211760009765625000e+03 6.688125809720915972e-10
1.526073364257812500e+03 4.203009121514673120e-10
1.923100463867187500e+03 2.683928375038121295e-10
2.423520019531250000e+03 1.749872767720276595e-10
3.056282226562500000e+03 1.165373538971718629e-10
3.850336669921875000e+03 7.956659615248939122e-11
4.838769042968750000e+03 5.550503585956768105e-11
6.120835937500000000e+03 3.916835265635213593e-11
7.692401855468750000e+03 2.837335182157969854e-11
9.718894531250000000e+03 2.035040684833763851e-11
1.224167187500000000e+04 1.472781192245370859e-11
1.542616113281250000e+04 1.024806049046267069e-11
1.943778906250000000e+04 6.976089576691066730e-12
2.448334375000000000e+04 4.414183582255582151e-12
3.085232226562500000e+04 2.577807726350585404e-12
3.891693750000000000e+04 1.370813354877002373e-12
4.921482812500000000e+04 6.482499073632173216e-13
6.162192968750000000e+04 2.722561458329907175e-13
7.775115625000000000e+04 9.150228026251118198e-14
9.801609375000000000e+04 2.371591598997550799e-14
1.236574296875000000e+05 4.410900650474195953e-15
1.559158906250000000e+05 5.670206754837126142e-16
1.964457500000000000e+05 5.023368465685982964e-17
2.473148593750000000e+05 3.111561934127599665e-18
3.118317812500000000e+05 1.439905403245094814e-19
3.928915000000000000e+05 5.876665443848713112e-21
4.962840000000000000e+05 2.452476199562706511e-22
6.244907500000000000e+05 1.294991517690378941e-23
7.857830000000000000e+05 7.922287942732487760e-25
9.925680000000000000e+05 4.128920314579584720e-26
1.248981500000000000e+06 1.425254027354098790e-27
1.571566000000000000e+06 2.224556872051224095e-29
1.981000250000000000e+06 1.018256945372622039e-31
2.497963000000000000e+06 7.996945091698279112e-35
3.147267500000000000e+06 3.034093071960557623e-39
3.970272000000000000e+06 2.114776299673581879e-46
5.004197000000000000e+06 5.023591582407245441e-59
6.286264000000000000e+06 2.516794474371846360e-81
7.940544000000000000e+06 1.802051311388019091e-120
1.000839400000000000e+07 9.999999999999999821e-201
