1.211760009765625000e+03 2.353921374371047946e-09
1.526073364257812500e+03 1.384520651793068963e-09
1.923100463867187500e+03 8.083176100261009186e-10
2.423520019531250000e+03 4.639342391286854624e-10
3.056282226562500000e+03 2.656657730864716854e-10
3.850336669921875000e+03 1.501228710725479829e-10
4.838769042968750000e+03 8.452420671151423567e-11
6.120835937500000000e+03 4.635402176443787883e-11
7.692401855468750000e+03 2.530646142625948548e-11
9.718894531250000000e+03 1.338067929804277060e-11
1.224167187500000000e+04 6.958549087470650385e-12
1.542616113281250000e+04 3.503189112592667687e-12
1.943778906250000000e+04 1.688268125605595125e-12
2.448334375000000000e+04 7.799884084665700788e-13
3.085232226562500000e+04 3.363465217595332678e-13
3.891693750000000000e+04 8.634783008849738754e-15
4.921482812500000000e+04 6.531491203154019469e-15
6.162192968750000000e+04 4.789468949914249532e-15
7.775115625000000000e+04 3.277267081772099737e-15
9.801609375000000000e+04 2.067249394627815747e-15
1.236574296875000000e+05 1.155672808254255933e-15
1.559158906250000000e+05 5.491945035045782072e-16
1.964457500000000000e+05 2.140259611400473210e-16
2.473148593750000000e+05 6.689589242271524771e-17
3.118317812500000000e+05 1.647614155690633517e-17
3.928915000000000000e+05 3.311630505623227698e-18
4.962840000000000000e+05 5.757175496830990991e-19
6.244907500000000000e+05 1.005237936445677453e-19
7.857830000000000000e+05 1.912050985933332552e-20
9.925680000000000000e+05 4.174313462838156749e-21
1.248981500000000000e+06 1.076484133883538366e-21
1.571566000000000000e+06 2.760439230801413366e-22
1.981000250000000000e+06 5.873295371646192166e-23
2.497963000000000000e+06 8.475774838821434677e-24
3.147267500000000000e+06 6.909447959131005522e-25
3.970272000000000000e+06 2.479346825592947255e-26
5.004197000000000000e+06 2.631443048503559043e-28
6.286264000000000000e+06 3.044044457865326145e-31
7.940544000000000000e+06 2.934486614220458241e-36
1.000839400000000000e+07 9.999999999999999821e-201
