1.211760009765625000e+03 1.332643317765619796e-10
1.526073364257812500e+03 8.910379337611106942e-11
1.923100463867187500e+03 5.979980765435814331e-11
2.423520019531250000e+03 4.016611868966471486e-11
3.056282226562500000e+03 2.696161935041143754e-11
3.850336669921875000e+03 1.806961972962000541e-11
4.838769042968750000e+03 1.210162073950831325e-11
6.120835937500000000e+03 8.013328230554420404e-12
7.692401855468750000e+03 5.316318640710326459e-12
9.718894531250000000e+03 3.492636707725782570e-12
1.224167187500000000e+04 2.290778991627505928e-12
1.542616113281250000e+04 1.493002602302724702e-12
1.943778906250000000e+04 9.636233593639240477e-13
2.448334375000000000e+04 6.106885988769271237e-13
3.085232226562500000e+04 3.811927246608043735e-13
3.891693750000000000e+04 2.297909600722461305e-13
4.921482812500000000e+04 1.329441319697097610e-13
6.162192968750000000e+04 7.431934577453145859e-14
7.775115625000000000e+04 3.880974175782750536e-14
9.801609375000000000e+04 1.867440902953751357e-14
1.236574296875000000e+05 7.961301567973760994e-15
1.559158906250000000e+05 2.909911175285451460e-15
1.964457500000000000e+05 8.707520092009527626e-16
2.473148593750000000e+05 2.114434874223863209e-16
3.118317812500000000e+05 4.051510218911393297e-17
3.928915000000000000e+05 6.406341982493842094e-18
4.962840000000000000e+05 8.853015150787278600e-19
6.244907500000000000e+05 1.251311806304775925e-19
7.857830000000000000e+05 1.957040420896469540e-20
9.925680000000000000e+05 3.606379658370380893e-21
1.248981500000000000e+06 7.960773796541973062e-22
1.571566000000000000e+06 1.809317594842114605e-22
1.981000250000000000e+06 3.494610746129485150e-23
2.497963000000000000e+06 4.769371650227902790e-24
3.147267500000000000e+06 3.891528160889876336e-25
3.970272000000000000e+06 1.491016132229436019e-26
5.004197000000000000e+06 1.740372386576427855e-28
6.286264000000000000e+06 2.205076107282932014e-31
7.940544000000000000e+06 2.293010675604633078e-36
1.000839400000000000e+07 9.999999999999999821e-201
