1.211760009765625000e+03 1.345097928212027548e-11
1.526073364257812500e+03 7.031387024463372121e-12
1.923100463867187500e+03 3.547180191570850987e-12
2.423520019531250000e+03 1.706281631157850351e-12
3.056282226562500000e+03 7.851404497181535362e-13
3.850336669921875000e+03 3.401878380981831534e-13
4.838769042968750000e+03 1.387150804276958116e-13
6.120835937500000000e+03 5.167908374856266675e-14
7.692401855468750000e+03 1.815007316710243948e-14
9.718894531250000000e+03 6.193563467835942898e-15
1.224167187500000000e+04 1.355861690289525756e-15
1.542616113281250000e+04 9.341318175968395032e-16
1.943778906250000000e+04 6.048440213389853332e-16
2.448334375000000000e+04 3.591265487415577685e-16
3.085232226562500000e+04 1.945091858586428290e-16
3.891693750000000000e+04 9.502965599088590371e-17
4.921482812500000000e+04 4.057789819865842712e-17
6.162192968750000000e+04 1.521765923880742325e-17
7.775115625000000000e+04 4.423775262647217997e-18
9.801609375000000000e+04 9.728982820804264807e-19
1.236574296875000000e+05 1.510317243091282698e-19
1.559158906250000000e+05 1.611975017406078648e-20
1.964457500000000000e+05 1.171385385215324755e-21
2.473148593750000000e+05 6.083697403849855272e-23
3.118317812500000000e+05 2.463058136377302459e-24
3.928915000000000000e+05 9.475716663028159632e-26
4.962840000000000000e+05 3.986873861258677409e-27
6.244907500000000000e+05 2.166938411966396493e-28
7.857830000000000000e+05 1.168558444408733099e-29
9.925680000000000000e+05 4.224004678063498252e-31
1.248981500000000000e+06 7.843109111982111524e-33
1.571566000000000000e+06 4.731616917159224245e-35
1.981000250000000000e+06 5.378417747309581597e-38
2.497963000000000000e+06 4.412688398912692512e-42
3.147267500000000000e+06 2.296673242231895064e-48
3.970272000000000000e+06 2.747704241309298096e-59
5.004197000000000000e+06 4.547195995935389973e-79
6.286264000000000000e+06 1.740338728133811535e-113
7.940544000000000000e+06 1.270758120398180199e-171
1.000839400000000000e+07 9.999999999999999821e-201
