1.211760009765625000e+03 3.063834169816285173e-09
1.526073364257812500e+03 1.789987414103896116e-09
1.923100463867187500e+03 1.043749923625935973e-09
2.423520019531250000e+03 6.040486066507715586e-10
3.056282226562500000e+03 3.481307993047630838e-10
3.850336669921875000e+03 2.010784147786347467e-10
4.838769042968750000e+03 1.166496685417303233e-10
6.120835937500000000e+03 6.780573099108053153e-11
7.692401855468750000e+03 4.021766730321765370e-11
9.718894531250000000e+03 2.421938571252557495e-11
1.224167187500000000e+04 1.515466317728067769e-11
1.542616113281250000e+04 9.729102639672627968e-12
1.943778906250000000e+04 5.667292099963235475e-12
2.448334375000000000e+04 4.100729508887583275e-12
3.085232226562500000e+04 2.899296289766032059e-12
3.891693750000000000e+04 1.989539558983135979e-12
4.921482812500000000e+04 1.312105529190744967e-12
6.162192968750000000e+04 8.393627060411378214e-13
7.775115625000000000e+04 5.044964113375961341e-13
9.801609375000000000e+04 2.807903412486734345e-13
1.236574296875000000e+05 1.407466625548539270e-13
1.559158906250000000e+05 6.095355949204137922e-14
1.964457500000000000e+05 2.227336873810870786e-14
2.473148593750000000e+05 6.613779990255044214e-15
3.118317812500000000e+05 1.577073962158395502e-15
3.928915000000000000e+05 3.112670556449684508e-16
4.962840000000000000e+05 5.309291249899740989e-17
6.244907500000000000e+05 8.807209425495244107e-18
7.857830000000000000e+05 1.543722052886189736e-18
9.925680000000000000e+05 3.046486044184787748e-19
1.248981500000000000e+06 7.410598953770811044e-20
1.571566000000000000e+06 1.865496694806936287e-20
1.981000250000000000e+06 4.347897962922851226e-21
2.497963000000000000e+06 8.025235667300934059e-22
3.147267500000000000e+06 1.005707412801139512e-22
3.970272000000000000e+06 7.271553289632763064e-24
5.004197000000000000e+06 2.302662182936189499e-25
6.286264000000000000e+06 1.724853444410153780e-27
7.940544000000000000e+06 5.463885640028485289e-31
1.000839400000000000e+07 9.999999999999999821e-201
