1.211760009765625000e+03 2.590558972852793857e-12
1.526073364257812500e+03 1.770208547649709428e-12
1.923100463867187500e+03 1.200704799359159660e-12
2.423520019531250000e+03 8.157769842397020087e-13
3.056282226562500000e+03 5.481208329479247912e-13
3.850336669921875000e+03 3.680515337928672607e-13
4.838769042968750000e+03 2.466804266264939202e-13
6.120835937500000000e+03 1.636284991585148002e-13
7.692401855468750000e+03 1.085048447650051112e-13
9.718894531250000000e+03 7.110078108233382865e-14
1.224167187500000000e+04 4.611417592579069124e-14
1.542616113281250000e+04 2.940468692274933953e-14
1.943778906250000000e+04 1.804207951560520461e-14
2.448334375000000000e+04 1.053443126245313421e-14
3.085232226562500000e+04 5.759323050157084411e-15
3.891693750000000000e+04 2.903452038799533467e-15
4.921482812500000000e+04 1.334328429397906269e-15
6.162192968750000000e+04 5.645528786870856286e-16
7.775115625000000000e+04 1.980397659756340314e-16
9.801609375000000000e+04 5.582252280494216005e-17
1.236574296875000000e+05 1.184183827666865686e-17
1.559158906250000000e+05 1.818271336781527343e-18
1.964457500000000000e+05 1.968887465508955321e-19
2.473148593750000000e+05 1.523137085239236122e-20
3.118317812500000000e+05 8.864091778683564864e-22
3.928915000000000000e+05 4.534054405093169309e-23
4.962840000000000000e+05 2.347060109195343065e-24
6.244907500000000000e+05 1.552938385195184665e-25
7.857830000000000000e+05 1.274566536307463491e-26
9.925680000000000000e+05 1.029174246425589976e-27
1.248981500000000000e+06 6.431338934343814466e-29
1.571566000000000000e+06 2.159114135317674097e-30
1.981000250000000000e+06 2.672750867576756972e-32
2.497963000000000000e+06 7.989014650219222301e-35
3.147267500000000000e+06 2.550006058120818913e-38
3.970272000000000000e+06 8.921290922753536854e-44
5.004197000000000000e+06 3.389621386388500126e-53
6.286264000000000000e+06 6.725969421588434882e-70
7.940544000000000000e+06 7.983555095182268000e-100
1.000839400000000000e+07 9.999999999999999821e-201
