1.211760009765625000e+03 3.412563262315699410e-11
1.526073364257812500e+03 1.839434580239362994e-11
1.923100463867187500e+03 9.652724857593244649e-12
2.423520019531250000e+03 4.913343821107823131e-12
3.056282226562500000e+03 2.424570531328208292e-12
3.850336669921875000e+03 1.148446213006497324e-12
4.838769042968750000e+03 5.270416194674774694e-13
6.120835937500000000e+03 2.321356117580134875e-13
7.692401855468750000e+03 1.030208453906005315e-13
9.718894531250000000e+03 2.503984029421321635e-14
1.224167187500000000e+04 1.800764653566496762e-14
1.542616113281250000e+04 1.262893605015516380e-14
1.943778906250000000e+04 8.561143613287176543e-15
2.448334375000000000e+04 5.469800847812205213e-15
3.085232226562500000e+04 3.288607540474312535e-15
3.891693750000000000e+04 1.818927306659707185e-15
4.921482812500000000e+04 9.144434282203999065e-16
6.162192968750000000e+04 4.198619807169400830e-16
7.775115625000000000e+04 1.598015402685231464e-16
9.801609375000000000e+04 4.867887272021464724e-17
1.236574296875000000e+05 1.112247426920747478e-17
1.559158906250000000e+05 1.823731611066156023e-18
1.964457500000000000e+05 2.091464117058150868e-19
2.473148593750000000e+05 1.700965272856000116e-20
3.118317812500000000e+05 1.033165664270402401e-21
3.928915000000000000e+05 5.519718406200380693e-23
4.962840000000000000e+05 2.977413395664949715e-24
6.244907500000000000e+05 2.019286248617161941e-25
7.857830000000000000e+05 1.712142273323199685e-26
9.925680000000000000e+05 1.420588919933194541e-27
1.248981500000000000e+06 9.086268885887879578e-29
1.571566000000000000e+06 3.109537582443157819e-30
1.981000250000000000e+06 3.872062154309917159e-32
2.497963000000000000e+06 1.167090835858112256e-34
3.147267500000000000e+06 3.732444464462557538e-38
3.970272000000000000e+06 1.292244041742746915e-43
5.004197000000000000e+06 4.847523057953445658e-53
6.286264000000000000e+06 9.487364492035299718e-70
7.940544000000000000e+06 1.101730603135153067e-99
1.000839400000000000e+07 9.999999999999999821e-201
