1.211760009765625000e+03 8.581226597574882377e-12
1.526073364257812500e+03 5.597419206534836836e-12
1.923100463867187500e+03 3.735526042450718852e-12
2.423520019531250000e+03 2.540740531067163237e-12
3.056282226562500000e+03 1.752999060328948934e-12
3.850336669921875000e+03 1.222932945926951160e-12
4.838769042968750000e+03 8.608281443157344049e-13
6.120835937500000000e+03 5.991011153373420649e-13
7.692401855468750000e+03 4.196881357359945177e-13
9.718894531250000000e+03 2.900406379726965197e-13
1.224167187500000000e+04 2.003363243083306272e-13
1.542616113281250000e+04 1.367791763008394604e-13
1.943778906250000000e+04 9.175796542349490188e-14
2.448334375000000000e+04 6.048158511289141979e-14
3.085232226562500000e+04 3.819721911416133085e-14
3.891693750000000000e+04 2.294915779420515673e-14
4.921482812500000000e+04 1.298874858883991195e-14
6.162192968750000000e+04 6.971808482044387722e-15
7.775115625000000000e+04 3.348316023573047919e-15
9.801609375000000000e+04 1.406664097456667985e-15
1.236574296875000000e+05 4.852217258338140541e-16
1.559158906250000000e+05 1.320596210669669045e-16
1.964457500000000000e+05 2.712599563715393025e-17
2.473148593750000000e+05 4.211618627230360487e-18
3.118317812500000000e+05 4.934043578384390435e-19
3.928915000000000000e+05 4.760452173897645247e-20
4.962840000000000000e+05 4.163674916051471267e-21
6.244907500000000000e+05 4.051073082674938083e-22
7.857830000000000000e+05 4.781859723093747544e-23
9.925680000000000000e+05 6.730453109178353236e-24
1.248981500000000000e+06 1.027482753387497530e-24
1.571566000000000000e+06 1.314704303537995288e-25
1.981000250000000000e+06 1.057817934958918969e-26
2.497963000000000000e+06 4.203748261229479023e-28
3.147267500000000000e+06 6.272650399406504327e-30
3.970272000000000000e+06 1.945742865482821220e-32
5.004197000000000000e+06 3.157801022082449878e-36
6.286264000000000000e+06 1.587906044830509869e-42
7.940544000000000000e+06 5.988871162741180134e-54
1.000839400000000000e+07 9.999999999999999821e-201
