1.211760009765625000e+03 4.745206580081319788e-12
1.526073364257812500e+03 2.630589238406830640e-12
1.923100463867187500e+03 1.428289369172333667e-12
2.423520019531250000e+03 7.597311503729583832e-13
3.056282226562500000e+03 3.940422289675186222e-13
3.850336669921875000e+03 1.986734245431366050e-13
4.838769042968750000e+03 9.689328369510206034e-14
6.120835937500000000e+03 4.521503929440240287e-14
7.692401855468750000e+03 2.041005825681398377e-14
9.718894531250000000e+03 1.781732471272987024e-15
1.224167187500000000e+04 1.299563319155227348e-15
1.542616113281250000e+04 8.862517759339725888e-16
1.943778906250000000e+04 5.527112522076450259e-16
2.448334375000000000e+04 3.127711569966544713e-16
3.085232226562500000e+04 1.595456025300760883e-16
3.891693750000000000e+04 7.219294988103970842e-17
4.921482812500000000e+04 2.782317064773294124e-17
6.162192968750000000e+04 9.190243989623262716e-18
7.775115625000000000e+04 2.282588388925477085e-18
9.801609375000000000e+04 4.165552430608297757e-19
1.236574296875000000e+05 5.258730858237372798e-20
1.559158906250000000e+05 4.465025944727094213e-21
1.964457500000000000e+05 2.571267272041412658e-22
2.473148593750000000e+05 1.074694408773579770e-23
3.118317812500000000e+05 3.616617670852270113e-25
3.928915000000000000e+05 1.192055117297401192e-26
4.962840000000000000e+05 4.360078718992329403e-28
6.244907500000000000e+05 1.860157277834426506e-29
7.857830000000000000e+05 6.570715258234867503e-31
9.925680000000000000e+05 1.247504860626452655e-32
1.248981500000000000e+06 9.625229971899082024e-35
1.571566000000000000e+06 1.814221584419621961e-37
1.981000250000000000e+06 4.018211763399191045e-41
2.497963000000000000e+06 2.193856815017475819e-46
3.147267500000000000e+06 6.591413403751941836e-55
3.970272000000000000e+06 3.578888893510713860e-70
5.004197000000000000e+06 9.967589745169741373e-98
6.286264000000000000e+06 1.924376364161983149e-144
7.940544000000000000e+06 9.999999999999999821e-201
1.000839400000000000e+07 9.999999999999999821e-201
