1.211760009765625000e+03 2.154647607228525931e-11
1.526073364257812500e+03 1.226289720159575437e-11
1.923100463867187500e+03 6.843230534221000335e-12
2.423520019531250000e+03 3.779832136405038327e-12
3.056282226562500000e+03 2.043685589900880445e-12
3.850336669921875000e+03 1.088186460239779674e-12
4.838769042968750000e+03 5.653090220193383542e-13
6.120835937500000000e+03 2.826180213552315710e-13
7.692401855468750000e+03 1.344237108035186706e-13
9.718894531250000000e+03 5.847133142773568917e-14
1.224167187500000000e+04 2.279852334782773949e-14
1.542616113281250000e+04 1.933420899563430771e-16
1.943778906250000000e+04 1.170310208463473335e-16
2.448334375000000000e+04 6.338871172151020292e-17
3.085232226562500000e+04 3.056119615788262697e-17
3.891693750000000000e+04 1.278782949711989127e-17
4.921482812500000000e+04 4.406329496031507767e-18
6.162192968750000000e+04 1.280784594344439159e-18
7.775115625000000000e+04 2.710356089287366239e-19
9.801609375000000000e+04 4.124782041953508136e-20
1.236574296875000000e+05 4.284619724253418970e-21
1.559158906250000000e+05 3.026190610926399015e-22
1.964457500000000000e+05 1.504677096058817480e-23
2.473148593750000000e+05 5.781843633201422627e-25
3.118317812500000000e+05 1.913202556067466138e-26
3.928915000000000000e+05 6.364841296661815163e-28
4.962840000000000000e+05 2.023390991123623927e-29
6.244907500000000000e+05 5.064196130995315144e-31
7.857830000000000000e+05 6.878733661140540315e-33
9.925680000000000000e+05 3.102890357772646324e-35
1.248981500000000000e+06 3.313785841955176562e-38
1.571566000000000000e+06 3.759896574579607052e-42
1.981000250000000000e+06 7.993814447363064033e-48
2.497963000000000000e+06 6.958005152883749436e-57
3.147267500000000000e+06 1.018666799314834126e-72
3.970272000000000000e+06 2.518183282527554071e-101
5.004197000000000000e+06 1.299387398041148437e-150
6.286264000000000000e+06 9.999999999999999821e-201
7.940544000000000000e+06 9.999999999999999821e-201
1.000839400000000000e+07 9.999999999999999821e-201
