1.211760009765625000e+03 1.668917799818626578e-12
1.526073364257812500e+03 1.147174254342828551e-12
1.923100463867187500e+03 7.847741438326833931e-13
2.423520019531250000e+03 5.380189400088885339e-13
3.056282226562500000e+03 3.662837458228148229e-13
3.850336669921875000e+03 2.481691423712303762e-13
4.838769042968750000e+03 1.674184411364963416e-13
6.120835937500000000e+03 1.110981187396427745e-13
7.692401855468750000e+03 7.251307216584176187e-14
9.718894531250000000e+03 4.497794725210437483e-14
1.224167187500000000e+04 2.592965101791566798e-14
1.542616113281250000e+04 1.361476453390325571e-14
1.943778906250000000e+04 6.351073692271289307e-15
2.448334375000000000e+04 2.661217051865151979e-15
3.085232226562500000e+04 9.930248611524889274e-16
3.891693750000000000e+04 3.162395672936405113e-16
4.921482812500000000e+04 8.290856814901388658e-17
6.162192968750000000e+04 1.822147154840542547e-17
7.775115625000000000e+04 2.916728380349855774e-18
9.801609375000000000e+04 3.372923036837931998e-19
1.236574296875000000e+05 2.666957175300598285e-20
1.559158906250000000e+05 1.438423069609171639e-21
1.964457500000000000e+05 5.486222119678262231e-23
2.473148593750000000e+05 1.627059659033301891e-24
3.118317812500000000e+05 4.171126293408350912e-26
3.928915000000000000e+05 1.085153270250539031e-27
4.962840000000000000e+05 2.695419767958907150e-29
6.244907500000000000e+05 5.482724736862695902e-31
7.857830000000000000e+05 6.177503530635923642e-33
9.925680000000000000e+05 2.368478438773203582e-35
1.248981500000000000e+06 2.236805443319744401e-38
1.571566000000000000e+06 2.379582940685335420e-42
1.981000250000000000e+06 5.120461788863899047e-48
2.497963000000000000e+06 4.573793597000506852e-57
3.147267500000000000e+06 6.863357867724058796e-73
3.970272000000000000e+06 1.719404714413975371e-101
5.004197000000000000e+06 8.926685783290817018e-151
6.286264000000000000e+06 9.999999999999999821e-201
7.940544000000000000e+06 9.999999999999999821e-201
1.000839400000000000e+07 9.999999999999999821e-201
