1.211760009765625000e+03 2.590558972852794180e-11
1.526073364257812500e+03 1.522972716972375774e-11
1.923100463867187500e+03 8.946427916793738943e-12
2.423520019531250000e+03 5.143754114366364748e-12
3.056282226562500000e+03 2.943053507840273176e-12
3.850336669921875000e+03 1.657887983309080709e-12
4.838769042968750000e+03 9.228180494486663351e-13
6.120835937500000000e+03 4.997652227392589112e-13
7.692401855468750000e+03 2.676541788663152504e-13
9.718894531250000000e+03 1.374766051372685223e-13
1.224167187500000000e+04 6.736079135355549779e-14
1.542616113281250000e+04 3.076888001408510904e-14
1.943778906250000000e+04 1.258827881113116237e-14
2.448334375000000000e+04 4.555085927370954950e-15
3.085232226562500000e+04 2.203830405290774037e-18
3.891693750000000000e+04 1.299313091189720544e-18
4.921482812500000000e+04 6.772791879499947840e-19
6.162192968750000000e+04 3.134131387020881490e-19
7.775115625000000000e+04 1.145783041736999395e-19
9.801609375000000000e+04 3.185945144602717674e-20
1.236574296875000000e+05 6.374702104673340207e-21
1.559158906250000000e+05 8.815702465430031591e-22
1.964457500000000000e+05 8.412713062934557585e-23
2.473148593750000000e+05 5.683126753806450493e-24
3.118317812500000000e+05 2.973653644214534230e-25
3.928915000000000000e+05 1.466376096695094974e-26
4.962840000000000000e+05 7.807069885677197362e-28
6.244907500000000000e+05 5.278577027185011689e-29
7.857830000000000000e+05 3.792647748013555622e-30
9.925680000000000000e+05 1.963470238284104918e-31
1.248981500000000000e+06 5.499772561264347876e-33
1.571566000000000000e+06 5.408212274772426983e-35
1.981000250000000000e+06 1.102902602689810767e-37
2.497963000000000000e+06 2.095069158623269033e-41
3.147267500000000000e+06 5.348468871962418444e-47
3.970272000000000000e+06 1.554124876372473147e-56
5.004197000000000000e+06 9.910921417861956643e-74
6.286264000000000000e+06 7.145247334412107670e-104
7.940544000000000000e+06 1.799343600833500073e-155
1.000839400000000000e+07 9.999999999999999821e-201
