1.211760009765625000e+03 1.181942531364087362e-14
1.526073364257812500e+03 7.921436014901772933e-15
1.923100463867187500e+03 5.281531568422970187e-15
2.423520019531250000e+03 3.505972840663757361e-15
3.056282226562500000e+03 2.315926334189745202e-15
3.850336669921875000e+03 1.524629847534828716e-15
4.838769042968750000e+03 1.003876391629968180e-15
6.120835937500000000e+03 6.548647746238564116e-16
7.692401855468750000e+03 4.278559501585623279e-16
9.718894531250000000e+03 2.761806799632626086e-16
1.224167187500000000e+04 1.749476383210716928e-16
1.542616113281250000e+04 1.070221913533395080e-16
1.943778906250000000e+04 6.161298272382788992e-17
2.448334375000000000e+04 3.293034597035149510e-17
3.085232226562500000e+04 1.615972641292888494e-17
3.891693750000000000e+04 7.218406062165114559e-18
4.921482812500000000e+04 2.844712378696057063e-18
6.162192968750000000e+04 9.924749392232788979e-19
7.775115625000000000e+04 2.741312697987587833e-19
9.801609375000000000e+04 5.769143910496812679e-20
1.236574296875000000e+05 8.702854177684474375e-21
1.559158906250000000e+05 9.114539837139523613e-22
1.964457500000000000e+05 6.528543443054173524e-23
2.473148593750000000e+05 3.344659843633632790e-24
3.118317812500000000e+05 1.330831876836996552e-25
3.928915000000000000e+05 4.980831204476727087e-27
4.962840000000000000e+05 2.020653382175274632e-28
6.244907500000000000e+05 1.055715405437002366e-29
7.857830000000000000e+05 5.864557165909848899e-31
9.925680000000000000e+05 2.371716525452086702e-32
1.248981500000000000e+06 5.390746232957345528e-34
1.571566000000000000e+06 4.418653739108857866e-36
1.981000250000000000e+06 7.944345310000043399e-39
2.497963000000000000e+06 1.424127589229453560e-42
3.147267500000000000e+06 3.480986723930847814e-48
3.970272000000000000e+06 9.654412110798697799e-58
5.004197000000000000e+06 5.875030737392396433e-75
6.286264000000000000e+06 4.059108592102197244e-105
7.940544000000000000e+06 9.678022862735523333e-157
1.000839400000000000e+07 9.999999999999999821e-201
