1.211760009765625000e+03 2.391285205710271377e-11
1.526073364257812500e+03 1.344962918884695604e-11
1.923100463867187500e+03 7.557377266554710408e-12
2.423520019531250000e+03 4.271931383117828090e-12
3.056282226562500000e+03 2.434444925161178536e-12
3.850336669921875000e+03 1.426697605476445774e-12
4.838769042968750000e+03 8.637154063737286834e-13
6.120835937500000000e+03 5.467914788219577067e-13
7.692401855468750000e+03 3.657679731504164337e-13
9.718894531250000000e+03 2.540796361860479889e-13
1.224167187500000000e+04 1.708033113421252942e-13
1.542616113281250000e+04 1.262337404831750239e-13
1.943778906250000000e+04 8.836941635303978951e-14
2.448334375000000000e+04 5.710616946156877386e-14
3.085232226562500000e+04 3.412945397504976777e-14
3.891693750000000000e+04 1.835999595327209652e-14
4.921482812500000000e+04 8.812541679924729170e-15
6.162192968750000000e+04 3.714160843617621680e-15
7.775115625000000000e+04 1.248611609487272455e-15
9.801609375000000000e+04 3.221395674626663426e-16
1.236574296875000000e+05 5.951259534296739159e-17
1.559158906250000000e+05 7.583051033606707315e-18
1.964457500000000000e+05 6.562650161590374419e-19
2.473148593750000000e+05 3.957004568143830213e-20
3.118317812500000000e+05 1.779702097534446357e-21
3.928915000000000000e+05 7.155361980571912246e-23
4.962840000000000000e+05 3.009837660746059214e-24
6.244907500000000000e+05 1.580055912399808975e-25
7.857830000000000000e+05 9.401537701533937347e-27
9.925680000000000000e+05 4.529618706687862471e-28
1.248981500000000000e+06 1.372285129384610666e-29
1.571566000000000000e+06 1.725368564576532751e-31
1.981000250000000000e+06 5.839829845730628328e-34
2.497963000000000000e+06 2.875162564127804019e-37
3.147267500000000000e+06 4.857302969886293611e-42
3.970272000000000000e+06 6.823215039739759804e-50
5.004197000000000000e+06 7.465442643448754612e-64
6.286264000000000000e+06 1.717225185760134215e-88
7.940544000000000000e+06 1.905887746815721242e-131
1.000839400000000000e+07 9.999999999999999821e-201
