1.211760009765625000e+03 2.976651896691431970e-12
1.526073364257812500e+03 1.977886645418669721e-12
1.923100463867187500e+03 1.310562058783966022e-12
2.423520019531250000e+03 8.654752411628060790e-13
3.056282226562500000e+03 5.674442966674394725e-13
3.850336669921875000e+03 3.721673333388843836e-13
4.838769042968750000e+03 2.417599868610845283e-13
6.120835937500000000e+03 1.537718739666719656e-13
7.692401855468750000e+03 9.517487005414686379e-14
9.718894531250000000e+03 5.500269379581460705e-14
1.224167187500000000e+04 2.911319453063980961e-14
1.542616113281250000e+04 1.389733542213591147e-14
1.943778906250000000e+04 5.920955831045672044e-15
2.448334375000000000e+04 2.259552680072248334e-15
3.085232226562500000e+04 7.682088337358203496e-16
3.891693750000000000e+04 2.226151580934369263e-16
4.921482812500000000e+04 5.292816406995992669e-17
6.162192968750000000e+04 1.059135657289633225e-17
7.775115625000000000e+04 1.532056551933672939e-18
9.801609375000000000e+04 1.602228879505723260e-19
1.236574296875000000e+05 1.151387552183617104e-20
1.559158906250000000e+05 5.690997895878503273e-22
1.964457500000000000e+05 2.045702838177962979e-23
2.473148593750000000e+05 5.850697850847710945e-25
3.118317812500000000e+05 1.474230131396551521e-26
3.928915000000000000e+05 3.606859610939959802e-28
4.962840000000000000e+05 7.295672431169177857e-30
6.244907500000000000e+05 1.034656898670505952e-31
7.857830000000000000e+05 7.062867262249518173e-34
9.925680000000000000e+05 1.382271493352166537e-36
1.248981500000000000e+06 5.317060326354669492e-40
1.571566000000000000e+06 1.407132792382625979e-44
1.981000250000000000e+06 2.185924576051315702e-51
2.497963000000000000e+06 1.097456092277962275e-62
3.147267500000000000e+06 1.172045536419791904e-82
3.970272000000000000e+06 3.506503584151473276e-118
5.004197000000000000e+06 1.204842326474903655e-177
6.286264000000000000e+06 9.999999999999999821e-201
7.940544000000000000e+06 9.999999999999999821e-201
1.000839400000000000e+07 9.999999999999999821e-201
