1.211760009765625000e+03 3.798656186154337038e-11
1.526073364257812500e+03 2.541584339362991039e-11
1.923100463867187500e+03 1.718641262716698417e-11
2.423520019531250000e+03 1.164344389190250012e-11
3.056282226562500000e+03 7.944220153344155846e-12
3.850336669921875000e+03 5.433955812405979702e-12
4.838769042968750000e+03 3.683666893273886692e-12
6.120835937500000000e+03 2.458421809498517972e-12
7.692401855468750000e+03 1.589310088742027715e-12
9.718894531250000000e+03 9.618892144674755459e-13
1.224167187500000000e+04 5.351946539464922562e-13
1.542616113281250000e+04 2.669751278462951182e-13
1.943778906250000000e+04 1.189830171762511099e-13
2.448334375000000000e+04 4.724519240151065129e-14
3.085232226562500000e+04 1.648694343171491479e-14
3.891693750000000000e+04 4.915166361864994599e-15
4.921482812500000000e+04 1.192747359323040974e-15
6.162192968750000000e+04 2.418359750811329499e-16
7.775115625000000000e+04 3.478905707447641375e-17
9.801609375000000000e+04 3.606169322461008837e-18
1.236574296875000000e+05 2.545404665172211299e-19
1.559158906250000000e+05 1.232071709416995358e-20
1.964457500000000000e+05 4.276087182580326482e-22
2.473148593750000000e+05 1.175659096443926713e-23
3.118317812500000000e+05 2.861851596069934005e-25
3.928915000000000000e+05 6.798269423761182822e-27
4.962840000000000000e+05 1.329666917910929353e-28
6.244907500000000000e+05 1.853474775432926164e-30
7.857830000000000000e+05 1.218182610369641631e-32
9.925680000000000000e+05 2.289112027207408988e-35
1.248981500000000000e+06 8.497801771584695199e-39
1.571566000000000000e+06 2.150028987118794905e-43
1.981000250000000000e+06 3.197152292972445710e-50
2.497963000000000000e+06 1.533761807012859603e-61
3.147267500000000000e+06 1.561389430367462521e-81
3.970272000000000000e+06 4.472062542106227012e-117
5.004197000000000000e+06 1.458924721853964859e-176
6.286264000000000000e+06 9.999999999999999821e-201
7.940544000000000000e+06 9.999999999999999821e-201
1.000839400000000000e+07 9.999999999999999821e-201
