1.211760009765625000e+03 2.553195141513571296e-13
1.526073364257812500e+03 1.503193850518189103e-13
1.923100463867187500e+03 8.710995603193902395e-14
2.423520019531250000e+03 4.944480347223841814e-14
3.056282226562500000e+03 2.730728113695517643e-14
3.850336669921875000e+03 1.454188175018276411e-14
4.838769042968750000e+03 7.516269572283585314e-15
6.120835937500000000e+03 3.697277803777200515e-15
7.692401855468750000e+03 1.718729662490720517e-15
9.718894531250000000e+03 7.477886974371856749e-16
1.224167187500000000e+04 2.983691905817942880e-16
1.542616113281250000e+04 1.079883238349386619e-16
1.943778906250000000e+04 1.482373262771148975e-20
2.448334375000000000e+04 1.096583483740978851e-20
3.085232226562500000e+04 7.663398725141744175e-21
3.891693750000000000e+04 4.981628863134542568e-21
4.921482812500000000e+04 2.984615773480390928e-21
6.162192968750000000e+04 1.660439694062601938e-21
7.775115625000000000e+04 7.847774447053320239e-22
9.801609375000000000e+04 3.045809791881233041e-22
1.236574296875000000e+05 9.199234038953034490e-23
1.559158906250000000e+05 2.044645281681282056e-23
1.964457500000000000e+05 3.243655699693276066e-24
2.473148593750000000e+05 3.716737481088482157e-25
3.118317812500000000e+05 3.159979628183888785e-26
3.928915000000000000e+05 2.250611369301871951e-27
4.962840000000000000e+05 1.557139735560032097e-28
6.244907500000000000e+05 1.304349053650454596e-29
7.857830000000000000e+05 1.370735266480984188e-30
9.925680000000000000e+05 1.539167063671361189e-31
1.248981500000000000e+06 1.494082328120661693e-32
1.571566000000000000e+06 8.971776597093568936e-34
1.981000250000000000e+06 2.410202990005720558e-35
2.497963000000000000e+06 2.068938268111186728e-37
3.147267500000000000e+06 3.298053723149570815e-40
3.970272000000000000e+06 2.156552321043654325e-44
5.004197000000000000e+06 2.212496852030595819e-51
6.286264000000000000e+06 1.088395834217812294e-63
7.940544000000000000e+06 4.493291589221750090e-86
1.000839400000000000e+07 9.999999999999999821e-201
