1.211760009765625000e+03 1.980283060978818358e-12
1.526073364257812500e+03 1.335073485657602082e-12
1.923100463867187500e+03 9.024905354660349005e-13
2.423520019531250000e+03 6.090304508293347337e-13
3.056282226562500000e+03 4.083747106738142673e-13
3.850336669921875000e+03 2.731992339589592513e-13
4.838769042968750000e+03 1.821369888055441208e-13
6.120835937500000000e+03 1.202847712162182408e-13
7.692401855468750000e+03 7.956718848018615555e-14
9.718894531250000000e+03 5.202008329997812924e-14
1.224167187500000000e+04 3.387224007834303153e-14
1.542616113281250000e+04 2.169322965533723502e-14
1.943778906250000000e+04 1.350931298584544478e-14
2.448334375000000000e+04 8.116867943376856436e-15
3.085232226562500000e+04 4.620578643100169796e-15
3.891693750000000000e+04 2.448889832224059878e-15
4.921482812500000000e+04 1.199845537077544452e-15
6.162192968750000000e+04 5.466678377375335732e-16
7.775115625000000000e+04 2.130110207057329103e-16
9.801609375000000000e+04 6.865692790538913715e-17
1.236574296875000000e+05 1.717544852359439261e-17
1.559158906250000000e+05 3.186134365319298027e-18
1.964457500000000000e+05 4.274751551251403770e-19
2.473148593750000000e+05 4.144563378192191640e-20
3.118317812500000000e+05 2.985807522693437766e-21
3.928915000000000000e+05 1.834347850554888492e-22
4.962840000000000000e+05 1.094669234098702745e-23
6.244907500000000000e+05 7.994397425599559040e-25
7.857830000000000000e+05 7.446426717910210996e-26
9.925680000000000000e+05 7.533686438067278241e-27
1.248981500000000000e+06 6.756109332338450766e-28
1.571566000000000000e+06 3.800075801776474646e-29
1.981000250000000000e+06 9.579986647972264695e-31
2.497963000000000000e+06 7.729553369663393838e-33
3.147267500000000000e+06 1.155155872575230631e-35
3.970272000000000000e+06 7.067926316710815746e-40
5.004197000000000000e+06 6.820341535598448719e-47
6.286264000000000000e+06 3.157620220419371015e-59
7.940544000000000000e+06 1.224883597609764680e-81
1.000839400000000000e+07 9.999999999999999821e-201
