1.211760009765625000e+03 2.466012868388717113e-09
1.526073364257812500e+03 1.364741785338882222e-09
1.923100463867187500e+03 7.408270134608149428e-10
2.423520019531250000e+03 3.923202290618413588e-10
3.056282226562500000e+03 2.034466515085991517e-10
3.850336669921875000e+03 1.026946905268971472e-10
4.838769042968750000e+03 5.083618009469810593e-11
6.120835937500000000e+03 2.442668202362136440e-11
7.692401855468750000e+03 1.187628478300315528e-11
9.718894531250000000e+03 5.914188041842753089e-12
1.224167187500000000e+04 3.216028570615241553e-12
1.542616113281250000e+04 1.939967233494916160e-12
1.943778906250000000e+04 1.175675346335738961e-12
2.448334375000000000e+04 8.224376128057343276e-13
3.085232226562500000e+04 5.409457923629466807e-13
3.891693750000000000e+04 3.304644889406082965e-13
4.921482812500000000e+04 1.844762513256724649e-13
6.162192968750000000e+04 9.451733643125580257e-14
7.775115625000000000e+04 4.102434472851152388e-14
9.801609375000000000e+04 1.455594182307882796e-14
1.236574296875000000e+05 3.956202384382113887e-15
1.559158906250000000e+05 7.877529060710706686e-16
1.964457500000000000e+05 1.117020505854638408e-16
2.473148593750000000e+05 1.131064715467933544e-17
3.118317812500000000e+05 8.385142792897405629e-19
3.928915000000000000e+05 5.337733159052226340e-20
4.962840000000000000e+05 3.192136457898066558e-21
6.244907500000000000e+05 2.314167675831451743e-22
7.857830000000000000e+05 2.093149798815557020e-23
9.925680000000000000e+05 2.008151517431840788e-24
1.248981500000000000e+06 1.678610424422417078e-25
1.571566000000000000e+06 8.836862663302687907e-27
1.981000250000000000e+06 2.068060609720996696e-28
2.497963000000000000e+06 1.555841577619612654e-30
3.147267500000000000e+06 2.176380629489564710e-33
3.970272000000000000e+06 1.245235049892948990e-37
5.004197000000000000e+06 1.122705014170897505e-44
6.286264000000000000e+06 4.869443636617417714e-57
7.940544000000000000e+06 1.778851053815186125e-79
1.000839400000000000e+07 9.999999999999999821e-201
