1.211760009765625000e+03 5.093935672580734128e-12
1.526073364257812500e+03 2.966829968128004581e-12
1.923100463867187500e+03 1.710808145492136070e-12
2.423520019531250000e+03 9.776869200430017257e-13
3.056282226562500000e+03 5.481193451079795599e-13
3.850336669921875000e+03 3.014008982353343338e-13
4.838769042968750000e+03 1.624337394004043235e-13
6.120835937500000000e+03 8.494369133339704187e-14
7.692401855468750000e+03 4.318706804239026220e-14
9.718894531250000000e+03 2.103651982081332796e-14
1.224167187500000000e+04 9.625931051183107962e-15
1.542616113281250000e+04 4.016889651989439108e-15
1.943778906250000000e+04 5.081056603336416276e-18
2.448334375000000000e+04 3.459794839390364096e-18
3.085232226562500000e+04 2.162783507762066717e-18
3.891693750000000000e+04 1.227362304594576732e-18
4.921482812500000000e+04 6.161872257790295139e-19
6.162192968750000000e+04 2.737652879496196287e-19
7.775115625000000000e+04 9.609390757024917359e-20
9.801609375000000000e+04 2.574148551232939345e-20
1.236574296875000000e+05 4.937799734298601356e-21
1.559158906250000000e+05 6.550151224393643119e-22
1.964457500000000000e+05 5.921366250127247746e-23
2.473148593750000000e+05 3.801728343228565629e-24
3.118317812500000000e+05 1.867935788761877027e-25
3.928915000000000000e+05 8.510237944379334315e-27
4.962840000000000000e+05 4.124897941607234254e-28
6.244907500000000000e+05 2.553597128002651747e-29
7.857830000000000000e+05 1.679589624996228131e-30
9.925680000000000000e+05 7.930759476633415872e-32
1.248981500000000000e+06 2.102220053841336032e-33
1.571566000000000000e+06 2.078205859888996703e-35
1.981000250000000000e+06 4.703764821468001172e-38
2.497963000000000000e+06 1.148976517248562466e-41
3.147267500000000000e+06 4.650309975683955725e-47
3.970272000000000000e+06 3.250990591494912922e-56
5.004197000000000000e+06 1.048474865673924228e-72
6.286264000000000000e+06 1.133744835987609796e-101
7.940544000000000000e+06 1.869618380070103334e-151
1.000839400000000000e+07 9.999999999999999821e-201
