1.211760009765625000e+03 8.182679063289836124e-10
1.526073364257812500e+03 4.717259649323527555e-10
1.923100463867187500e+03 2.699623862611443170e-10
2.423520019531250000e+03 1.525689779684938934e-10
3.056282226562500000e+03 8.444000721933740082e-11
3.850336669921875000e+03 4.624877242102660565e-11
4.838769042968750000e+03 2.472359987418821040e-11
6.120835937500000000e+03 1.287697117894685562e-11
7.692401855468750000e+03 6.546456015475447905e-12
9.718894531250000000e+03 3.224576030927590513e-12
1.224167187500000000e+04 1.538717602977225133e-12
1.542616113281250000e+04 6.966792990169182743e-13
1.943778906250000000e+04 1.163210442524814501e-13
2.448334375000000000e+04 7.395630246362693738e-14
3.085232226562500000e+04 4.278606698105899018e-14
3.891693750000000000e+04 2.226241889002095488e-14
4.921482812500000000e+04 1.017221192200535239e-14
6.162192968750000000e+04 4.078743860989564261e-15
7.775115625000000000e+04 1.273533714786434774e-15
9.801609375000000000e+04 3.014797133278972163e-16
1.236574296875000000e+05 5.050735433431225736e-17
1.559158906250000000e+05 5.811738951086667133e-18
1.964457500000000000e+05 4.524189943917448339e-19
2.473148593750000000e+05 2.479139115388507264e-20
3.118317812500000000e+05 1.036719698853061323e-21
3.928915000000000000e+05 4.006644871623846733e-23
4.962840000000000000e+05 1.653368183206205162e-24
6.244907500000000000e+05 8.674899334363075846e-26
7.857830000000000000e+05 4.833007183037577996e-27
9.925680000000000000e+05 1.972881509381598667e-28
1.248981500000000000e+06 4.545340656954239342e-30
1.571566000000000000e+06 3.916156707074062290e-32
1.981000250000000000e+06 7.757701683167375191e-35
2.497963000000000000e+06 1.662111660874134245e-38
3.147267500000000000e+06 5.908907211796641049e-44
3.970272000000000000e+06 3.658042835839017229e-53
5.004197000000000000e+06 1.078497273721855923e-69
6.286264000000000000e+06 1.040923621345349500e-98
7.940544000000000000e+06 1.554349398332792201e-148
1.000839400000000000e+07 9.999999999999999821e-201
