1.211760009765625000e+03 2.677741245977647442e-11
1.526073364257812500e+03 1.750429681195522505e-11
1.923100463867187500e+03 1.153618336639192492e-11
2.423520019531250000e+03 7.597312372308676016e-12
3.056282226562500000e+03 5.036772360451704010e-12
3.850336669921875000e+03 3.300124269364779491e-12
4.838769042968750000e+03 2.169940165502521467e-12
6.120835937500000000e+03 1.408341780947915754e-12
7.692401855468750000e+03 9.125955102170249317e-13
9.718894531250000000e+03 5.834947103583259610e-13
1.224167187500000000e+04 3.649981290783185773e-13
1.542616113281250000e+04 2.196736528431724875e-13
1.943778906250000000e+04 1.246296902705158159e-13
2.448334375000000000e+04 6.545557804252039213e-14
3.085232226562500000e+04 3.130687827882365212e-14
3.891693750000000000e+04 1.369431688300631440e-14
4.921482812500000000e+04 5.283695688984075971e-15
6.162192968750000000e+04 1.807699279190574970e-15
7.775115625000000000e+04 4.874160853864445720e-16
9.801609375000000000e+04 1.014442778811010789e-16
1.236574296875000000e+05 1.518357732783051969e-17
1.559158906250000000e+05 1.581070985198465622e-18
1.964457500000000000e+05 1.131047485979362085e-19
2.473148593750000000e+05 5.840004382670386702e-21
3.118317812500000000e+05 2.312682405133752653e-22
3.928915000000000000e+05 8.665534257232973089e-24
4.962840000000000000e+05 3.502754243802837245e-25
6.244907500000000000e+05 1.851052463600008598e-26
7.857830000000000000e+05 1.062304549142913562e-27
9.925680000000000000e+05 4.539869382383793234e-29
1.248981500000000000e+06 1.126865704536571793e-30
1.571566000000000000e+06 1.040304205008017998e-32
1.981000250000000000e+06 2.214981792795752387e-35
2.497963000000000000e+06 5.120196324437768380e-39
3.147267500000000000e+06 1.967666101528280959e-44
3.970272000000000000e+06 1.313421908416976326e-53
5.004197000000000000e+06 4.133854646599834127e-70
6.286264000000000000e+06 4.276405960304143462e-99
7.940544000000000000e+06 6.825940046452027131e-149
1.000839400000000000e+07 9.999999999999999821e-201
