1.211760009765625000e+03 2.964197286245024347e-10
1.526073364257812500e+03 1.859213446693549554e-10
1.923100463867187500e+03 1.177161567999176306e-10
2.423520019531250000e+03 7.472766267844599465e-11
3.056282226562500000e+03 4.775057718192938677e-11
3.850336669921875000e+03 3.084557957232874994e-11
4.838769042968750000e+03 2.017171389482948192e-11
6.120835937500000000e+03 1.317242749662823291e-11
7.692401855468750000e+03 8.500621990244236829e-12
9.718894531250000000e+03 5.619975368188086277e-12
1.224167187500000000e+04 3.649981290783185773e-12
1.542616113281250000e+04 2.277432972333297358e-12
1.943778906250000000e+04 1.335774629053221066e-12
2.448334375000000000e+04 7.225615757940563338e-13
3.085232226562500000e+04 3.574201936832365852e-13
3.891693750000000000e+04 1.596449775665976873e-13
4.921482812500000000e+04 6.235053638524144618e-14
6.162192968750000000e+04 2.143787773336115330e-14
7.775115625000000000e+04 5.742479295764288982e-15
9.801609375000000000e+04 1.182459864051584398e-15
1.236574296875000000e+05 1.744229131048298870e-16
1.559158906250000000e+05 1.780876659152117908e-17
1.964457500000000000e+05 1.247478844830178785e-18
2.473148593750000000e+05 6.240788997167374327e-20
3.118317812500000000e+05 2.429236690803622867e-21
3.928915000000000000e+05 8.851889832657336639e-23
4.962840000000000000e+05 3.485709210986278569e-24
6.244907500000000000e+05 1.783852539178885941e-25
7.857830000000000000e+05 9.953123703681349341e-27
9.925680000000000000e+05 4.147534991313588567e-28
1.248981500000000000e+06 1.022701647814704097e-29
1.571566000000000000e+06 9.129690482749350747e-32
1.981000250000000000e+06 1.881505928587200676e-34
2.497963000000000000e+06 4.205477155366097435e-38
3.147267500000000000e+06 1.559951503914313333e-43
3.970272000000000000e+06 1.004062202715457370e-52
5.004197000000000000e+06 2.979146644756305181e-69
6.286264000000000000e+06 2.970278868552334876e-98
7.940544000000000000e+06 4.553070643229547398e-148
1.000839400000000000e+07 9.999999999999999821e-201
