1.211760009765625000e+03 4.894661905438210840e-12
1.526073364257812500e+03 2.848156769402885222e-12
1.923100463867187500e+03 1.702960401705474640e-12
2.423520019531250000e+03 1.046187277498243626e-12
3.056282226562500000e+03 6.616954199551524516e-13
3.850336669921875000e+03 4.350761907382824174e-13
4.838769042968750000e+03 2.950152158247997152e-13
6.120835937500000000e+03 1.978739423568655311e-13
7.692401855468750000e+03 1.398267193151668571e-13
9.718894531250000000e+03 9.765773195639050878e-14
1.224167187500000000e+04 6.746841982551812536e-14
1.542616113281250000e+04 4.550263942336242482e-14
1.943778906250000000e+04 2.955235425630484289e-14
2.448334375000000000e+04 1.809569049003820090e-14
3.085232226562500000e+04 1.032241876528806482e-14
3.891693750000000000e+04 5.437008686481487692e-15
4.921482812500000000e+04 2.590323013378524515e-15
6.162192968750000000e+04 1.122095231370460738e-15
7.775115625000000000e+04 3.992228976533855007e-16
9.801609375000000000e+04 1.135731431554517720e-16
1.236574296875000000e+05 2.394731864414036867e-17
1.559158906250000000e+05 3.601068089391933086e-18
1.964457500000000000e+05 3.806216331631084362e-19
2.473148593750000000e+05 2.868950503877060467e-20
3.118317812500000000e+05 1.608310391288429338e-21
3.928915000000000000e+05 7.964385518219690051e-23
4.962840000000000000e+05 3.951913753099093505e-24
6.244907500000000000e+05 2.500343506446322212e-25
7.857830000000000000e+05 1.954144178814187780e-26
9.925680000000000000e+05 1.444965900708183126e-27
1.248981500000000000e+06 8.024277062159564606e-29
1.571566000000000000e+06 2.300790832383662021e-30
1.981000250000000000e+06 2.351479213610250829e-32
2.497963000000000000e+06 5.559434200735784567e-35
3.147267500000000000e+06 1.253802392696485941e-38
3.970272000000000000e+06 2.464916744347720311e-44
5.004197000000000000e+06 3.281683737966483603e-54
6.286264000000000000e+06 1.048960605551510076e-71
7.940544000000000000e+06 5.834658064077392349e-103
1.000839400000000000e+07 9.999999999999999821e-201
