1.211760009765625000e+03 2.067465334103671804e-14
1.526073364257812500e+03 1.335073485657602164e-14
1.923100463867187500e+03 8.475563289594068952e-15
2.423520019531250000e+03 5.423982731680741261e-15
3.056282226562500000e+03 3.436805736041357046e-15
3.850336669921875000e+03 2.167162979188635015e-15
4.838769042968750000e+03 1.364966186190289212e-15
6.120835937500000000e+03 8.483848174136586934e-16
7.692401855468750000e+03 5.278307247136677564e-16
9.718894531250000000e+03 3.221505031481502837e-16
1.224167187500000000e+04 1.923628485384583829e-16
1.542616113281250000e+04 1.084810430304940067e-16
1.943778906250000000e+04 5.662042080143441803e-17
2.448334375000000000e+04 2.713768140498676900e-17
3.085232226562500000e+04 1.180994892063852660e-17
3.891693750000000000e+04 4.617658369462033699e-18
4.921482812500000000e+04 1.561963448756338190e-18
6.162192968750000000e+04 4.581331542879801830e-19
7.775115625000000000e+04 1.030571691621035593e-19
9.801609375000000000e+04 1.729231629976144345e-20
1.236574296875000000e+05 2.019086132849204508e-21
1.559158906250000000e+05 1.624085516187301167e-22
1.964457500000000000e+05 8.870566228380824670e-24
2.473148593750000000e+05 3.527433163734600755e-25
3.118317812500000000e+05 1.125490748736701429e-26
3.928915000000000000e+05 3.536979833507654099e-28
4.962840000000000000e+05 1.229965674254781684e-29
6.244907500000000000e+05 5.231247506897914733e-31
7.857830000000000000e+05 2.004427589865465926e-32
9.925680000000000000e+05 4.533254045369262393e-34
1.248981500000000000e+06 4.624544601691238406e-36
1.571566000000000000e+06 1.307192084136415652e-38
1.981000250000000000e+06 5.399627895240408074e-42
2.497963000000000000e+06 9.056424351665694827e-47
3.147267500000000000e+06 2.658669443133360876e-54
3.970272000000000000e+06 1.280133069704298303e-67
5.004197000000000000e+06 1.062349179155551111e-91
6.286264000000000000e+06 5.516941942716582681e-133
7.940544000000000000e+06 9.999999999999999821e-201
1.000839400000000000e+07 9.999999999999999821e-201
