1.211760009765625000e+03 4.981844178563065233e-12
1.526073364257812500e+03 3.233844665259525159e-12
1.923100463867187500e+03 2.165977285118484488e-12
2.423520019531250000e+03 1.482098643122511955e-12
3.056282226562500000e+03 1.022171283065048943e-12
3.850336669921875000e+03 7.055378045045405486e-13
4.838769042968750000e+03 4.896648803177340739e-13
6.120835937500000000e+03 3.352662221162132016e-13
7.692401855468750000e+03 2.293851464071884897e-13
9.718894531250000000e+03 1.565282063469634150e-13
1.224167187500000000e+04 1.054717282236000445e-13
1.542616113281250000e+04 7.055713986665047466e-14
1.943778906250000000e+04 4.623745259968812058e-14
2.448334375000000000e+04 2.927658464275956688e-14
3.085232226562500000e+04 1.766481968509959825e-14
3.891693750000000000e+04 1.002294019456043673e-14
4.921482812500000000e+04 5.278817464719321436e-15
6.162192968750000000e+04 2.603703062850149646e-15
7.775115625000000000e+04 1.122998875063144481e-15
9.801609375000000000e+04 4.139615173570142263e-16
1.236574296875000000e+05 1.206880037181311872e-16
1.559158906250000000e+05 2.716177155319780026e-17
1.964457500000000000e+05 4.483152330101083421e-18
2.473148593750000000e+05 5.461324896139048442e-19
3.118317812500000000e+05 4.944089004974999539e-20
3.928915000000000000e+05 3.747622085214324680e-21
4.962840000000000000e+05 2.665075560008706325e-22
6.244907500000000000e+05 2.228192358256087397e-23
7.857830000000000000e+05 2.339334299780486757e-24
9.925680000000000000e+05 2.840447902997373577e-25
1.248981500000000000e+06 3.385705397113261397e-26
1.571566000000000000e+06 2.901760865041352800e-27
1.981000250000000000e+06 1.306682402844669015e-28
2.497963000000000000e+06 2.318366898291869496e-30
3.147267500000000000e+06 1.110468849996822560e-32
3.970272000000000000e+06 5.351823807999167434e-36
5.004197000000000000e+06 2.702158915269941268e-41
6.286264000000000000e+06 1.962535751092311433e-50
7.940544000000000000e+06 4.033265135285300038e-67
1.000839400000000000e+07 9.999999999999999821e-201
