1.211760009765625000e+03 9.926324525786908865e-14
1.526073364257812500e+03 6.754482894104758213e-14
1.923100463867187500e+03 4.598777858983447712e-14
2.423520019531250000e+03 3.126107222048323426e-14
3.056282226562500000e+03 2.118412948960898437e-14
3.850336669921875000e+03 1.430654481313707250e-14
4.838769042968750000e+03 9.667448230338296749e-15
6.120835937500000000e+03 6.455993509559557235e-15
7.692401855468750000e+03 4.308088712354867731e-15
9.718894531250000000e+03 2.858123103320774884e-15
1.224167187500000000e+04 1.871039497700993298e-15
1.542616113281250000e+04 1.201499664170260086e-15
1.943778906250000000e+04 7.362259615441444113e-16
2.448334375000000000e+04 4.287818306255111361e-16
3.085232226562500000e+04 2.321339252587448688e-16
3.891693750000000000e+04 1.164996959658696818e-16
4.921482812500000000e+04 5.312235576360665326e-17
6.162192968750000000e+04 2.214908585831662111e-17
7.775115625000000000e+04 7.672380976417406271e-18
9.801609375000000000e+04 2.118737275770401795e-18
1.236574296875000000e+05 4.401360398486754021e-19
1.559158906250000000e+05 6.582973091487873402e-20
1.964457500000000000e+05 6.962910310361700722e-21
2.473148593750000000e+05 5.226169970199223600e-22
3.118317812500000000e+05 2.953507272840576024e-23
3.928915000000000000e+05 1.481195721486548507e-24
4.962840000000000000e+05 7.540268274602790785e-26
6.244907500000000000e+05 4.929272578748151208e-27
7.857830000000000000e+05 3.984620046987371906e-28
9.925680000000000000e+05 3.069431185710850759e-29
1.248981500000000000e+06 1.761682654712815764e-30
1.571566000000000000e+06 5.186496942171892639e-32
1.981000250000000000e+06 5.247724584697655642e-34
2.497963000000000000e+06 1.195540099186988280e-36
3.147267500000000000e+06 2.434473253637698504e-40
3.970272000000000000e+06 3.716955206773163867e-46
5.004197000000000000e+06 2.871328946000190622e-56
6.286264000000000000e+06 3.236600612336924445e-74
7.940544000000000000e+06 2.905238397325043296e-106
1.000839400000000000e+07 9.999999999999999821e-201
