1.211760009765625000e+03 2.005192281871634071e-12
1.526073364257812500e+03 1.325184052430508600e-12
1.923100463867187500e+03 9.024905354660349005e-13
2.423520019531250000e+03 6.227305223203831542e-13
3.056282226562500000e+03 4.355338141086459583e-13
3.850336669921875000e+03 3.053355890161676548e-13
4.838769042968750000e+03 2.145495548263532014e-13
6.120835937500000000e+03 1.490665215819459502e-13
7.692401855468750000e+03 1.037626796585526278e-13
9.718894531250000000e+03 7.117706607638163135e-14
1.224167187500000000e+04 4.838486790940857564e-14
1.542616113281250000e+04 3.212867053015766707e-14
1.943778906250000000e+04 2.039399347145244524e-14
2.448334375000000000e+04 1.216363149707575704e-14
3.085232226562500000e+04 6.756267137165806725e-15
3.891693750000000000e+04 3.436238078230075338e-15
4.921482812500000000e+04 1.579968585666720361e-15
6.162192968750000000e+04 6.569924058041447039e-16
7.775115625000000000e+04 2.229695651166314398e-16
9.801609375000000000e+04 5.962532892243644956e-17
1.236574296875000000e+05 1.173373502799183180e-17
1.559158906250000000e+05 1.643588540755562370e-18
1.964457500000000000e+05 1.614205901077941957e-19
2.473148593750000000e+05 1.125500372072628739e-20
3.118317812500000000e+05 5.891691823091556103e-22
3.928915000000000000e+05 2.740874643375752587e-23
4.962840000000000000e+05 1.305808109297581369e-24
6.244907500000000000e+05 7.995425050991335865e-26
7.857830000000000000e+05 5.949870053709986040e-27
9.925680000000000000e+05 4.051005084266484204e-28
1.248981500000000000e+06 1.963903285601464521e-29
1.571566000000000000e+06 4.632103502459394422e-31
1.981000250000000000e+06 3.607110368646782879e-33
2.497963000000000000e+06 5.772757003853335918e-36
3.147267500000000000e+06 6.796226646694811469e-40
3.970272000000000000e+06 3.855149607579581326e-46
5.004197000000000000e+06 4.675679884830162667e-57
6.286264000000000000e+06 2.092460834516797196e-76
7.940544000000000000e+06 9.099457242019437002e-111
1.000839400000000000e+07 9.999999999999999821e-201
