1.211760009765625000e+03 9.104320236324001867e-13
1.526073364257812500e+03 6.210564066614624030e-13
1.923100463867187500e+03 4.269172619943678241e-13
2.423520019531250000e+03 2.939288065352208601e-13
3.056282226562500000e+03 2.019652267238505225e-13
3.850336669921875000e+03 1.387532715169747436e-13
4.838769042968750000e+03 9.511281136924087756e-14
6.120835937500000000e+03 6.430803658328579129e-14
7.692401855468750000e+03 4.365863691293817352e-14
9.718894531250000000e+03 2.933545022670825837e-14
1.224167187500000000e+04 1.940245329700594919e-14
1.542616113281250000e+04 1.260863523712583004e-14
1.943778906250000000e+04 7.769140370077123573e-15
2.448334375000000000e+04 4.547928081838364685e-15
3.085232226562500000e+04 2.464428870032861085e-15
3.891693750000000000e+04 1.227227885082169735e-15
4.921482812500000000e+04 5.491752877076048619e-16
6.162192968750000000e+04 2.224940668395548030e-16
7.775115625000000000e+04 7.370703758777763470e-17
9.801609375000000000e+04 1.938595538799422925e-17
1.236574296875000000e+05 3.801884540319721278e-18
1.559158906250000000e+05 5.305254150540105445e-19
1.964457500000000000e+05 5.219850604029213819e-20
2.473148593750000000e+05 3.627054202580344830e-21
3.118317812500000000e+05 1.901161666988340076e-22
3.928915000000000000e+05 8.878416022714095593e-24
4.962840000000000000e+05 4.249228027796227418e-25
6.244907500000000000e+05 2.615078248722028081e-26
7.857830000000000000e+05 1.959322766931687625e-27
9.925680000000000000e+05 1.347510059410817810e-28
1.248981500000000000e+06 6.642614054240248141e-30
1.571566000000000000e+06 1.597881082150908988e-31
1.981000250000000000e+06 1.246289031562391314e-33
2.497963000000000000e+06 2.035394495324149801e-36
3.147267500000000000e+06 2.444931850257504747e-40
3.970272000000000000e+06 1.413554856112513166e-46
5.004197000000000000e+06 1.751769874206341484e-57
6.286264000000000000e+06 8.049921640227844258e-77
7.940544000000000000e+06 3.588598449821415838e-111
1.000839400000000000e+07 9.999999999999999821e-201
