1.211760009765625000e+03 7.609766982755083014e-14
1.526073364257812500e+03 5.241399610359474846e-14
1.923100463867187500e+03 3.602114398077478121e-14
2.423520019531250000e+03 2.466012868388717647e-14
3.056282226562500000e+03 1.683866703020201710e-14
3.850336669921875000e+03 1.148459561991032830e-14
4.838769042968750000e+03 7.797420471041458421e-15
6.120835937500000000e+03 5.251671360611919553e-15
7.692401855468750000e+03 3.550363537686730204e-15
9.718894531250000000e+03 2.374244511925566158e-15
1.224167187500000000e+04 1.575218769630906389e-15
1.542616113281250000e+04 1.041879857871336261e-15
1.943778906250000000e+04 6.795899135872579761e-16
2.448334375000000000e+04 4.346656406686969942e-16
3.085232226562500000e+04 2.709227505285134565e-16
3.891693750000000000e+04 1.631808610333056668e-16
4.921482812500000000e+04 9.348867508332460016e-17
6.162192968750000000e+04 5.188629095272804721e-17
7.775115625000000000e+04 2.639720237963602790e-17
9.801609375000000000e+04 1.216059673210623369e-17
1.236574296875000000e+05 4.787045251239823457e-18
1.559158906250000000e+05 1.552934877655610638e-18
1.964457500000000000e+05 3.985192405722181938e-19
2.473148593750000000e+05 8.006951586276084568e-20
3.118317812500000000e+05 1.234639365911820691e-20
3.928915000000000000e+05 1.565314923866813549e-21
4.962840000000000000e+05 1.753764028633049678e-22
6.244907500000000000e+05 2.097130740622723712e-23
7.857830000000000000e+05 2.927250753887632216e-24
9.925680000000000000e+05 4.899787657320757502e-25
1.248981500000000000e+06 9.589194085088704241e-26
1.571566000000000000e+06 1.752630881905993709e-26
1.981000250000000000e+06 2.376981907120362337e-27
2.497963000000000000e+06 1.910886325623270300e-28
3.147267500000000000e+06 7.425504379295143265e-30
3.970272000000000000e+06 9.606986926767604839e-32
5.004197000000000000e+06 1.860340895783274972e-34
6.286264000000000000e+06 9.061852360192700466e-39
7.940544000000000000e+06 1.800245933787463081e-46
1.000839400000000000e+07 9.999999999999999821e-201
