1.211760009765625000e+03 1.087287491971389090e-12
1.526073364257812500e+03 5.973217669164383898e-13
1.923100463867187500e+03 3.476550497490900032e-13
2.423520019531250000e+03 2.173329522898137818e-13
3.056282226562500000e+03 1.441903452439586269e-13
3.850336669921875000e+03 9.916732736646120960e-14
4.838769042968750000e+03 6.955299060168979258e-14
6.120835937500000000e+03 4.881835349301221677e-14
7.692401855468750000e+03 3.432671928702640412e-14
9.718894531250000000e+03 2.389762449912007572e-14
1.224167187500000000e+04 1.661363546095097176e-14
1.542616113281250000e+04 1.148989002138483055e-14
1.943778906250000000e+04 7.814900922874894580e-15
2.448334375000000000e+04 5.251713631093023220e-15
3.085232226562500000e+04 3.423848449917941598e-15
3.891693750000000000e+04 2.143618235569900565e-15
4.921482812500000000e+04 1.273783198010297730e-15
6.162192968750000000e+04 7.273630357483656141e-16
7.775115625000000000e+04 3.799597312220337118e-16
9.801609375000000000e+04 1.767264291441607523e-16
1.236574296875000000e+05 7.013577926235090919e-17
1.559158906250000000e+05 2.295642862621337659e-17
1.964457500000000000e+05 5.905330564842869017e-18
2.473148593750000000e+05 1.194659063555999272e-18
3.118317812500000000e+05 1.847517900069487202e-19
3.928915000000000000e+05 2.342259557610925050e-20
4.962840000000000000e+05 2.636778085007731896e-21
6.244907500000000000e+05 3.158253780039611152e-22
7.857830000000000000e+05 4.407829320525778401e-23
9.925680000000000000e+05 7.386614558775008747e-24
1.248981500000000000e+06 1.444687793082442983e-24
1.571566000000000000e+06 2.636566457128146594e-25
1.981000250000000000e+06 3.544863190965627854e-26
2.497963000000000000e+06 2.827755696147480075e-27
3.147267500000000000e+06 1.084186038573555285e-28
3.970272000000000000e+06 1.380314213616035255e-30
5.004197000000000000e+06 2.620718325408978422e-33
6.286264000000000000e+06 1.246630518059658773e-37
7.940544000000000000e+06 2.409559942146296218e-45
1.000839400000000000e+07 9.999999999999999821e-201
