1.211760009765625000e+03 9.079411015431188577e-13
1.526073364257812500e+03 4.796375115140273083e-13
1.923100463867187500e+03 2.621146424744831896e-13
2.423520019531250000e+03 1.531917084908142575e-13
3.056282226562500000e+03 9.530389257563017573e-14
3.850336669921875000e+03 6.310638665081360680e-14
4.838769042968750000e+03 4.335204988462946777e-14
6.120835937500000000e+03 3.007402501619051123e-14
7.692401855468750000e+03 2.117134646717938229e-14
9.718894531250000000e+03 1.479566131245453524e-14
1.224167187500000000e+04 1.028000290903296625e-14
1.542616113281250000e+04 7.046009262550573891e-15
1.943778906250000000e+04 4.718729126179248663e-15
2.448334375000000000e+04 3.048724740631495680e-15
3.085232226562500000e+04 1.867800810220137504e-15
3.891693750000000000e+04 1.076002210129739740e-15
4.921482812500000000e+04 5.731802115595629611e-16
6.162192968750000000e+04 2.859698297645210474e-16
7.775115625000000000e+04 1.232289461313720832e-16
9.801609375000000000e+04 4.446862979278607729e-17
1.236574296875000000e+05 1.257790508500775648e-17
1.559158906250000000e+05 2.666181454987355135e-18
1.964457500000000000e+05 4.195997927653253966e-19
2.473148593750000000e+05 4.792801503363824371e-20
3.118317812500000000e+05 4.089592704999341194e-21
3.928915000000000000e+05 2.942552770194077859e-22
4.962840000000000000e+05 2.012052842517253588e-23
6.244907500000000000e+05 1.643063991150835297e-24
7.857830000000000000e+05 1.693421575548100880e-25
9.925680000000000000e+05 1.976611751540630255e-26
1.248981500000000000e+06 2.187853832867990698e-27
1.571566000000000000e+06 1.677104872616140607e-28
1.981000250000000000e+06 6.403948161280369769e-30
2.497963000000000000e+06 9.016432102934151900e-32
3.147267500000000000e+06 3.026068065005770412e-34
3.970272000000000000e+06 7.543431192571371905e-38
5.004197000000000000e+06 1.072678027596577944e-43
6.286264000000000000e+06 7.346299021818240844e-54
7.940544000000000000e+06 2.177124078899676144e-72
1.000839400000000000e+07 9.999999999999999821e-201
