1.211760009765625000e+03 1.011314368248302243e-13
1.526073364257812500e+03 6.863220788836547884e-14
1.923100463867187500e+03 4.637502729152001922e-14
2.423520019531250000e+03 3.117945439295402991e-14
3.056282226562500000e+03 2.084089437932190396e-14
3.850336669921875000e+03 1.382235997457182685e-14
4.838769042968750000e+03 9.083029283719237511e-15
6.120835937500000000e+03 5.750708358739047868e-15
7.692401855468750000e+03 3.478111600164743480e-15
9.718894531250000000e+03 1.926475225920452933e-15
1.224167187500000000e+04 9.740826976716460268e-16
1.542616113281250000e+04 4.456468786918479584e-16
1.943778906250000000e+04 1.811577056395981306e-16
2.448334375000000000e+04 6.619340273010097671e-17
3.085232226562500000e+04 2.127237448189000183e-17
3.891693750000000000e+04 5.873433805007490449e-18
4.921482812500000000e+04 1.325501486478783333e-18
6.162192968750000000e+04 2.530962438853593637e-19
7.775115625000000000e+04 3.499060386324556731e-20
9.801609375000000000e+04 3.520633972108272150e-21
1.236574296875000000e+05 2.463043397451283850e-22
1.559158906250000000e+05 1.220510768497893859e-23
1.964457500000000000e+05 4.397433683307595325e-25
2.473148593750000000e+05 1.268683892601926305e-26
3.118317812500000000e+05 3.048707236744821418e-28
3.928915000000000000e+05 6.252268915155859282e-30
4.962840000000000000e+05 8.984766597821393554e-32
6.244907500000000000e+05 7.892866571842623546e-34
7.857830000000000000e+05 2.901648950352509173e-36
9.925680000000000000e+05 2.430977104116354564e-39
1.248981500000000000e+06 2.770525394968834869e-43
1.571566000000000000e+06 8.672108332163803850e-49
1.981000250000000000e+06 2.242492641571904816e-57
2.497963000000000000e+06 5.703747016538499646e-72
3.147267500000000000e+06 1.782590101583792665e-97
3.970272000000000000e+06 2.102052310663305049e-141
5.004197000000000000e+06 9.999999999999999821e-201
6.286264000000000000e+06 9.999999999999999821e-201
7.940544000000000000e+06 9.999999999999999821e-201
1.000839400000000000e+07 9.999999999999999821e-201
