1.211760009765625000e+03 7.883768412576050667e-13
1.526073364257812500e+03 4.638113184386659324e-13
1.923100463867187500e+03 2.675784146600393914e-13
2.423520019531250000e+03 1.524743777699348764e-13
3.056282226562500000e+03 8.523580916365695901e-14
3.850336669921875000e+03 4.633410808377598231e-14
4.838769042968750000e+03 2.446607214469828437e-14
6.120835937500000000e+03 1.217660109967822491e-14
7.692401855468750000e+03 5.592257866931548278e-15
9.718894531250000000e+03 2.284084399594309966e-15
1.224167187500000000e+04 8.093481238007058783e-16
1.542616113281250000e+04 2.412916883727933528e-16
1.943778906250000000e+04 5.268568620390996100e-21
2.448334375000000000e+04 2.570617581751493999e-21
3.085232226562500000e+04 1.104102481758996835e-21
3.891693750000000000e+04 4.068179258879646923e-22
4.921482812500000000e+04 1.227985028345466937e-22
6.162192968750000000e+04 3.141884406852736536e-23
7.775115625000000000e+04 5.831767310540926396e-24
9.801609375000000000e+04 7.871979330893776429e-25
1.236574296875000000e+05 7.424826473476331768e-26
1.559158906250000000e+05 4.927669644776544765e-27
1.964457500000000000e+05 2.401052747327459772e-28
2.473148593750000000e+05 9.361162702693824144e-30
3.118317812500000000e+05 3.035566257276093921e-31
3.928915000000000000e+05 8.402615738576515827e-33
4.962840000000000000e+05 1.631351739133845313e-34
6.244907500000000000e+05 1.936952120873811594e-36
7.857830000000000000e+05 9.387687780552238178e-39
9.925680000000000000e+05 1.028490313279996087e-41
1.248981500000000000e+06 1.499891728552552477e-45
1.571566000000000000e+06 5.792697362500040930e-51
1.981000250000000000e+06 1.720268327781186984e-59
2.497963000000000000e+06 4.606872590281095172e-74
3.147267500000000000e+06 1.521014380155735953e-99
3.970272000000000000e+06 1.890217581681732040e-143
5.004197000000000000e+06 9.999999999999999821e-201
6.286264000000000000e+06 9.999999999999999821e-201
7.940544000000000000e+06 9.999999999999999821e-201
1.000839400000000000e+07 9.999999999999999821e-201
