1.211760009765625000e+03 1.843282346068334152e-12
1.526073364257812500e+03 1.246068586613761754e-12
1.923100463867187500e+03 8.475563289594068068e-13
2.423520019531250000e+03 5.685529668785099559e-13
3.056282226562500000e+03 3.817093728547260028e-13
3.850336669921875000e+03 2.559536156928821266e-13
4.838769042968750000e+03 1.712307977326037076e-13
6.120835937500000000e+03 1.131668059968519209e-13
7.692401855468750000e+03 7.511933487598717751e-14
9.718894531250000000e+03 4.933427744073633175e-14
1.224167187500000000e+04 3.222177497058553168e-14
1.542616113281250000e+04 2.089577218206737284e-14
1.943778906250000000e+04 1.341400528696195277e-14
2.448334375000000000e+04 8.350761191714627651e-15
3.085232226562500000e+04 5.029980564680221463e-15
3.891693750000000000e+04 2.910124129439444601e-15
4.921482812500000000e+04 1.590967416903038352e-15
6.162192968750000000e+04 8.343012952736512448e-16
7.775115625000000000e+04 3.969060791822166834e-16
9.801609375000000000e+04 1.674225186806033707e-16
1.236574296875000000e+05 5.928192220936798643e-17
1.559158906250000000e+05 1.687715344594368107e-17
1.964457500000000000e+05 3.708710303226691062e-18
2.473148593750000000e+05 6.283089993036424706e-19
3.118317812500000000e+05 8.007064443454928605e-20
3.928915000000000000e+05 8.401318639491579205e-21
4.962840000000000000e+05 7.912936563338940578e-22
6.244907500000000000e+05 8.151214250869932156e-23
7.857830000000000000e+05 1.005007784309233718e-23
9.925680000000000000e+05 1.500727795356794547e-24
1.248981500000000000e+06 2.510157024717059270e-25
1.571566000000000000e+06 3.703967711032792126e-26
1.981000250000000000e+06 3.676793699245966524e-27
2.497963000000000000e+06 1.970060491180741633e-28
3.147267500000000000e+06 4.463348295688832102e-30
3.970272000000000000e+06 2.619402995414510305e-32
5.004197000000000000e+06 1.326863610536275784e-35
6.286264000000000000e+06 5.482661403656918156e-41
7.940544000000000000e+06 1.013052705807161156e-50
1.000839400000000000e+07 9.999999999999999821e-201
