1.211760009765625000e+03 2.042556113210856507e-09
1.526073364257812500e+03 1.196621420478295132e-09
1.923100463867187500e+03 7.008035201488428429e-10
2.423520019531250000e+03 4.053975700305694386e-10
3.056282226562500000e+03 2.335686071931247832e-10
3.850336669921875000e+03 1.328763793566416817e-10
4.838769042968750000e+03 7.547878515717686351e-11
6.120835937500000000e+03 4.191363185068589596e-11
7.692401855468750000e+03 2.314381596701432438e-11
9.718894531250000000e+03 1.239562505507808938e-11
1.224167187500000000e+04 6.555040480657285490e-12
1.542616113281250000e+04 3.372480440547617351e-12
1.943778906250000000e+04 1.661507473044150841e-12
2.448334375000000000e+04 7.762679417650218004e-13
3.085232226562500000e+04 3.366557167413166903e-13
3.891693750000000000e+04 1.334072221263815168e-13
4.921482812500000000e+04 4.720452775426597351e-16
6.162192968750000000e+04 3.319884046936673521e-16
7.775115625000000000e+04 2.119148431519931604e-16
9.801609375000000000e+04 1.195210758358751626e-16
1.236574296875000000e+05 5.633884805712986364e-17
1.559158906250000000e+05 2.132658480896519211e-17
1.964457500000000000e+05 6.261175629565060258e-18
2.473148593750000000e+05 1.394655581787630653e-18
3.118317812500000000e+05 2.346624826992731857e-19
3.928915000000000000e+05 3.229597814661697230e-20
4.962840000000000000e+05 3.956468281669468784e-21
6.244907500000000000e+05 5.273222886667564246e-22
7.857830000000000000e+05 8.334210894271696186e-23
9.925680000000000000e+05 1.574534080374341242e-23
1.248981500000000000e+06 3.309480770018021929e-24
1.571566000000000000e+06 6.050756413442882273e-25
1.981000250000000000e+06 7.400326301448451732e-26
2.497963000000000000e+06 4.795161899354883797e-27
3.147267500000000000e+06 1.293460118342477872e-28
3.970272000000000000e+06 8.831130098826063784e-31
5.004197000000000000e+06 5.072988583255157362e-34
6.286264000000000000e+06 2.236676640810037931e-39
7.940544000000000000e+06 3.978682804258769545e-49
1.000839400000000000e+07 9.999999999999999821e-201
