1.211760009765625000e+03 1.205606291212261863e-13
1.526073364257812500e+03 6.398463297929398015e-14
1.923100463867187500e+03 3.296052390397693446e-14
2.423520019531250000e+03 1.631553968479404194e-14
3.056282226562500000e+03 7.653939559182733756e-15
3.850336669921875000e+03 3.398342799475172226e-15
4.838769042968750000e+03 1.400418613148799676e-15
6.120835937500000000e+03 5.301068291530072724e-16
7.692401855468750000e+03 1.790987601674094904e-16
9.718894531250000000e+03 5.339131584508712101e-17
1.224167187500000000e+04 6.549922653151857867e-19
1.542616113281250000e+04 4.640677744724846648e-19
1.943778906250000000e+04 3.260107196899286397e-19
2.448334375000000000e+04 2.258507250550046059e-19
3.085232226562500000e+04 1.529146556181872619e-19
3.891693750000000000e+04 9.991482915983593669e-20
4.921482812500000000e+04 6.280669839251666491e-20
6.162192968750000000e+04 3.801107395661817723e-20
7.775115625000000000e+04 2.138674698583532227e-20
9.801609375000000000e+04 1.096807827612841939e-20
1.236574296875000000e+05 4.909436858784756548e-21
1.559158906250000000e+05 1.828728170306144306e-21
1.964457500000000000e+05 5.500626924985050714e-22
2.473148593750000000e+05 1.303404954737961601e-22
3.118317812500000000e+05 2.404192099002413550e-23
3.928915000000000000e+05 3.660754838546710980e-24
4.962840000000000000e+05 4.914109631079669625e-25
6.244907500000000000e+05 6.890806636170858210e-26
7.857830000000000000e+05 1.102107549253146506e-26
9.925680000000000000e+05 2.100912448747772973e-27
1.248981500000000000e+06 4.791823783453494414e-28
1.571566000000000000e+06 1.084195895415336720e-28
1.981000250000000000e+06 1.953395219950520083e-29
2.497963000000000000e+06 2.305036071117283691e-30
3.147267500000000000e+06 1.472967092952173663e-31
3.970272000000000000e+06 3.812742496280022560e-33
5.004197000000000000e+06 2.208416668130856419e-35
6.286264000000000000e+06 7.347285740232031695e-39
7.940544000000000000e+06 5.234146847051057101e-45
1.000839400000000000e+07 9.999999999999999821e-201
