1.211760009765625000e+03 6.364305938114316756e-13
1.526073364257812500e+03 3.708537460160005726e-13
1.923100463867187500e+03 2.448496061438285983e-13
2.423520019531250000e+03 1.693827020711442343e-13
3.056282226562500000e+03 1.180188099770757128e-13
3.850336669921875000e+03 8.231280137137096185e-14
4.838769042968750000e+03 5.738914174245555560e-14
6.120835937500000000e+03 3.969738774245870665e-14
7.692401855468750000e+03 2.746709270701453371e-14
9.718894531250000000e+03 1.878936547053443777e-14
1.224167187500000000e+04 1.294436109631456508e-14
1.542616113281250000e+04 8.833484290081357724e-15
1.943778906250000000e+04 6.000210626530950658e-15
2.448334375000000000e+04 4.047098942287677717e-15
3.085232226562500000e+04 2.719430095631462721e-15
3.891693750000000000e+04 1.817547546286205530e-15
4.921482812500000000e+04 1.207091054450292400e-15
6.162192968750000000e+04 8.056806972243317494e-16
7.775115625000000000e+04 5.271679097499683931e-16
9.801609375000000000e+04 3.427555428389157332e-16
1.236574296875000000e+05 2.194633552302060874e-16
1.559158906250000000e+05 1.367657602245841647e-16
1.964457500000000000e+05 8.303851165752146249e-17
2.473148593750000000e+05 4.787048750550172582e-17
3.118317812500000000e+05 2.632409416846996369e-17
3.928915000000000000e+05 1.367952256826920996e-17
4.962840000000000000e+05 6.695816550025351481e-18
6.244907500000000000e+05 3.175681966668552437e-18
7.857830000000000000e+05 1.486081887929537627e-18
9.925680000000000000e+05 6.958379201553368995e-19
1.248981500000000000e+06 3.394700835656225725e-19
1.571566000000000000e+06 1.733827944923061574e-19
1.981000250000000000e+06 9.101070262973693005e-20
2.497963000000000000e+06 4.763662876999948677e-20
3.147267500000000000e+06 2.404370770665248905e-20
3.970272000000000000e+06 1.122527477306355683e-20
5.004197000000000000e+06 4.639605454715823251e-21
6.286264000000000000e+06 1.637639925121115079e-21
7.940544000000000000e+06 4.263581809033863835e-22
1.000839400000000000e+07 9.999999999999999821e-201
