1.211760009765625000e+03 5.118844893473550278e-15
1.526073364257812500e+03 3.471191062709765326e-15
1.923100463867187500e+03 2.346475392211690923e-15
2.423520019531250000e+03 1.587962831916977512e-15
3.056282226562500000e+03 1.071551538285582939e-15
3.850336669921875000e+03 7.251365835096965099e-16
4.838769042968750000e+03 4.896790898676914281e-16
6.120835937500000000e+03 3.279349422203109768e-16
7.692401855468750000e+03 2.216986768494744578e-16
9.718894531250000000e+03 1.476750955576715215e-16
1.224167187500000000e+04 9.899354247943425858e-17
1.542616113281250000e+04 6.612885249274637345e-17
1.943778906250000000e+04 4.416713902323559671e-17
2.448334375000000000e+04 2.944464679472618501e-17
3.085232226562500000e+04 1.952912097401409527e-17
3.891693750000000000e+04 1.288876603948179802e-17
4.921482812500000000e+04 8.461768949538483452e-18
6.162192968750000000e+04 5.563033385596575235e-18
7.775115625000000000e+04 3.589228321701912508e-18
9.801609375000000000e+04 2.299499211450953271e-18
1.236574296875000000e+05 1.444708519354622957e-18
1.559158906250000000e+05 8.898013315816319345e-19
1.964457500000000000e+05 5.286984375317014990e-19
2.473148593750000000e+05 3.005434085128021067e-19
3.118317812500000000e+05 1.616343439005425385e-19
3.928915000000000000e+05 8.214631125066844563e-20
4.962840000000000000e+05 3.933278740275628249e-20
6.244907500000000000e+05 1.822307221994851633e-20
7.857830000000000000e+05 8.278629695315231565e-21
9.925680000000000000e+05 3.761812845657704784e-21
1.248981500000000000e+06 1.785448190379744353e-21
1.571566000000000000e+06 8.855172765916066069e-22
1.981000250000000000e+06 4.482398776576884616e-22
2.497963000000000000e+06 2.260342049690579811e-22
3.147267500000000000e+06 1.096230063235512033e-22
3.970272000000000000e+06 4.884739075952629590e-23
5.004197000000000000e+06 1.928395682824272013e-23
6.286264000000000000e+06 6.463605368177144842e-24
7.940544000000000000e+06 1.591475237473470019e-24
1.000839400000000000e+07 9.999999999999999821e-201
