1.211760009765625000e+03 5.069026451687919788e-11
1.526073364257812500e+03 3.392075596893018607e-11
1.923100463867187500e+03 2.307236673278384983e-11
2.423520019531250000e+03 1.587954656266524282e-11
3.056282226562500000e+03 1.105996796322776446e-11
3.850336669921875000e+03 7.716957065142200051e-12
4.838769042968750000e+03 5.384266911410123983e-12
6.120835937500000000e+03 3.724724056740602139e-12
7.692401855468750000e+03 2.563377023915963882e-12
9.718894531250000000e+03 1.707664301768466180e-12
1.224167187500000000e+04 1.070129668189399964e-12
1.542616113281250000e+04 6.166235189709575551e-13
1.943778906250000000e+04 3.208586617224067481e-13
2.448334375000000000e+04 1.497130852330650482e-13
3.085232226562500000e+04 6.225920902070464684e-14
3.891693750000000000e+04 2.250456846347539599e-14
4.921482812500000000e+04 6.790357709939621946e-15
6.162192968750000000e+04 1.719766291475673793e-15
7.775115625000000000e+04 3.179000929750757342e-16
9.801609375000000000e+04 4.194625552480846380e-17
1.236574296875000000e+05 3.762328951157339727e-18
1.559158906250000000e+05 2.234511787692371067e-19
1.964457500000000000e+05 9.254726160236276499e-21
2.473148593750000000e+05 2.903546620564059193e-22
3.118317812500000000e+05 7.676817740030157091e-24
3.928915000000000000e+05 2.086676753516937289e-25
4.962840000000000000e+05 6.059328304757837276e-27
6.244907500000000000e+05 1.743927147470198269e-28
7.857830000000000000e+05 3.363159107249032144e-30
9.925680000000000000e+05 2.778132930107251126e-32
1.248981500000000000e+06 7.300936181008690969e-35
1.571566000000000000e+06 3.322313415735234198e-38
1.981000250000000000e+06 8.996393641287776203e-43
2.497963000000000000e+06 1.073866546485750299e-49
3.147267500000000000e+06 1.998036576233091031e-61
3.970272000000000000e+06 1.019495127260658078e-82
5.004197000000000000e+06 1.839621189575965067e-120
6.286264000000000000e+06 2.827690430536901137e-182
7.940544000000000000e+06 9.999999999999999821e-201
1.000839400000000000e+07 9.999999999999999821e-201
