1.211760009765625000e+03 5.280754829276849761e-13
1.526073364257812500e+03 2.996498267809284825e-13
1.923100463867187500e+03 1.679417170345491308e-13
2.423520019531250000e+03 9.154138678109632740e-14
3.056282226562500000e+03 4.923211445487216744e-14
3.850336669921875000e+03 2.571294816007564958e-14
4.838769042968750000e+03 1.297477430522027838e-14
6.120835937500000000e+03 6.286790175439534081e-15
7.692401855468750000e+03 2.902408637848840220e-15
9.718894531250000000e+03 1.263959262546427292e-15
1.224167187500000000e+04 5.099284261067817824e-16
1.542616113281250000e+04 2.462093681538926039e-18
1.943778906250000000e+04 1.831454114938441322e-18
2.448334375000000000e+04 1.320051599690229602e-18
3.085232226562500000e+04 9.170472281562638277e-19
3.891693750000000000e+04 6.008958742150537466e-19
4.921482812500000000e+04 3.700033746453203991e-19
6.162192968750000000e+04 2.162126022708753321e-19
7.775115625000000000e+04 1.126444047468254193e-19
9.801609375000000000e+04 5.087077042445257018e-20
1.236574296875000000e+05 1.877915372301831197e-20
1.559158906250000000e+05 5.447713078540285735e-21
1.964457500000000000e+05 1.205487075676711737e-21
2.473148593750000000e+05 1.988225777743781431e-22
3.118317812500000000e+05 2.448025198797416481e-23
3.928915000000000000e+05 2.469598003791558388e-24
4.962840000000000000e+05 2.235420773960398218e-25
6.244907500000000000e+05 2.259956538897221705e-26
7.857830000000000000e+05 2.784301741282045613e-27
9.925680000000000000e+05 4.118953847866988564e-28
1.248981500000000000e+06 6.586225091637889380e-29
1.571566000000000000e+06 8.680262259780362698e-30
1.981000250000000000e+06 7.119435303197929817e-31
2.497963000000000000e+06 2.845324250104509943e-32
3.147267500000000000e+06 4.134654357356092416e-34
3.970272000000000000e+06 1.137918489885102832e-36
5.004197000000000000e+06 1.352138073854370904e-40
6.286264000000000000e+06 3.417200778733754952e-47
7.940544000000000000e+06 3.229257435507372717e-59
1.000839400000000000e+07 9.999999999999999821e-201
