1.211760009765625000e+03 1.718736241604257683e-11
1.526073364257812500e+03 9.671865696097294022e-12
1.923100463867187500e+03 5.367856750076243043e-12
2.423520019531250000e+03 2.914378844459393695e-12
3.056282226562500000e+03 1.555478039446814031e-12
3.850336669921875000e+03 8.113689434658016646e-13
4.838769042968750000e+03 4.085806331691962680e-13
6.120835937500000000e+03 1.994515000757091453e-13
7.692401855468750000e+03 9.354384596310113845e-14
9.718894531250000000e+03 4.218367109357402268e-14
1.224167187500000000e+04 1.830827361202662443e-14
1.542616113281250000e+04 2.277921319534046196e-15
1.943778906250000000e+04 1.695230255149630832e-15
2.448334375000000000e+04 1.227416399711967745e-15
3.085232226562500000e+04 8.484829494156084841e-16
3.891693750000000000e+04 5.584082871493428953e-16
4.921482812500000000e+04 3.435745621706547595e-16
6.162192968750000000e+04 1.992802900448428750e-16
7.775115625000000000e+04 1.036328523670793892e-16
9.801609375000000000e+04 4.631517904315831293e-17
1.236574296875000000e+05 1.718770001767777492e-17
1.559158906250000000e+05 4.950543147100686197e-18
1.964457500000000000e+05 1.082917998708465319e-18
2.473148593750000000e+05 1.767600201884484553e-19
3.118317812500000000e+05 2.156232721541377340e-20
3.928915000000000000e+05 2.147676476295451966e-21
4.962840000000000000e+05 1.918267254542676308e-22
6.244907500000000000e+05 1.899393672292536928e-23
7.857830000000000000e+05 2.306992871347980473e-24
9.925680000000000000e+05 3.324716110385909599e-25
1.248981500000000000e+06 5.172233264054614779e-26
1.571566000000000000e+06 6.634200441403563348e-27
1.981000250000000000e+06 5.274854338278466537e-28
2.497963000000000000e+06 2.021591393384519539e-29
3.147267500000000000e+06 2.811321030591679363e-31
3.970272000000000000e+06 7.349056913841289027e-34
5.004197000000000000e+06 8.244744352770551831e-38
6.286264000000000000e+06 1.968134625726403096e-44
7.940544000000000000e+06 1.727586282370199479e-56
1.000839400000000000e+07 9.999999999999999821e-201
