1.211760009765625000e+03 4.458750539813944026e-13
1.526073364257812500e+03 3.065724300398938491e-13
1.923100463867187500e+03 2.111043078611855839e-13
2.423520019531250000e+03 1.450962117006492818e-13
3.056282226562500000e+03 9.925431299327287783e-14
3.850336669921875000e+03 6.781006970117701863e-14
4.838769042968750000e+03 4.616080985599184033e-14
6.120835937500000000e+03 3.131347636718217467e-14
7.692401855468750000e+03 2.118637255822439943e-14
9.718894531250000000e+03 1.423356865151021042e-14
1.224167187500000000e+04 9.531154173799239623e-15
1.542616113281250000e+04 6.349997978048534637e-15
1.943778906250000000e+04 4.188803232076087800e-15
2.448334375000000000e+04 2.724870639860522217e-15
3.085232226562500000e+04 1.731296857834260801e-15
3.891693750000000000e+04 1.072602298581434915e-15
4.921482812500000000e+04 6.377846798107371102e-16
6.162192968750000000e+04 3.704174903110768656e-16
7.775115625000000000e+04 2.003586841806769162e-16
9.801609375000000000e+04 1.001319825568500747e-16
1.236574296875000000e+05 4.407188473390079239e-17
1.559158906250000000e+05 1.656078810345511585e-17
1.964457500000000000e+05 5.073357138623077632e-18
2.473148593750000000e+05 1.246874142393998741e-18
3.118317812500000000e+05 2.413396017895518337e-19
3.928915000000000000e+05 3.869862052609774480e-20
4.962840000000000000e+05 5.416966103172887449e-21
6.244907500000000000e+05 7.822464013416824576e-22
7.857830000000000000e+05 1.271175852946506617e-22
9.925680000000000000e+05 2.420781026695418713e-23
1.248981500000000000e+06 5.554525427528460695e-24
1.571566000000000000e+06 1.278640617332000315e-24
1.981000250000000000e+06 2.423401001441275535e-25
2.497963000000000000e+06 3.116833918036899271e-26
3.147267500000000000e+06 2.269062226139534186e-27
3.970272000000000000e+06 7.224130961095386214e-29
5.004197000000000000e+06 6.022567003320818342e-31
6.286264000000000000e+06 4.061838643444909456e-34
7.940544000000000000e+06 1.200325364342857984e-39
1.000839400000000000e+07 9.999999999999999821e-201
