1.211760009765625000e+03 1.307734096872804801e-15
1.526073364257812500e+03 6.645699128606730092e-16
1.923100463867187500e+03 3.209727208744419799e-16
2.423520019531250000e+03 1.444734811783289034e-16
3.056282226562500000e+03 6.024391136905119452e-17
3.850336669921875000e+03 2.277320837941262775e-17
4.838769042968750000e+03 7.703864888128366757e-18
6.120835937500000000e+03 2.214133998246424216e-18
7.692401855468750000e+03 5.394678197696027620e-19
9.718894531250000000e+03 1.052383810875018745e-19
1.224167187500000000e+04 1.317614336688008774e-21
1.542616113281250000e+04 9.217739000393032910e-22
1.943778906250000000e+04 6.391004931292559246e-22
2.448334375000000000e+04 4.370644278537343348e-22
3.085232226562500000e+04 2.933457410593171201e-22
3.891693750000000000e+04 1.904913822480665340e-22
4.921482812500000000e+04 1.189859165496711188e-22
6.162192968750000000e+04 7.212455941153179556e-23
7.775115625000000000e+04 4.077888513324365502e-23
9.801609375000000000e+04 2.110695747421372407e-23
1.236574296875000000e+05 9.594410304902294044e-24
1.559158906250000000e+05 3.704150216407985541e-24
1.964457500000000000e+05 1.157678810155601937e-24
2.473148593750000000e+05 2.904532112065887410e-25
3.118317812500000000e+05 5.758102532323331483e-26
3.928915000000000000e+05 9.444067496265303916e-27
4.962840000000000000e+05 1.362181704120348511e-27
6.244907500000000000e+05 2.031265346693833545e-28
7.857830000000000000e+05 3.409664397226307463e-29
9.925680000000000000e+05 6.778186874747173177e-30
1.248981500000000000e+06 1.623630509585241984e-30
1.571566000000000000e+06 3.913629292828333388e-31
1.981000250000000000e+06 7.845542810421396599e-32
2.497963000000000000e+06 1.070309005816444547e-32
3.147267500000000000e+06 8.318008659414253301e-34
3.970272000000000000e+06 2.832051340230085821e-35
5.004197000000000000e+06 2.560266152084365495e-37
6.286264000000000000e+06 1.879838738033344754e-40
7.940544000000000000e+06 6.071645801300957177e-46
1.000839400000000000e+07 9.999999999999999821e-201
