1.211760009765625000e+03 1.041205433319680564e-12
1.526073364257812500e+03 5.142505278088540910e-13
1.923100463867187500e+03 2.456343805224947918e-13
2.423520019531250000e+03 1.152051466292708845e-13
3.056282226562500000e+03 5.382447819038180360e-14
3.850336669921875000e+03 2.606572043426746789e-14
4.838769042968750000e+03 1.369228846604021897e-14
6.120835937500000000e+03 7.914614720031179111e-15
7.692401855468750000e+03 5.061050973934491385e-15
9.718894531250000000e+03 3.367980821235485356e-15
1.224167187500000000e+04 2.339227362133664859e-15
1.542616113281250000e+04 1.628078220961480776e-15
1.943778906250000000e+04 1.114779986357439645e-15
2.448334375000000000e+04 7.566444964481913269e-16
3.085232226562500000e+04 5.017646175212350009e-16
3.891693750000000000e+04 3.200263302844968339e-16
4.921482812500000000e+04 1.957370120836116258e-16
6.162192968750000000e+04 1.156443413651696729e-16
7.775115625000000000e+04 6.326267762420203520e-17
9.801609375000000000e+04 3.153744045590236657e-17
1.236574296875000000e+05 1.364565627750481866e-17
1.559158906250000000e+05 4.908659601478375493e-18
1.964457500000000000e+05 1.422119602637706533e-18
2.473148593750000000e+05 3.270452752980709681e-19
3.118317812500000000e+05 5.883162014538534867e-20
3.928915000000000000e+05 8.754781006133847959e-21
4.962840000000000000e+05 1.144206020213952485e-21
6.244907500000000000e+05 1.561236948820451434e-22
7.857830000000000000e+05 2.428221282421976939e-23
9.925680000000000000e+05 4.503540663745312712e-24
1.248981500000000000e+06 9.980036919106295268e-25
1.571566000000000000e+06 2.173988728197086856e-25
1.981000250000000000e+06 3.765042025218074741e-26
2.497963000000000000e+06 4.252801215700380438e-27
3.147267500000000000e+06 2.567107794696217989e-28
3.970272000000000000e+06 6.266096832810074725e-30
5.004197000000000000e+06 3.342838702562111819e-32
6.286264000000000000e+06 9.954372141198301353e-36
7.940544000000000000e+06 5.986756006451729209e-42
1.000839400000000000e+07 9.999999999999999821e-201
