1.211760009765625000e+03 8.967319521413515706e-15
1.526073364257812500e+03 5.221620743905288747e-15
1.923100463867187500e+03 2.958599407571262245e-15
2.423520019531250000e+03 1.637781273702608124e-15
3.056282226562500000e+03 8.740256579160774051e-16
3.850336669921875000e+03 4.546345827440753558e-16
4.838769042968750000e+03 2.238245979609837549e-16
6.120835937500000000e+03 1.046019092118098015e-16
7.692401855468750000e+03 4.568342424886556333e-17
9.718894531250000000e+03 1.837108413753825102e-17
1.224167187500000000e+04 1.312597642132381530e-21
1.542616113281250000e+04 9.402575907886597305e-22
1.943778906250000000e+04 6.335751152135532139e-22
2.448334375000000000e+04 3.890029607677028172e-22
3.085232226562500000e+04 2.185018176247834594e-22
3.891693750000000000e+04 1.106045526478848253e-22
4.921482812500000000e+04 4.902301515341773470e-23
6.162192968750000000e+04 1.904926550081084337e-23
7.775115625000000000e+04 5.764379110669001899e-24
9.801609375000000000e+04 1.315051622125149676e-24
1.236574296875000000e+05 2.125866214189370098e-25
1.559158906250000000e+05 2.358196360172825541e-26
1.964457500000000000e+05 1.781351039519136607e-27
2.473148593750000000e+05 9.618181989671609002e-29
3.118317812500000000e+05 4.029391257828965140e-30
3.928915000000000000e+05 1.605825857230179221e-31
4.962840000000000000e+05 6.910452708545066811e-33
6.244907500000000000e+05 3.780349833781758165e-34
7.857830000000000000e+05 2.099457531551791240e-35
9.925680000000000000e+05 8.030992136472324368e-37
1.248981500000000000e+06 1.622850205855802026e-38
1.571566000000000000e+06 1.095335525026350516e-40
1.981000250000000000e+06 1.460810019848664738e-43
2.497963000000000000e+06 1.553807595832778974e-47
3.147267500000000000e+06 1.329432586140523968e-53
3.970272000000000000e+06 4.177006146725833148e-64
5.004197000000000000e+06 4.035456309744855748e-83
6.286264000000000000e+06 2.651596181284506294e-116
7.940544000000000000e+06 1.335142802649977754e-172
1.000839400000000000e+07 9.999999999999999821e-201
