1.211760009765625000e+03 1.482098643122512082e-14
1.526073364257812500e+03 9.889433227093350939e-15
1.923100463867187500e+03 6.568561549435401308e-15
2.423520019531250000e+03 4.346659045796275099e-15
3.056282226562500000e+03 2.864038879047033245e-15
3.850336669921875000e+03 1.885165812930173926e-15
4.838769042968750000e+03 1.240699024909074515e-15
6.120835937500000000e+03 8.097418383690690123e-16
7.692401855468750000e+03 5.290687167283149343e-16
9.718894531250000000e+03 3.398650565444576085e-16
1.224167187500000000e+04 2.152187124937778938e-16
1.542616113281250000e+04 1.309330663808507296e-16
1.943778906250000000e+04 7.442969800081547131e-17
2.448334375000000000e+04 3.925974439780819250e-17
3.085232226562500000e+04 1.894317830007664652e-17
3.891693750000000000e+04 8.279171192356290062e-18
4.921482812500000000e+04 3.179368745095233874e-18
6.162192968750000000e+04 1.077268807632061217e-18
7.775115625000000000e+04 2.842827330754819758e-19
9.801609375000000000e+04 5.708923427131138767e-20
1.236574296875000000e+05 8.148481504103469870e-21
1.559158906250000000e+05 8.030065191967810699e-22
1.964457500000000000e+05 5.423420244080540141e-23
2.473148593750000000e+05 2.631180820163038153e-24
3.118317812500000000e+05 9.984694947366012419e-26
3.928915000000000000e+05 3.621234827842955430e-27
4.962840000000000000e+05 1.436557164042373295e-28
6.244907500000000000e+05 7.307139617736691064e-30
7.857830000000000000e+05 3.782228835467348793e-31
9.925680000000000000e+05 1.338498689412054129e-32
1.248981500000000000e+06 2.467040692987443288e-34
1.571566000000000000e+06 1.535104564178721260e-36
1.981000250000000000e+06 1.872692544242085292e-39
2.497963000000000000e+06 1.811548192297931851e-43
3.147267500000000000e+06 1.409278387109924769e-49
3.970272000000000000e+06 4.016967597042851561e-60
5.004197000000000000e+06 3.484272033291899244e-79
6.286264000000000000e+06 2.054987040495491949e-112
7.940544000000000000e+06 9.259861373217590584e-169
1.000839400000000000e+07 9.999999999999999821e-201
