1.211760009765625000e+03 1.164506076739116500e-14
1.526073364257812500e+03 6.111669734343690820e-15
1.923100463867187500e+03 3.084163308157841565e-15
2.423520019531250000e+03 1.494553253568919744e-15
3.056282226562500000e+03 6.863855475654194557e-16
3.850336669921875000e+03 2.931879058485245952e-16
4.838769042968750000e+03 1.172616476688023848e-16
6.120835937500000000e+03 4.189630341101220823e-17
7.692401855468750000e+03 1.357588743247067102e-17
9.718894531250000000e+03 3.820055157605252808e-18
1.224167187500000000e+04 1.743063793927536563e-19
1.542616113281250000e+04 1.250246602538763891e-19
1.943778906250000000e+04 8.657253218615319739e-20
2.448334375000000000e+04 5.688223473753539705e-20
3.085232226562500000e+04 3.492934056478664381e-20
3.891693750000000000e+04 1.985243102851893799e-20
4.921482812500000000e+04 1.027320862041511057e-20
6.162192968750000000e+04 4.874899576460446835e-21
7.775115625000000000e+04 1.934473127555266647e-21
9.801609375000000000e+04 6.209694566543230357e-22
1.236574296875000000e+05 1.509207368802969487e-22
1.559158906250000000e+05 2.668075508025671954e-23
1.964457500000000000e+05 3.325994487000005159e-24
2.473148593750000000e+05 2.963077967695903993e-25
3.118317812500000000e+05 1.947659611819022136e-26
3.928915000000000000e+05 1.107687017741737602e-27
4.962840000000000000e+05 6.201672614130775514e-29
6.244907500000000000e+05 4.371371484482525341e-30
7.857830000000000000e+05 3.887474910967263137e-31
9.925680000000000000e+05 3.522467073389750138e-32
1.248981500000000000e+06 2.588367518894898874e-33
1.571566000000000000e+06 1.078544609077460961e-34
1.981000250000000000e+06 1.760929792664874141e-36
2.497963000000000000e+06 7.681947036912864132e-39
3.147267500000000000e+06 4.317361924235675813e-42
3.970272000000000000e+06 4.248645409941937355e-47
5.004197000000000000e+06 1.153019163221650265e-55
6.286264000000000000e+06 7.803300600616615567e-71
7.940544000000000000e+06 3.732429867493080001e-98
1.000839400000000000e+07 9.999999999999999821e-201
