1.211760009765625000e+03 7.086664383833463597e-14
1.526073364257812500e+03 4.598385968045229121e-14
1.923100463867187500e+03 2.973374155160483335e-14
2.423520019531250000e+03 1.909374203752443984e-14
3.056282226562500000e+03 1.219735402946476355e-14
3.850336669921875000e+03 7.706047324799329903e-15
4.838769042968750000e+03 4.820864442202062614e-15
6.120835937500000000e+03 2.887729548107306709e-15
7.692401855468750000e+03 1.650068360365859793e-15
9.718894531250000000e+03 8.615767141353199866e-16
1.224167187500000000e+04 4.124586044232260803e-16
1.542616113281250000e+04 1.777389012037488194e-16
1.943778906250000000e+04 6.859574278949201898e-17
2.448334375000000000e+04 2.362583906829430216e-17
3.085232226562500000e+04 7.161345650611557250e-18
3.891693750000000000e+04 1.864954525809589370e-18
4.921482812500000000e+04 3.958283693958387793e-19
6.162192968750000000e+04 7.150920848277947923e-20
7.775115625000000000e+04 9.337673728577561048e-21
9.801609375000000000e+04 8.907216119203267070e-22
1.236574296875000000e+05 5.938740689693171095e-23
1.559158906250000000e+05 2.815547223736948702e-24
1.964457500000000000e+05 9.787300400960164969e-26
2.473148593750000000e+05 2.681873600628686570e-27
3.118317812500000000e+05 5.837597200426425895e-29
3.928915000000000000e+05 1.034314875600920007e-30
4.962840000000000000e+05 1.242106109342264297e-32
6.244907500000000000e+05 8.864367823840874532e-35
7.857830000000000000e+05 2.461794568002937739e-37
9.925680000000000000e+05 1.401101877686436404e-40
1.248981500000000000e+06 8.417451151822315065e-45
1.571566000000000000e+06 8.161357113788088594e-51
1.981000250000000000e+06 2.506351470637836447e-60
2.497963000000000000e+06 1.832606568813151499e-76
3.147267500000000000e+06 2.782164394619018825e-104
3.970272000000000000e+06 2.021329447302905746e-151
5.004197000000000000e+06 9.999999999999999821e-201
6.286264000000000000e+06 9.999999999999999821e-201
7.940544000000000000e+06 9.999999999999999821e-201
1.000839400000000000e+07 9.999999999999999821e-201
