1.211760009765625000e+03 9.415685497484193646e-11
1.526073364257812500e+03 5.538082607172275541e-11
1.923100463867187500e+03 3.319595621757675849e-11
2.423520019531250000e+03 2.055010723657264691e-11
3.056282226562500000e+03 1.313514788866198380e-11
3.850336669921875000e+03 8.740835574197964802e-12
4.838769042968750000e+03 5.988422637812186719e-12
6.120835937500000000e+03 4.191503454737710113e-12
7.692401855468750000e+03 3.001215086674303305e-12
9.718894531250000000e+03 2.141633989276367450e-12
1.224167187500000000e+04 1.526273360413355359e-12
1.542616113281250000e+04 1.091129238598398697e-12
1.943778906250000000e+04 7.642251964067007840e-13
2.448334375000000000e+04 5.264656584700764216e-13
3.085232226562500000e+04 3.517629852162994948e-13
3.891693750000000000e+04 2.259573241722571875e-13
4.921482812500000000e+04 1.379636697234977227e-13
6.162192968750000000e+04 8.093645514999110424e-14
7.775115625000000000e+04 4.361910721562589350e-14
9.801609375000000000e+04 2.115807466899669458e-14
1.236574296875000000e+05 8.783875194848092543e-15
1.559158906250000000e+05 3.000630970103228200e-15
1.964457500000000000e+05 8.151300813945223545e-16
2.473148593750000000e+05 1.702624918739972096e-16
3.118317812500000000e+05 2.734516612897842168e-17
3.928915000000000000e+05 3.533844677107638947e-18
4.962840000000000000e+05 4.010266844750784277e-19
6.244907500000000000e+05 4.795911179851132454e-20
7.857830000000000000e+05 6.561956848476862626e-21
9.925680000000000000e+05 1.070278937658105503e-21
1.248981500000000000e+06 2.036608527523700573e-22
1.571566000000000000e+06 3.655480180629690635e-23
1.981000250000000000e+06 4.969777382826544568e-24
2.497963000000000000e+06 4.111801150353658913e-25
3.147267500000000000e+06 1.709913129689170942e-26
3.970272000000000000e+06 2.609430009145651154e-28
5.004197000000000000e+06 7.009367140012536105e-31
6.286264000000000000e+06 6.625242927565531804e-35
7.940544000000000000e+06 4.937918414148215161e-42
1.000839400000000000e+07 9.999999999999999821e-201
