1.211760009765625000e+03 2.802287350441724396e-13
1.526073364257812500e+03 1.859213446693549806e-13
1.923100463867187500e+03 1.224248030719142992e-13
2.423520019531250000e+03 8.095496790164980802e-14
3.056282226562500000e+03 5.283687308597114069e-14
3.850336669921875000e+03 3.445378685973098332e-14
4.838769042968750000e+03 2.248780931010266452e-14
6.120835937500000000e+03 1.454734239519586608e-14
7.692401855468750000e+03 9.436192454859378005e-15
9.718894531250000000e+03 6.069858277541992153e-15
1.224167187500000000e+04 3.904873466860401491e-15
1.542616113281250000e+04 2.499269222130105315e-15
1.943778906250000000e+04 1.590194510263103933e-15
2.448334375000000000e+04 1.001159930155105727e-15
3.085232226562500000e+04 6.214258945810515256e-16
3.891693750000000000e+04 3.755422869068254266e-16
4.921482812500000000e+04 2.190546444462080646e-16
6.162192968750000000e+04 1.248311606184506669e-16
7.775115625000000000e+04 6.700285987617737925e-17
9.801609375000000000e+04 3.347337060133225160e-17
1.236574296875000000e+05 1.500464383838673615e-17
1.559158906250000000e+05 5.826923650839459812e-18
1.964457500000000000e+05 1.890162050044572223e-18
2.473148593750000000e+05 5.039278526224567921e-19
3.118317812500000000e+05 1.074733450332495364e-19
3.928915000000000000e+05 1.898134944851760027e-20
4.962840000000000000e+05 2.933167080743522935e-21
6.244907500000000000e+05 4.578869569433291687e-22
7.857830000000000000e+05 7.788695424026641462e-23
9.925680000000000000e+05 1.525973911138533494e-23
1.248981500000000000e+06 3.622378814805493830e-24
1.571566000000000000e+06 8.973954541420922010e-25
1.981000250000000000e+06 1.965804180659770913e-25
2.497963000000000000e+06 3.182452095889162478e-26
3.147267500000000000e+06 3.232139701283232781e-27
3.970272000000000000e+06 1.684665888231527755e-28
5.004197000000000000e+06 3.142616793492595553e-30
6.286264000000000000e+06 8.936852909736446154e-33
7.940544000000000000e+06 4.267656888557904612e-37
1.000839400000000000e+07 9.999999999999999821e-201
