1.211760009765625000e+03 3.574473198118999962e-08
1.526073364257812500e+03 2.096559844143789896e-08
1.923100463867187500e+03 1.224248030719143110e-08
2.423520019531250000e+03 7.099127954452368962e-09
3.056282226562500000e+03 4.073871055694035926e-09
3.850336669921875000e+03 2.316517410022868257e-09
4.838769042968750000e+03 1.297493574618960839e-09
6.120835937500000000e+03 7.101075609858321264e-10
7.692401855468750000e+03 3.825483427645693725e-10
9.718894531250000000e+03 2.018111447776109227e-10
1.224167187500000000e+04 1.031034413805096481e-10
1.542616113281250000e+04 5.066877837052831450e-11
1.943778906250000000e+04 2.393011156221175764e-11
2.448334375000000000e+04 1.061836289558445785e-11
3.085232226562500000e+04 4.387643437496514409e-12
3.891693750000000000e+04 4.649571171227363088e-14
4.921482812500000000e+04 3.347766527637597023e-14
6.162192968750000000e+04 2.306041287760691769e-14
7.775115625000000000e+04 1.486055647059187136e-14
9.801609375000000000e+04 8.848322403344683995e-15
1.236574296875000000e+05 4.704028212999056251e-15
1.559158906250000000e+05 2.141394441683501612e-15
1.964457500000000000e+05 8.269458968945003520e-16
2.473148593750000000e+05 2.551804870726483091e-16
3.118317812500000000e+05 6.307781372044927607e-17
3.928915000000000000e+05 1.298475397597596813e-17
4.962840000000000000e+05 2.330993706551144223e-18
6.244907500000000000e+05 4.234441327484769224e-19
7.857830000000000000e+05 8.437753376028861507e-20
9.925680000000000000e+05 1.944386112579744212e-20
1.248981500000000000e+06 5.403876592578686614e-21
1.571566000000000000e+06 1.580487516250251720e-21
1.981000250000000000e+06 4.087910834399523122e-22
2.497963000000000000e+06 7.811067556530200705e-23
3.147267500000000000e+06 9.288479141551815798e-24
3.970272000000000000e+06 5.630689222121548776e-25
5.004197000000000000e+06 1.179072015002109272e-26
6.286264000000000000e+06 3.570012670291542836e-29
7.940544000000000000e+06 1.684769025408307164e-33
1.000839400000000000e+07 9.999999999999999821e-201
