1.211760009765625000e+03 8.979774131859926327e-13
1.526073364257812500e+03 5.004053212909235597e-13
1.923100463867187500e+03 2.754558069118072678e-13
2.423520019531250000e+03 1.482098643122512208e-13
3.056282226562500000e+03 7.802040098223212814e-14
3.850336669921875000e+03 3.997661650118198875e-14
4.838769042968750000e+03 1.985764893905845086e-14
6.120835937500000000e+03 9.476009537460626781e-15
7.692401855468750000e+03 4.314919208968526952e-15
9.718894531250000000e+03 1.868240513448224287e-15
1.224167187500000000e+04 1.074543359677580015e-16
1.542616113281250000e+04 7.569825790003018973e-17
1.943778906250000000e+04 4.979046374590716831e-17
2.448334375000000000e+04 3.009589853908546189e-17
3.085232226562500000e+04 1.657563293030496246e-17
3.891693750000000000e+04 8.223560499434674781e-18
4.921482812500000000e+04 3.568660042631627595e-18
6.162192968750000000e+04 1.355363329749670535e-18
7.775115625000000000e+04 4.004998141172199874e-19
9.801609375000000000e+04 8.946004933306909722e-20
1.236574296875000000e+05 1.413196936220394977e-20
1.559158906250000000e+05 1.532921130188361608e-21
1.964457500000000000e+05 1.131032286205443817e-22
2.473148593750000000e+05 5.940633151008597765e-24
3.118317812500000000e+05 2.416949983909712469e-25
3.928915000000000000e+05 9.275538529068196953e-27
4.962840000000000000e+05 3.859925168103016787e-28
6.244907500000000000e+05 2.048467463832387793e-29
7.857830000000000000e+05 1.122384124872850967e-30
9.925680000000000000e+05 4.228037313851316141e-32
1.248981500000000000e+06 8.433790793143005912e-34
1.571566000000000000e+06 5.674657130435581806e-36
1.981000250000000000e+06 7.594359641834746612e-39
2.497963000000000000e+06 8.292067304516847548e-43
3.147267500000000000e+06 7.702311888491371940e-49
3.970272000000000000e+06 2.939491333850744620e-59
5.004197000000000000e+06 4.230642913554966314e-78
6.286264000000000000e+06 5.411733116197464724e-111
7.940544000000000000e+06 7.551492724410716221e-167
1.000839400000000000e+07 9.999999999999999821e-201
