1.211760009765625000e+03 1.556826305800957943e-08
1.526073364257812500e+03 9.058720836017507447e-09
1.923100463867187500e+03 5.242292849489664074e-09
2.423520019531250000e+03 3.007788422807451004e-09
3.056282226562500000e+03 1.713494856152521771e-09
3.850336669921875000e+03 9.642354610125846807e-10
4.838769042968750000e+03 5.395730179191490419e-10
6.120835937500000000e+03 2.958398323763497978e-10
7.692401855468750000e+03 1.592246952793615852e-10
9.718894531250000000e+03 8.434591748550878794e-11
1.224167187500000000e+04 4.359096564710872740e-11
1.542616113281250000e+04 2.215312640432091776e-11
1.943778906250000000e+04 1.083991217336295145e-11
2.448334375000000000e+04 5.195607396058328099e-12
3.085232226562500000e+04 2.419049851814487106e-12
3.891693750000000000e+04 6.119544361515590536e-13
4.921482812500000000e+04 3.852790035784429334e-13
6.162192968750000000e+04 2.280600285005788789e-13
7.775115625000000000e+04 1.179653780357421772e-13
9.801609375000000000e+04 5.225338980985840745e-14
1.236574296875000000e+05 1.864920483157581998e-14
1.559158906250000000e+05 5.102870486703850353e-15
1.964457500000000000e+05 1.037983221710233057e-15
2.473148593750000000e+05 1.549116318188285565e-16
3.118317812500000000e+05 1.719592675644419082e-17
3.928915000000000000e+05 1.572700817690357517e-18
4.962840000000000000e+05 1.317095142087045012e-19
6.244907500000000000e+05 1.253801460885182404e-20
7.857830000000000000e+05 1.466078571713221334e-21
9.925680000000000000e+05 2.005195371445998162e-22
1.248981500000000000e+06 2.840353055431179826e-23
1.571566000000000000e+06 3.090351678060509310e-24
1.981000250000000000e+06 1.917322175752023915e-25
2.497963000000000000e+06 5.153017048913369406e-27
3.147267500000000000e+06 4.342782583108782021e-29
3.970272000000000000e+06 5.336900814856746374e-32
5.004197000000000000e+06 1.728486677028083961e-36
6.286264000000000000e+06 4.284151347148781588e-44
7.940544000000000000e+06 6.223571888806268757e-58
1.000839400000000000e+07 9.999999999999999821e-201
