1.211760009765625000e+03 1.320188707319212440e-12
1.526073364257812500e+03 8.742258972750520456e-13
1.923100463867187500e+03 5.760243939409302037e-13
2.423520019531250000e+03 3.786201575707930151e-13
3.056282226562500000e+03 2.478888812070795320e-13
3.850336669921875000e+03 1.614898414378800011e-13
4.838769042968750000e+03 1.054194682408510877e-13
6.120835937500000000e+03 6.779662825291347640e-14
7.692401855468750000e+03 4.372796434396259101e-14
9.718894531250000000e+03 2.790857563858746762e-14
1.224167187500000000e+04 1.780476061642469158e-14
1.542616113281250000e+04 1.131840956028623357e-14
1.943778906250000000e+04 7.030887479111801595e-15
2.448334375000000000e+04 4.262915759981779118e-15
3.085232226562500000e+04 2.481936763040166634e-15
3.891693750000000000e+04 1.373237466770723601e-15
4.921482812500000000e+04 7.127661566201194806e-16
6.162192968750000000e+04 3.511400438818436192e-16
7.775115625000000000e+04 1.530179475092199049e-16
9.801609375000000000e+04 5.780531247715587255e-17
1.236574296875000000e+05 1.774264626337421915e-17
1.559158906250000000e+05 4.259088752681954161e-18
1.964457500000000000e+05 7.643330996229899190e-19
2.473148593750000000e+05 1.024442409777247591e-19
3.118317812500000000e+05 1.030434535469383021e-20
3.928915000000000000e+05 8.582801361659006044e-22
4.962840000000000000e+05 6.610515542033837786e-23
6.244907500000000000e+05 5.809576509066093617e-24
7.857830000000000000e+05 6.326827169595746868e-25
9.925680000000000000e+05 8.112622495163199576e-26
1.248981500000000000e+06 1.095363876327173136e-26
1.571566000000000000e+06 1.156848753168704281e-27
1.981000250000000000e+06 7.133820347617892407e-29
2.497963000000000000e+06 1.975323202083458382e-30
3.147267500000000000e+06 1.781866899557992793e-32
3.970272000000000000e+06 2.418770837142677378e-35
5.004197000000000000e+06 8.378254198695082686e-40
6.286264000000000000e+06 2.262031911294556252e-47
7.940544000000000000e+06 3.568096714254510279e-61
1.000839400000000000e+07 9.999999999999999821e-201
