1.211760009765625000e+03 6.463942821685577794e-11
1.526073364257812500e+03 4.292014020558513868e-11
1.923100463867187500e+03 2.856578738344667414e-11
2.423520019531250000e+03 1.918010008746780486e-11
3.056282226562500000e+03 1.288824661255931527e-11
3.850336669921875000e+03 8.701639002116358456e-12
4.838769042968750000e+03 5.863644347350695524e-12
6.120835937500000000e+03 3.920173500083088280e-12
7.692401855468750000e+03 2.647847539342596577e-12
9.718894531250000000e+03 1.753141287145608114e-12
1.224167187500000000e+04 1.159851652916972149e-12
1.542616113281250000e+04 7.621833885932205841e-13
1.943778906250000000e+04 4.935069151592068636e-13
2.448334375000000000e+04 3.122608411731701331e-13
3.085232226562500000e+04 1.908641569166229399e-13
3.891693750000000000e+04 1.114972868347357426e-13
4.921482812500000000e+04 6.134869446529312744e-14
6.162192968750000000e+04 3.235320267267911199e-14
7.775115625000000000e+04 1.533301236134415569e-14
9.801609375000000000e+04 6.413710734609112825e-15
1.236574296875000000e+05 2.253941905914856734e-15
1.559158906250000000e+05 6.359998937705808879e-16
1.964457500000000000e+05 1.394958404200320294e-16
2.473148593750000000e+05 2.327423171243039468e-17
3.118317812500000000e+05 2.940113608497946943e-18
3.928915000000000000e+05 3.034978646090453284e-19
4.962840000000000000e+05 2.814883897676388728e-20
6.244907500000000000e+05 2.861077913834144030e-21
7.857830000000000000e+05 3.450638880435075885e-22
9.925680000000000000e+05 5.036565185496023608e-23
1.248981500000000000e+06 8.425600658225346523e-24
1.571566000000000000e+06 1.238913391908590348e-24
1.981000250000000000e+06 1.256231209779322838e-25
2.497963000000000000e+06 6.943047333924087213e-27
3.147267500000000000e+06 1.648093624487403705e-28
3.970272000000000000e+06 1.060828704268358168e-30
5.004197000000000000e+06 6.392244834531629936e-34
6.286264000000000000e+06 3.728169435256727484e-39
7.940544000000000000e+06 1.339075613034681691e-48
1.000839400000000000e+07 9.999999999999999821e-201
