1.211760009765625000e+03 1.457189422229696847e-12
1.526073364257812500e+03 8.623585774025399885e-13
1.923100463867187500e+03 5.352161262502920788e-13
2.423520019531250000e+03 3.481063619770942098e-13
3.056282226562500000e+03 2.350500148497407754e-13
3.850336669921875000e+03 1.626655997352180794e-13
4.838769042968750000e+03 1.141506259144815701e-13
6.120835937500000000e+03 7.987059575276942537e-14
7.692401855468750000e+03 5.606861594543632555e-14
9.718894531250000000e+03 3.904865554303116388e-14
1.224167187500000000e+04 2.696931648855257201e-14
1.542616113281250000e+04 1.848303733621784067e-14
1.943778906250000000e+04 1.234081907160820517e-14
2.448334375000000000e+04 7.969477504910735591e-15
3.085232226562500000e+04 4.877854072547585497e-15
3.891693750000000000e+04 2.823496687250709337e-15
4.921482812500000000e+04 1.507599904209873270e-15
6.162192968750000000e+04 7.541684892998235887e-16
7.775115625000000000e+04 3.275111139177708132e-16
9.801609375000000000e+04 1.197004381545600948e-16
1.236574296875000000e+05 3.447799383655627656e-17
1.559158906250000000e+05 7.489751858119101744e-18
1.964457500000000000e+05 1.199000292243053896e-18
2.473148593750000000e+05 1.410259155449365332e-19
3.118317812500000000e+05 1.233497006167926835e-20
3.928915000000000000e+05 9.027814517410414297e-22
4.962840000000000000e+05 6.256853139990038988e-23
6.244907500000000000e+05 5.132133219336610786e-24
7.857830000000000000e+05 5.293761062510094951e-25
9.925680000000000000e+05 6.242622114135473306e-26
1.248981500000000000e+06 7.111545632907587168e-27
1.571566000000000000e+06 5.691025343914916392e-28
1.981000250000000000e+06 2.338131077131744322e-29
2.497963000000000000e+06 3.660451860432342682e-31
3.147267500000000000e+06 1.448757843976904353e-33
3.970272000000000000e+06 5.006628098139041078e-37
5.004197000000000000e+06 1.358394656639223949e-42
6.286264000000000000e+06 3.187184532240139508e-52
7.940544000000000000e+06 8.725860348367006821e-70
1.000839400000000000e+07 9.999999999999999821e-201
