1.211760009765625000e+03 8.494044324450027277e-14
1.526073364257812500e+03 5.706202972032862613e-14
1.923100463867187500e+03 3.821851224103992364e-14
2.423520019531250000e+03 2.546967836290366648e-14
3.056282226562500000e+03 1.688800874915439623e-14
3.850336669921875000e+03 1.117031902444929602e-14
4.838769042968750000e+03 7.389199149807645341e-15
6.120835937500000000e+03 4.826133405753437470e-15
7.692401855468750000e+03 3.146788144095368965e-15
9.718894531250000000e+03 2.028029061572232633e-15
1.224167187500000000e+04 1.290385567905288590e-15
1.542616113281250000e+04 7.930670794787877867e-16
1.943778906250000000e+04 4.611282115843495118e-16
2.448334375000000000e+04 2.496409499084912735e-16
3.085232226562500000e+04 1.243719092649064378e-16
3.891693750000000000e+04 5.663725901146351696e-17
4.921482812500000000e+04 2.286787388160435823e-17
6.162192968750000000e+04 8.188550512438171721e-18
7.775115625000000000e+04 2.343268145875802206e-18
9.801609375000000000e+04 5.153513852559277805e-19
1.236574296875000000e+05 8.116820896062600939e-20
1.559158906250000000e+05 8.978233490842995691e-21
1.964457500000000000e+05 6.811186505191212775e-22
2.473148593750000000e+05 3.690263000753124134e-23
3.118317812500000000e+05 1.542498176426112651e-24
3.928915000000000000e+05 6.011563946975436289e-26
4.962840000000000000e+05 2.515037476839115218e-27
6.244907500000000000e+05 1.365904878905492764e-28
7.857830000000000000e+05 8.128453610268426944e-30
9.925680000000000000e+05 3.669359096897461256e-31
1.248981500000000000e+06 9.632667038633811922e-33
1.571566000000000000e+06 9.675262903983538111e-35
1.981000250000000000e+06 2.303980829588339363e-37
2.497963000000000000e+06 6.285566352964643865e-41
3.147267500000000000e+06 3.280515329039843294e-46
3.970272000000000000e+06 4.010451072512811471e-55
5.004197000000000000e+06 3.952193891862931850e-71
6.286264000000000000e+06 2.904497760880497376e-99
7.940544000000000000e+06 9.887197467216614853e-148
1.000839400000000000e+07 9.999999999999999821e-201
