1.211760009765625000e+03 5.754030026240341459e-12
1.526073364257812500e+03 3.757984626295472227e-12
1.923100463867187500e+03 2.440629957383093699e-12
2.423520019531250000e+03 1.581528751349900712e-12
3.056282226562500000e+03 1.021431025811751762e-12
3.850336669921875000e+03 6.568221270356492168e-13
4.838769042968750000e+03 4.179928483589770607e-13
6.120835937500000000e+03 2.604985183880079661e-13
7.692401855468750000e+03 1.586872615788235065e-13
9.718894531250000000e+03 9.022732514107912037e-14
1.224167187500000000e+04 4.711146347246721998e-14
1.542616113281250000e+04 2.214741305067799059e-14
1.943778906250000000e+04 9.303607956937055940e-15
2.448334375000000000e+04 3.517264339265852014e-15
3.085232226562500000e+04 1.173591773215642861e-15
3.891693750000000000e+04 3.356484101803112993e-16
4.921482812500000000e+04 7.925459166355089297e-17
6.162192968750000000e+04 1.566708484669995927e-17
7.775115625000000000e+04 2.247274985742724121e-18
9.801609375000000000e+04 2.332669908173531030e-19
1.236574296875000000e+05 1.662149283486620701e-20
1.559158906250000000e+05 8.173759961732029511e-22
1.964457500000000000e+05 2.910831676814960632e-23
2.473148593750000000e+05 8.317988656935610372e-25
3.118317812500000000e+05 2.071999767842020333e-26
3.928915000000000000e+05 5.053281308629080010e-28
4.962840000000000000e+05 1.028652318649765055e-29
6.244907500000000000e+05 1.479068322577149009e-31
7.857830000000000000e+05 1.029783427778479053e-33
9.925680000000000000e+05 2.071188047235977200e-36
1.248981500000000000e+06 8.359877404302465571e-40
1.571566000000000000e+06 2.359357322964860117e-44
1.981000250000000000e+06 4.230907557441329153e-51
2.497963000000000000e+06 2.787528536719829219e-62
3.147267500000000000e+06 4.839958807827162507e-82
3.970272000000000000e+06 3.158360997730247480e-117
5.004197000000000000e+06 3.269201553103485363e-176
6.286264000000000000e+06 9.999999999999999821e-201
7.940544000000000000e+06 9.999999999999999821e-201
1.000839400000000000e+07 9.999999999999999821e-201
