1.211760009765625000e+03 1.092269336149952152e-12
1.526073364257812500e+03 5.824876170757982679e-13
1.923100463867187500e+03 3.044901683166046094e-13
2.423520019531250000e+03 1.537943313320572560e-13
3.056282226562500000e+03 7.500363088086294931e-14
3.850336669921875000e+03 3.503051344190129274e-14
4.838769042968750000e+03 1.563602877194691858e-14
6.120835937500000000e+03 6.512462959700198522e-15
7.692401855468750000e+03 2.503650530709976659e-15
9.718894531250000000e+03 8.824575870313448225e-16
1.224167187500000000e+04 1.298416497937644247e-16
1.542616113281250000e+04 7.646130696067400477e-17
1.943778906250000000e+04 4.023953134748850272e-17
2.448334375000000000e+04 1.904605590827753306e-17
3.085232226562500000e+04 7.884129348269189773e-18
3.891693750000000000e+04 2.793315628346213796e-18
4.921482812500000000e+04 8.134023881259170158e-19
6.162192968750000000e+04 1.962929423948486684e-19
7.775115625000000000e+04 3.426230016724676097e-20
9.801609375000000000e+04 4.291729440910644106e-21
1.236574296875000000e+05 3.664074939840672834e-22
1.559158906250000000e+05 2.142933323300532352e-23
1.964457500000000000e+05 8.984965124862505434e-25
2.473148593750000000e+05 2.963283459033311700e-26
3.118317812500000000e+05 8.445865720346520063e-28
3.928915000000000000e+05 2.314429365763186759e-29
4.962840000000000000e+05 5.189933658523315063e-31
6.244907500000000000e+05 8.010067741916549909e-33
7.857830000000000000e+05 5.961904055559616344e-35
9.925680000000000000e+05 1.269110323061260662e-37
1.248981500000000000e+06 5.428194369368999379e-41
1.571566000000000000e+06 1.612983708296168701e-45
1.981000250000000000e+06 3.004228319310688704e-52
2.497963000000000000e+06 2.052586926285222127e-63
3.147267500000000000e+06 3.652317200629466785e-83
3.970272000000000000e+06 2.421410098259856295e-118
5.004197000000000000e+06 2.523891354468493867e-177
6.286264000000000000e+06 9.999999999999999821e-201
7.940544000000000000e+06 9.999999999999999821e-201
1.000839400000000000e+07 9.999999999999999821e-201
