1.211760009765625000e+03 1.407370980444066146e-11
1.526073364257812500e+03 9.246620067332281369e-12
1.923100463867187500e+03 6.066260312080809889e-12
2.423520019531250000e+03 3.972501351815891522e-12
3.056282226562500000e+03 2.580717036229691948e-12
3.850336669921875000e+03 1.673332561733677913e-12
4.838769042968750000e+03 1.077492675769807494e-12
6.120835937500000000e+03 6.801905757909095519e-13
7.692401855468750000e+03 4.178887282876210350e-13
9.718894531250000000e+03 2.391090168453195196e-13
1.224167187500000000e+04 1.263324160155545923e-13
1.542616113281250000e+04 6.011440685184025070e-14
1.943778906250000000e+04 2.539942049593246393e-14
2.448334375000000000e+04 9.606441337678669219e-15
3.085232226562500000e+04 3.207817513456090526e-15
3.891693750000000000e+04 9.213436225754851506e-16
4.921482812500000000e+04 2.169073035002445180e-16
6.162192968750000000e+04 4.289364296776323005e-17
7.775115625000000000e+04 6.154076114803153665e-18
9.801609375000000000e+04 6.370535888851737028e-19
1.236574296875000000e+05 4.541065307647149397e-20
1.559158906250000000e+05 2.228650656232553788e-21
1.964457500000000000e+05 7.930531201118311200e-23
2.473148593750000000e+05 2.252788594586727962e-24
3.118317812500000000e+05 5.604266038734606646e-26
3.928915000000000000e+05 1.359478567282101154e-27
4.962840000000000000e+05 2.762986264249822269e-29
6.244907500000000000e+05 3.949149677410019601e-31
7.857830000000000000e+05 2.735249315187047594e-33
9.925680000000000000e+05 5.482556595624646394e-36
1.248981500000000000e+06 2.198762276200100552e-39
1.571566000000000000e+06 6.170626844677326995e-44
1.981000250000000000e+06 1.096060615551914766e-50
2.497963000000000000e+06 7.191928616395790761e-62
3.147267500000000000e+06 1.237445932660823039e-81
3.970272000000000000e+06 8.024576460899814491e-117
5.004197000000000000e+06 8.384739734643653912e-176
6.286264000000000000e+06 9.999999999999999821e-201
7.940544000000000000e+06 9.999999999999999821e-201
1.000839400000000000e+07 9.999999999999999821e-201
