1.211760009765625000e+03 6.463942821685577794e-12
1.526073364257812500e+03 4.608475883825500764e-12
1.923100463867187500e+03 3.296052390397692891e-12
2.423520019531250000e+03 2.366344072218997093e-12
3.056282226562500000e+03 1.688503221144798102e-12
3.850336669921875000e+03 1.202279411371867480e-12
4.838769042968750000e+03 8.490453574347300859e-13
6.120835937500000000e+03 5.893811810363928592e-13
7.692401855468750000e+03 4.041253134818285366e-13
9.718894531250000000e+03 2.648029778827039303e-13
1.224167187500000000e+04 1.636652060377569687e-13
1.542616113281250000e+04 9.279689958569380802e-14
1.943778906250000000e+04 4.730669458019658525e-14
2.448334375000000000e+04 2.154263618067187996e-14
3.085232226562500000e+04 8.761844903499986023e-15
3.891693750000000000e+04 3.096850993476222905e-15
4.921482812500000000e+04 9.087617828477321292e-16
6.162192968750000000e+04 2.242680285154359605e-16
7.775115625000000000e+04 4.038392184773523418e-17
9.801609375000000000e+04 5.228297903982474076e-18
1.236574296875000000e+05 4.589418727456233025e-19
1.559158906250000000e+05 2.716234490586996427e-20
1.964457500000000000e+05 1.114139492351724226e-21
2.473148593750000000e+05 3.524766199049267315e-23
3.118317812500000000e+05 9.514306884369522287e-25
3.928915000000000000e+05 2.633437416488580265e-26
4.962840000000000000e+05 7.472732396192201687e-28
6.244907500000000000e+05 1.907723252973001633e-29
7.857830000000000000e+05 2.963370571941736682e-31
9.925680000000000000e+05 1.769323246533358330e-33
1.248981500000000000e+06 2.946458562888815198e-36
1.571566000000000000e+06 7.288900724287455886e-40
1.981000250000000000e+06 6.859783274395774303e-45
2.497963000000000000e+06 1.099046631759631175e-52
3.147267500000000000e+06 4.061594850970864550e-66
3.970272000000000000e+06 1.640081319007909760e-90
5.004197000000000000e+06 2.866077308514656015e-133
6.286264000000000000e+06 9.999999999999999821e-201
7.940544000000000000e+06 9.999999999999999821e-201
1.000839400000000000e+07 9.999999999999999821e-201
