1.211760009765625000e+03 2.702650466870463156e-12
1.526073364257812500e+03 1.532862150199469296e-12
1.923100463867187500e+03 8.554040727460680352e-13
2.423520019531250000e+03 4.689160833072485139e-13
3.056282226562500000e+03 2.518393016247222341e-13
3.850336669921875000e+03 1.324844136358256396e-13
4.838769042968750000e+03 6.799365627489020123e-14
6.120835937500000000e+03 3.353295111489910125e-14
7.692401855468750000e+03 1.598879838793314034e-14
9.718894531250000000e+03 7.203452278175568566e-15
1.224167187500000000e+04 3.092248680430571669e-15
1.542616113281250000e+04 1.240262547026271767e-15
1.943778906250000000e+04 5.740695457245240091e-17
2.448334375000000000e+04 4.257506367774429273e-17
3.085232226562500000e+04 3.095540590458537948e-17
3.891693750000000000e+04 2.186601766208941700e-17
4.921482812500000000e+04 1.489535188447052891e-17
6.162192968750000000e+04 9.856045230027613861e-18
7.775115625000000000e+04 6.143048583774468754e-18
9.801609375000000000e+04 3.568730601824070875e-18
1.236574296875000000e+05 1.868294139305079131e-18
1.559158906250000000e+05 8.499999293446596989e-19
1.964457500000000000e+05 3.251052251865915451e-19
2.473148593750000000e+05 1.024322537662325553e-19
3.118317812500000000e+05 2.595560229328611437e-20
3.928915000000000000e+05 5.434434750656437915e-21
4.962840000000000000e+05 9.820368228789200004e-22
6.244907500000000000e+05 1.743219247688889364e-22
7.857830000000000000e+05 3.329322789910310502e-23
9.925680000000000000e+05 7.241263778005520165e-24
1.248981500000000000e+06 1.896650001822025246e-24
1.571566000000000000e+06 5.284100913082126475e-25
1.981000250000000000e+06 1.332182653445565597e-25
2.497963000000000000e+06 2.581016633464014634e-26
3.147267500000000000e+06 3.273005540023593409e-27
3.970272000000000000e+06 2.264647228348618154e-28
5.004197000000000000e+06 6.336310186965629519e-30
6.286264000000000000e+06 3.417078885862097892e-32
7.940544000000000000e+06 5.217331192114361846e-36
1.000839400000000000e+07 9.999999999999999821e-201
