1.211760009765625000e+03 5.392846323294518151e-15
1.526073364257812500e+03 3.243734098486618086e-15
1.923100463867187500e+03 1.914849483945326534e-15
2.423520019531250000e+03 1.108460329730282155e-15
3.056282226562500000e+03 6.221912157787255583e-16
3.850336669921875000e+03 3.441459028764937567e-16
4.838769042968750000e+03 1.833957334386946669e-16
6.120835937500000000e+03 9.394157628512173052e-17
7.692401855468750000e+03 4.610267019833482915e-17
9.718894531250000000e+03 2.126881383857872533e-17
1.224167187500000000e+04 9.252106609575138002e-18
1.542616113281250000e+04 3.671958406943922695e-18
1.943778906250000000e+04 3.639121884740927078e-22
2.448334375000000000e+04 2.712639771467708488e-22
3.085232226562500000e+04 1.983228604590408708e-22
3.891693750000000000e+04 1.409544940200805376e-22
4.921482812500000000e+04 9.635011399143999741e-23
6.162192968750000000e+04 6.407409125683956497e-23
7.775115625000000000e+04 4.009290557994397846e-23
9.801609375000000000e+04 2.334766538009280481e-23
1.236574296875000000e+05 1.224418757962650849e-23
1.559158906250000000e+05 5.602272261589802721e-24
1.964457500000000000e+05 2.146921298402019525e-24
2.473148593750000000e+05 6.753276907596749677e-25
3.118317812500000000e+05 1.721266257344236895e-25
3.928915000000000000e+05 3.599880344383883426e-26
4.962840000000000000e+05 6.529010439609070321e-27
6.244907500000000000e+05 1.162146165125926047e-27
7.857830000000000000e+05 2.215422971724705022e-28
9.925680000000000000e+05 4.819894817536797129e-29
1.248981500000000000e+06 1.265707964925584729e-29
1.571566000000000000e+06 3.536387949582095372e-30
1.981000250000000000e+06 8.940229102857284162e-31
2.497963000000000000e+06 1.739139963321245702e-31
3.147267500000000000e+06 2.212478605267345023e-32
3.970272000000000000e+06 1.543927380494605580e-33
5.004197000000000000e+06 4.326794670527957398e-35
6.286264000000000000e+06 2.364342461429835499e-37
7.940544000000000000e+06 3.644266511074856403e-41
1.000839400000000000e+07 9.999999999999999821e-201
