1.211760009765625000e+03 7.522584709630228672e-13
1.526073364257812500e+03 5.043610945817607101e-13
1.923100463867187500e+03 3.366682084477643037e-13
2.423520019531250000e+03 2.241829880353379668e-13
3.056282226562500000e+03 1.486345682138066542e-13
3.850336669921875000e+03 9.838255289590370157e-14
4.838769042968750000e+03 6.517991943909243919e-14
6.120835937500000000e+03 4.263543210307633732e-14
7.692401855468750000e+03 2.820925247741603182e-14
9.718894531250000000e+03 1.840364373986306905e-14
1.224167187500000000e+04 1.189539177956818374e-14
1.542616113281250000e+04 7.584393140677515155e-15
1.943778906250000000e+04 4.683133312683761036e-15
2.448334375000000000e+04 2.757826669184914494e-15
3.085232226562500000e+04 1.523002676690483766e-15
3.891693750000000000e+04 7.827273923215185207e-16
4.921482812500000000e+04 3.684116720602128552e-16
6.162192968750000000e+04 1.594394498787728938e-16
7.775115625000000000e+04 5.786965751151568467e-17
9.801609375000000000e+04 1.709683127855688529e-17
1.236574296875000000e+05 3.841188933290898144e-18
1.559158906250000000e+05 6.280124164357027810e-19
1.964457500000000000e+05 7.305308076262653597e-20
2.473148593750000000e+05 6.095902596481664000e-21
3.118317812500000000e+05 3.782294518372404575e-22
3.928915000000000000e+05 2.046273266963987907e-23
4.962840000000000000e+05 1.100310829309799213e-24
6.244907500000000000e+05 7.470770531458893622e-26
7.857830000000000000e+05 6.364628630075374792e-27
9.925680000000000000e+05 5.522674127437354406e-28
1.248981500000000000e+06 3.866913097421253556e-29
1.571566000000000000e+06 1.528097927425172476e-30
1.981000250000000000e+06 2.347316744318640294e-32
2.497963000000000000e+06 9.579546172097746916e-35
3.147267500000000000e+06 4.978819729030775169e-38
3.970272000000000000e+06 4.382951099916765507e-43
5.004197000000000000e+06 1.006341517928361298e-51
6.286264000000000000e+06 5.230111966901678686e-67
7.940544000000000000e+06 1.646101011118880137e-94
1.000839400000000000e+07 9.999999999999999821e-201
