1.211760009765625000e+03 6.040486066507716464e-14
1.526073364257812500e+03 2.808599036494511282e-14
1.923100463867187500e+03 1.279182237225771047e-14
2.423520019531250000e+03 5.834932147381863684e-15
3.056282226562500000e+03 2.809335850384078200e-15
3.850336669921875000e+03 1.492279380221637745e-15
4.838769042968750000e+03 8.960269118731824165e-16
6.120835937500000000e+03 5.655094598849640543e-16
7.692401855468750000e+03 3.939059369095698245e-16
9.718894531250000000e+03 2.627702052987289446e-16
1.224167187500000000e+04 1.667468533016370228e-16
1.542616113281250000e+04 9.654982163134080341e-17
1.943778906250000000e+04 5.093824000191490860e-17
2.448334375000000000e+04 2.402115354156536776e-17
3.085232226562500000e+04 1.022800752474519379e-17
3.891693750000000000e+04 3.789006164020893664e-18
4.921482812500000000e+04 1.173090530052146871e-18
6.162192968750000000e+04 3.069065784519868129e-19
7.775115625000000000e+04 5.890221022247449148e-20
9.801609375000000000e+04 8.170219133418907053e-21
1.236574296875000000e+05 7.738659242217141068e-22
1.559158906250000000e+05 4.959970428747445745e-23
1.964457500000000000e+05 2.214245236752626109e-24
2.473148593750000000e+05 7.619217071034094934e-26
3.118317812500000000e+05 2.240440387009413625e-27
3.928915000000000000e+05 6.779442628470460535e-29
4.962840000000000000e+05 2.167559470978875805e-30
6.244907500000000000e+05 6.612771328238237389e-32
7.857830000000000000e+05 1.291853412678689621e-33
9.925680000000000000e+05 1.031274531838863766e-35
1.248981500000000000e+06 2.473319989297300910e-38
1.571566000000000000e+06 9.494379794593294730e-42
1.981000250000000000e+06 1.708439162778382642e-46
2.497963000000000000e+06 8.585625199624233716e-54
3.147267500000000000e+06 2.635911467134183281e-66
3.970272000000000000e+06 4.448897713085701042e-89
5.004197000000000000e+06 2.958550337651154856e-129
6.286264000000000000e+06 1.535500324745599667e-194
7.940544000000000000e+06 9.999999999999999821e-201
1.000839400000000000e+07 9.999999999999999821e-201
