1.211760009765625000e+03 2.764923519102501306e-18
1.526073364257812500e+03 1.453746684382722385e-18
1.923100463867187500e+03 7.329792696741536028e-19
2.423520019531250000e+03 3.462381704101330699e-19
3.056282226562500000e+03 1.530787320298756433e-19
3.850336669921875000e+03 6.153679223625388886e-20
4.838769042968750000e+03 2.245159702253592178e-20
6.120835937500000000e+03 7.144038626915799110e-21
7.692401855468750000e+03 8.003602947666779989e-25
9.718894531250000000e+03 5.566249412142639524e-25
1.224167187500000000e+04 3.828334836895231346e-25
1.542616113281250000e+04 2.559998184396319076e-25
1.943778906250000000e+04 1.635704807704795769e-25
2.448334375000000000e+04 9.782544199582169194e-26
3.085232226562500000e+04 5.433526597716631095e-26
3.891693750000000000e+04 2.767075693426644352e-26
4.921482812500000000e+04 1.265847603160566705e-26
6.162192968750000000e+04 5.229476687323512401e-27
7.775115625000000000e+04 1.747786378149685368e-27
9.801609375000000000e+04 4.569521773914029095e-28
1.236574296875000000e+05 8.742226369564400257e-29
1.559158906250000000e+05 1.183863456590496483e-29
1.964457500000000000e+05 1.120477314788345419e-30
2.473148593750000000e+05 7.584965946257557448e-32
3.118317812500000000e+05 3.904706585843279624e-33
3.928915000000000000e+05 1.833093853962410166e-34
4.962840000000000000e+05 8.982240609023778519e-36
6.244907500000000000e+05 5.732118622767753327e-37
7.857830000000000000e+05 4.384776606167364631e-38
9.925680000000000000e+05 2.912708982981752589e-39
1.248981500000000000e+06 1.304977046947402887e-40
1.571566000000000000e+06 2.663778780913085836e-42
1.981000250000000000e+06 1.614634026587963393e-44
2.497963000000000000e+06 1.710036170881495559e-47
3.147267500000000000e+06 9.102547218691142753e-52
3.970272000000000000e+06 9.627097506173007067e-59
5.004197000000000000e+06 4.081630374549148945e-71
6.286264000000000000e+06 4.704021013486312097e-93
7.940544000000000000e+06 1.114989873476477075e-131
1.000839400000000000e+07 9.999999999999999821e-201
