1.211760009765625000e+03 1.507007864015327328e-14
1.526073364257812500e+03 9.988327559364282223e-15
1.923100463867187500e+03 6.623495755942031288e-15
2.423520019531250000e+03 4.359113656242683196e-15
3.056282226562500000e+03 2.854177648815100347e-15
3.850336669921875000e+03 1.861781930714687962e-15
4.838769042968750000e+03 1.216128172054029356e-15
6.120835937500000000e+03 7.858442489607379686e-16
7.692401855468750000e+03 5.107433665870486884e-16
9.718894531250000000e+03 3.268822369457727943e-16
1.224167187500000000e+04 2.089280526128943086e-16
1.542616113281250000e+04 1.293861898250847018e-16
1.943778906250000000e+04 7.669487272640743591e-17
2.448334375000000000e+04 4.275159941067400339e-17
3.085232226562500000e+04 2.212872005438784970e-17
3.891693750000000000e+04 1.052573891225037042e-17
4.921482812500000000e+04 4.518102214357714234e-18
6.162192968750000000e+04 1.744743585679753314e-18
7.775115625000000000e+04 5.497375809798360249e-19
9.801609375000000000e+04 1.361896685558690956e-19
1.236574296875000000e+05 2.477892187551692583e-20
1.559158906250000000e+05 3.190881972841572292e-21
1.964457500000000000e+05 2.875085675835802715e-22
2.473148593750000000e+05 1.836948979904854455e-23
3.118317812500000000e+05 8.902731015722676922e-25
3.928915000000000000e+05 3.912792262269539441e-26
4.962840000000000000e+05 1.786467854461395959e-27
6.244907500000000000e+05 1.059453648897764039e-28
7.857830000000000000e+05 7.457867902797483355e-30
9.925680000000000000e+05 4.519187157442464214e-31
1.248981500000000000e+06 1.851890504288754641e-32
1.571566000000000000e+06 3.428013820876541104e-34
1.981000250000000000e+06 1.879823398938169365e-36
2.497963000000000000e+06 1.790403406066526718e-39
3.147267500000000000e+06 8.563580607058114992e-44
3.970272000000000000e+06 8.102807067695613064e-51
5.004197000000000000e+06 3.066621762888778744e-63
6.286264000000000000e+06 3.141275777462336027e-85
7.940544000000000000e+06 6.575581305117686582e-124
1.000839400000000000e+07 9.999999999999999821e-201
