1.211760009765625000e+03 6.052940676954125192e-15
1.526073364257812500e+03 2.986608834582190907e-15
1.923100463867187500e+03 1.420441625385672289e-15
2.423520019531250000e+03 6.351851327667908470e-16
3.056282226562500000e+03 2.671470775102022354e-16
3.850336669921875000e+03 1.030839258479922044e-16
4.838769042968750000e+03 3.648384516162087426e-17
6.120835937500000000e+03 1.138119257115551304e-17
7.692401855468750000e+03 3.287543509066061550e-19
9.718894531250000000e+03 2.282008069244073937e-19
1.224167187500000000e+04 1.569979586108454557e-19
1.542616113281250000e+04 1.053573260004261304e-19
1.943778906250000000e+04 6.698923839023375029e-20
2.448334375000000000e+04 4.016486897328449121e-20
3.085232226562500000e+04 2.231084943755153467e-20
3.891693750000000000e+04 1.137575562853176053e-20
4.921482812500000000e+04 5.199712462213404672e-21
6.162192968750000000e+04 2.144085441802639963e-21
7.775115625000000000e+04 7.146588552737868877e-22
9.801609375000000000e+04 1.869621327104694599e-22
1.236574296875000000e+05 3.577630855060590291e-23
1.559158906250000000e+05 4.855689958671958777e-24
1.964457500000000000e+05 4.594763089419833845e-25
2.473148593750000000e+05 3.110059783273748120e-26
3.118317812500000000e+05 1.604479433455601876e-27
3.928915000000000000e+05 7.504998603890942903e-29
4.962840000000000000e+05 3.682718649699749089e-30
6.244907500000000000e+05 2.352145227963319565e-31
7.857830000000000000e+05 1.795135037909545207e-32
9.925680000000000000e+05 1.191703462750238676e-33
1.248981500000000000e+06 5.330675470289126329e-35
1.571566000000000000e+06 1.086715721566532562e-36
1.981000250000000000e+06 6.579381896283592787e-39
2.497963000000000000e+06 6.965160382702699411e-42
3.147267500000000000e+06 3.682938512825693291e-46
3.970272000000000000e+06 3.898974490000068507e-53
5.004197000000000000e+06 1.647769299355027004e-65
6.286264000000000000e+06 1.884765466477401497e-87
7.940544000000000000e+06 4.431370009970613639e-126
1.000839400000000000e+07 9.999999999999999821e-201
