1.211760009765625000e+03 2.789832739995316942e-16
1.526073364257812500e+03 1.404299518247255789e-16
1.923100463867187500e+03 6.670582218661999223e-17
2.423520019531250000e+03 3.014010565720095790e-17
3.056282226562500000e+03 1.264050292615799237e-17
3.850336669921875000e+03 4.897415862760284938e-18
4.838769042968750000e+03 1.712638912770716507e-18
6.120835937500000000e+03 5.202184701716922306e-19
7.692401855468750000e+03 4.955250114758726949e-21
9.718894531250000000e+03 3.383657405808604410e-21
1.224167187500000000e+04 2.210043178464089623e-21
1.542616113281250000e+04 1.347072216439832909e-21
1.943778906250000000e+04 7.436769946310097634e-22
2.448334375000000000e+04 3.735303672003517619e-22
3.085232226562500000e+04 1.674039295998773980e-22
3.891693750000000000e+04 6.660456562699179561e-23
4.921482812500000000e+04 2.234743534853973958e-23
6.162192968750000000e+04 6.393658243463811173e-24
7.775115625000000000e+04 1.359877285302532625e-24
9.801609375000000000e+04 2.109084000241450810e-25
1.236574296875000000e+05 2.244776547949003691e-26
1.559158906250000000e+05 1.607683064953669992e-27
1.964457500000000000e+05 7.897256692426255614e-29
2.473148593750000000e+05 2.921565813293096042e-30
3.118317812500000000e+05 9.001920717365364241e-32
3.928915000000000000e+05 2.855500262229253412e-33
4.962840000000000000e+05 1.001249921870333862e-34
6.244907500000000000e+05 3.754782020631183203e-36
7.857830000000000000e+05 1.031911793858754196e-37
9.925680000000000000e+05 1.341628741762123412e-39
1.248981500000000000e+06 6.159585196113988248e-42
1.571566000000000000e+06 5.704296445719093755e-45
1.981000250000000000e+06 4.270261997096339427e-49
2.497963000000000000e+06 3.123857430606291212e-55
3.147267500000000000e+06 1.775864988845220978e-65
3.970272000000000000e+06 4.635376424346580299e-84
5.004197000000000000e+06 2.419890062027115373e-117
6.286264000000000000e+06 1.042122537073757018e-172
7.940544000000000000e+06 9.999999999999999821e-201
1.000839400000000000e+07 9.999999999999999821e-201
