1.211760009765625000e+03 1.282824875979989475e-12
1.526073364257812500e+03 8.732369539523426571e-13
1.923100463867187500e+03 5.932894302715847446e-13
2.423520019531250000e+03 4.022832283998309341e-13
3.056282226562500000e+03 2.710795354086225841e-13
3.850336669921875000e+03 1.825756633637034445e-13
4.838769042968750000e+03 1.223758350397984274e-13
6.120835937500000000e+03 8.097740337578225395e-14
7.692401855468750000e+03 5.342379029974251920e-14
9.718894531250000000e+03 3.428375345092418326e-14
1.224167187500000000e+04 2.099541019540884696e-14
1.542616113281250000e+04 1.193995828208033859e-14
1.943778906250000000e+04 6.173005118832565327e-15
2.448334375000000000e+04 2.864668981536532080e-15
3.085232226562500000e+04 1.202665073178066551e-15
3.891693750000000000e+04 4.428930644663697402e-16
4.921482812500000000e+04 1.376472467120201349e-16
6.162192968750000000e+04 3.660071218281291572e-17
7.775115625000000000e+04 7.243332619309023643e-18
9.801609375000000000e+04 1.047964815088787526e-18
1.236574296875000000e+05 1.045277629197627633e-19
1.559158906250000000e+05 7.100177573927881290e-21
1.964457500000000000e+05 3.277517599623545047e-22
2.473148593750000000e+05 1.139699931126217826e-23
3.118317812500000000e+05 3.280074861390004385e-25
3.928915000000000000e+05 9.600776472219615996e-27
4.962840000000000000e+05 3.063229958989438578e-28
6.244907500000000000e+05 1.054554648111780535e-29
7.857830000000000000e+05 2.625183603576670345e-31
9.925680000000000000e+05 3.087658815053359867e-33
1.248981500000000000e+06 1.272018505343331129e-35
1.571566000000000000e+06 1.056916465193437502e-38
1.981000250000000000e+06 7.037685008090105072e-43
2.497963000000000000e+06 4.651076618902701305e-49
3.147267500000000000e+06 2.350785308974968898e-59
3.970272000000000000e+06 5.458480649230552413e-78
5.004197000000000000e+06 2.514095027945445181e-111
6.286264000000000000e+06 9.606807439053136610e-167
7.940544000000000000e+06 9.999999999999999821e-201
1.000839400000000000e+07 9.999999999999999821e-201
