1.211760009765625000e+03 5.604574700883448791e-13
1.526073364257812500e+03 3.738205759841286374e-13
1.923100463867187500e+03 2.487734780371592125e-13
2.423520019531250000e+03 1.650235884149015550e-13
3.056282226562500000e+03 1.091303640373796331e-13
3.850336669921875000e+03 7.172972690933753462e-14
4.838769042968750000e+03 4.740825232535160315e-14
6.120835937500000000e+03 3.081929094407406242e-14
7.692401855468750000e+03 2.000667744629360486e-14
9.718894531250000000e+03 1.295588131375479407e-14
1.224167187500000000e+04 8.365771149363962797e-15
1.542616113281250000e+04 5.379930228702978363e-15
1.943778906250000000e+04 3.423920522493283771e-15
2.448334375000000000e+04 2.142685434568894367e-15
3.085232226562500000e+04 1.300478688641025593e-15
3.891693750000000000e+04 7.583015519387755906e-16
4.921482812500000000e+04 4.205875960834187923e-16
6.162192968750000000e+04 2.244523977851398789e-16
7.775115625000000000e+04 1.090972360650482130e-16
9.801609375000000000e+04 4.747615449392399761e-17
1.236574296875000000e+05 1.751797027501355576e-17
1.559158906250000000e+05 5.238852616081942224e-18
1.964457500000000000e+05 1.229793905086926223e-18
2.473148593750000000e+05 2.220782857937193750e-19
3.118317812500000000e+05 3.058885969031615415e-20
3.928915000000000000e+05 3.452182846590659481e-21
4.962840000000000000e+05 3.470915393896342752e-22
6.244907500000000000e+05 3.774652524127459794e-23
7.857830000000000000e+05 4.833964943322916718e-24
9.925680000000000000e+05 7.509439505351678863e-25
1.248981500000000000e+06 1.344468074786862439e-25
1.571566000000000000e+06 2.187421486060600025e-26
1.981000250000000000e+06 2.522238534639282589e-27
2.497963000000000000e+06 1.646413476896955303e-28
3.147267500000000000e+06 4.887906839876887935e-30
3.970272000000000000e+06 4.265599377936599272e-32
5.004197000000000000e+06 4.306677418688314690e-35
6.286264000000000000e+06 6.377474260296259879e-40
7.940544000000000000e+06 1.303987704289575401e-48
1.000839400000000000e+07 9.999999999999999821e-201
