1.211760009765625000e+03 3.437472483208516013e-12
1.526073364257812500e+03 2.254790775777283579e-12
1.923100463867187500e+03 1.467528088105639203e-12
2.423520019531250000e+03 9.527776991501862137e-13
3.056282226562500000e+03 6.172531902566721286e-13
3.850336669921875000e+03 3.998049693106000653e-13
4.838769042968750000e+03 2.560640441570036416e-13
6.120835937500000000e+03 1.629612539533999878e-13
7.692401855468750000e+03 1.039331384422243117e-13
9.718894531250000000e+03 6.574955333039015230e-14
1.224167187500000000e+04 4.151919739811755260e-14
1.542616113281250000e+04 2.595508097623234305e-14
1.943778906250000000e+04 1.600652972573434928e-14
2.448334375000000000e+04 9.618929692911680421e-15
3.085232226562500000e+04 5.559894558430565641e-15
3.891693750000000000e+04 3.047118328139438823e-15
4.921482812500000000e+04 1.570445011629373484e-15
6.162192968750000000e+04 7.695146160448007241e-16
7.775115625000000000e+04 3.358617871165823140e-16
9.801609375000000000e+04 1.272016697176386984e-16
1.236574296875000000e+05 3.953633655220204108e-17
1.559158906250000000e+05 9.607834761358568016e-18
1.964457500000000000e+05 1.773708511386191564e-18
2.473148593750000000e+05 2.431040722844454468e-19
3.118317812500000000e+05 2.536749529647151186e-20
3.928915000000000000e+05 2.191694934356643126e-21
4.962840000000000000e+05 1.733518206735541995e-22
6.244907500000000000e+05 1.556246610023402853e-23
7.857830000000000000e+05 1.716530447894349121e-24
9.925680000000000000e+05 2.269109695194680644e-25
1.248981500000000000e+06 3.177077733406186252e-26
1.571566000000000000e+06 3.599244494202978229e-27
1.981000250000000000e+06 2.476083456497763121e-28
2.497963000000000000e+06 7.977479542348934827e-30
3.147267500000000000e+06 8.947852505754190061e-32
3.970272000000000000e+06 1.718122962465463422e-34
5.004197000000000000e+06 1.133323017788837301e-38
6.286264000000000000e+06 1.024475625129835451e-45
7.940544000000000000e+06 1.529231367875204869e-58
1.000839400000000000e+07 9.999999999999999821e-201
