1.211760009765625000e+03 7.360674773826929730e-10
1.526073364257812500e+03 4.737038515777714502e-10
1.923100463867187500e+03 3.068467820584518868e-10
2.423520019531250000e+03 2.005192281871633813e-10
3.056282226562500000e+03 1.318452814388251815e-10
3.850336669921875000e+03 8.701637567348356102e-11
4.838769042968750000e+03 5.801207334129436180e-11
6.120835937500000000e+03 3.870637953204810655e-11
7.692401855468750000e+03 2.588523447995020756e-11
9.718894531250000000e+03 1.736780654010306116e-11
1.224167187500000000e+04 1.148534010865086373e-11
1.542616113281250000e+04 7.709046439209309885e-12
1.943778906250000000e+04 5.073767913062963559e-12
2.448334375000000000e+04 3.242788872520524413e-12
3.085232226562500000e+04 1.986282941485118673e-12
3.891693750000000000e+04 1.150137800327140973e-12
4.921482812500000000e+04 6.234130640349220972e-13
6.162192968750000000e+04 3.186369850398275042e-13
7.775115625000000000e+04 1.446568891205748625e-13
9.801609375000000000e+04 5.613928440052210974e-14
1.236574296875000000e+05 1.773320977709062430e-14
1.559158906250000000e+05 4.349302760263781861e-15
1.964457500000000000e+05 7.947135538029039715e-16
2.473148593750000000e+05 1.070510914796417826e-16
3.118317812500000000e+05 1.074388036085852392e-17
3.928915000000000000e+05 8.905934971353979915e-19
4.962840000000000000e+05 6.836936030875090610e-20
6.244907500000000000e+05 5.904582726265262940e-21
7.857830000000000000e+05 6.291637811032111437e-22
9.925680000000000000e+05 7.960688709660897243e-23
1.248981500000000000e+06 1.067110078395971110e-23
1.571566000000000000e+06 1.176968136290003632e-24
1.981000250000000000e+06 7.746810814188906250e-26
2.497963000000000000e+06 2.383515229116449890e-27
3.147267500000000000e+06 2.534802409562093019e-29
3.970272000000000000e+06 4.645043898523228694e-32
5.004197000000000000e+06 2.911575708684030259e-36
6.286264000000000000e+06 2.501626526479830766e-43
7.940544000000000000e+06 3.555963770277494897e-56
1.000839400000000000e+07 9.999999999999999821e-201
