1.211760009765625000e+03 3.611837029458221890e-11
1.526073364257812500e+03 2.027333811554136928e-11
1.923100463867187500e+03 1.130075105279208968e-11
2.423520019531250000e+03 6.351851327667908899e-12
3.056282226562500000e+03 3.629448758709231728e-12
3.850336669921875000e+03 2.132290175478272856e-12
4.838769042968750000e+03 1.309916817007075840e-12
6.120835937500000000e+03 8.405902438184751411e-13
7.692401855468750000e+03 5.724038580313027218e-13
9.718894531250000000e+03 4.043511119485752460e-13
1.224167187500000000e+04 2.854630413840370311e-13
1.542616113281250000e+04 2.143062188159559266e-13
1.943778906250000000e+04 1.562069209886594018e-13
2.448334375000000000e+04 1.094187145966966546e-13
3.085232226562500000e+04 7.250275542287769479e-14
3.891693750000000000e+04 4.459677932606490128e-14
4.921482812500000000e+04 2.535324345182118197e-14
6.162192968750000000e+04 1.341513661014328664e-14
7.775115625000000000e+04 6.054533870653813723e-15
9.801609375000000000e+04 2.306895600507065668e-15
1.236574296875000000e+05 6.815808320105622674e-16
1.559158906250000000e+05 1.511087147344171955e-16
1.964457500000000000e+05 2.430605050753778236e-17
2.473148593750000000e+05 2.822007258304522108e-18
3.118317812500000000e+05 2.407981328800963475e-19
3.928915000000000000e+05 1.698784214285928055e-20
4.962840000000000000e+05 1.114288427836142268e-21
6.244907500000000000e+05 8.571504570066256538e-23
7.857830000000000000e+05 8.295686801656151478e-24
9.925680000000000000e+05 8.959300150500363089e-25
1.248981500000000000e+06 9.110205500907079587e-26
1.571566000000000000e+06 6.307089885962804325e-27
1.981000250000000000e+06 2.141804544648657662e-28
2.497963000000000000e+06 2.641920105667390980e-30
3.147267500000000000e+06 7.600768581352507576e-33
3.970272000000000000e+06 1.567857734722889094e-36
5.004197000000000000e+06 1.722483066694938780e-42
6.286264000000000000e+06 8.227933654335569638e-53
7.940544000000000000e+06 1.495583898226021750e-71
1.000839400000000000e+07 9.999999999999999821e-201
