1.211760009765625000e+03 5.044117230795103433e-14
1.526073364257812500e+03 3.421743896574299447e-14
1.923100463867187500e+03 2.330779904638368567e-14
2.423520019531250000e+03 1.581735526693773069e-14
3.056282226562500000e+03 1.071543715037377034e-14
3.850336669921875000e+03 7.211346117148383625e-15
4.838769042968750000e+03 4.831627010924930465e-15
6.120835937500000000e+03 3.223749622690984056e-15
7.692401855468750000e+03 2.127194661317062947e-15
9.718894531250000000e+03 1.386903323863046832e-15
1.224167187500000000e+04 8.828168557062670600e-16
1.542616113281250000e+04 5.365576888873657377e-16
1.943778906250000000e+04 3.054046646455268224e-16
2.448334375000000000e+04 1.608391989492372126e-16
3.085232226562500000e+04 7.732265610285460824e-17
3.891693750000000000e+04 3.359767943640211505e-17
4.921482812500000000e+04 1.283517338363551529e-17
6.162192968750000000e+04 4.304386647539304290e-18
7.775115625000000000e+04 1.125669795565861056e-18
9.801609375000000000e+04 2.219191887839450043e-19
1.236574296875000000e+05 3.116701271557304886e-20
1.559158906250000000e+05 3.009267319333525484e-21
1.964457500000000000e+05 1.988143485865489348e-22
2.473148593750000000e+05 9.442759423820501899e-24
3.118317812500000000e+05 3.516651079208468508e-25
3.928915000000000000e+05 1.260340558770836342e-26
4.962840000000000000e+05 4.958092626163829116e-28
6.244907500000000000e+05 2.467291761251530125e-29
7.857830000000000000e+05 1.224669734853278221e-30
9.925680000000000000e+05 4.052044056600310190e-32
1.248981500000000000e+06 6.804923031634948392e-34
1.571566000000000000e+06 3.713266008350941283e-36
1.981000250000000000e+06 3.798269295756244051e-39
2.497963000000000000e+06 2.777491409612187049e-43
3.147267500000000000e+06 1.261450913729789108e-49
3.970272000000000000e+06 1.258030874998443003e-60
5.004197000000000000e+06 1.609997794338696816e-80
6.286264000000000000e+06 4.289442799608322754e-115
7.940544000000000000e+06 1.896517345471098703e-173
1.000839400000000000e+07 9.999999999999999821e-201
