1.211760009765625000e+03 8.581226597574881084e-11
1.526073364257812500e+03 5.004053212909235193e-11
1.923100463867187500e+03 2.895817457277972748e-11
2.423520019531250000e+03 1.656463189372219408e-11
3.056282226562500000e+03 9.382247680424246766e-12
3.850336669921875000e+03 5.213046322300262402e-12
4.838769042968750000e+03 2.887686415370545469e-12
6.120835937500000000e+03 1.547333563287021224e-12
7.692401855468750000e+03 8.183525830877217995e-13
9.718894531250000000e+03 4.168690604694988223e-13
1.224167187500000000e+04 2.037210837823628900e-13
1.542616113281250000e+04 9.432572587978140983e-14
1.943778906250000000e+04 3.988135944393720888e-14
2.448334375000000000e+04 1.514027106082144480e-14
3.085232226562500000e+04 1.286490365891260582e-16
3.891693750000000000e+04 8.125427261047096820e-17
4.921482812500000000e+04 4.638926114938011764e-17
6.162192968750000000e+04 2.405123590592815958e-17
7.775115625000000000e+04 1.024758404648529996e-17
9.801609375000000000e+04 3.455163707360103906e-18
1.236574296875000000e+05 8.649425224360890812e-19
1.559158906250000000e+05 1.543005397521999566e-19
1.964457500000000000e+05 1.916008016212576455e-20
2.473148593750000000e+05 1.684821722779901605e-21
3.118317812500000000e+05 1.106109882219894946e-22
3.928915000000000000e+05 6.431289670529094425e-24
4.962840000000000000e+05 3.794197350927678002e-25
6.244907500000000000e+05 2.840837090876406026e-26
7.857830000000000000e+05 2.557969361965864216e-27
9.925680000000000000e+05 2.081567631152496972e-28
1.248981500000000000e+06 1.181917619590886105e-29
1.571566000000000000e+06 3.165561927153519898e-31
1.981000250000000000e+06 2.629273033905900360e-33
2.497963000000000000e+06 4.325707391711952632e-36
3.147267500000000000e+06 5.235539324452497970e-40
3.970272000000000000e+06 3.044756251782192770e-46
5.004197000000000000e+06 3.754808742545114088e-57
6.286264000000000000e+06 1.687521356729724044e-76
7.940544000000000000e+06 7.229490021420728605e-111
1.000839400000000000e+07 9.999999999999999821e-201
