1.211760009765625000e+03 1.307734096872804906e-11
1.526073364257812500e+03 7.654421317770251989e-12
1.923100463867187500e+03 4.449670727036886594e-12
2.423520019531250000e+03 2.553195141513571296e-12
3.056282226562500000e+03 1.451779377918278401e-12
3.850336669921875000e+03 8.152734098033492680e-13
4.838769042968750000e+03 4.521755186055391320e-13
6.120835937500000000e+03 2.424484436742720311e-13
7.692401855468750000e+03 1.286262313609170478e-13
9.718894531250000000e+03 6.577267398518759505e-14
1.224167187500000000e+04 3.225583826554079597e-14
1.542616113281250000e+04 1.494268924828220566e-14
1.943778906250000000e+04 6.325530402238388861e-15
2.448334375000000000e+04 2.398023577697848298e-15
3.085232226562500000e+04 3.074711974480112648e-18
3.891693750000000000e+04 1.958738262445652844e-18
4.921482812500000000e+04 1.132507783928528716e-18
6.162192968750000000e+04 5.902482206271359810e-19
7.775115625000000000e+04 2.538815867372484047e-19
9.801609375000000000e+04 8.637909268400258081e-20
1.236574296875000000e+05 2.196067874336618277e-20
1.559158906250000000e+05 3.944004827746816307e-21
1.964457500000000000e+05 4.986870179183418748e-22
2.473148593750000000e+05 4.479643639391268573e-23
3.118317812500000000e+05 2.989486168161878323e-24
3.928915000000000000e+05 1.775303919468968839e-25
4.962840000000000000e+05 1.076443630459818955e-26
6.244907500000000000e+05 8.249861273195259647e-28
7.857830000000000000e+05 7.673908085897590900e-29
9.925680000000000000e+05 6.463815275684069375e-30
1.248981500000000000e+06 3.809676210720138047e-31
1.571566000000000000e+06 1.067412040070668796e-32
1.981000250000000000e+06 9.298648534545257835e-35
2.497963000000000000e+06 1.610479028923405593e-37
3.147267500000000000e+06 2.064010695216849973e-41
3.970272000000000000e+06 1.269226410196221905e-47
5.004197000000000000e+06 1.668803885575606167e-58
6.286264000000000000e+06 7.936126380469503575e-78
7.940544000000000000e+06 3.609793305216240463e-112
1.000839400000000000e+07 9.999999999999999821e-201
