1.211760009765625000e+03 1.469644032676104300e-13
1.526073364257812500e+03 9.988327559364280646e-14
1.923100463867187500e+03 6.835384838181883407e-14
2.423520019531250000e+03 4.645569367500433072e-14
3.056282226562500000e+03 3.140506872725457942e-14
3.850336669921875000e+03 2.120046303554696776e-14
4.838769042968750000e+03 1.427093878301526634e-14
6.120835937500000000e+03 9.488496326078828158e-15
7.692401855468750000e+03 6.303892539659325195e-15
9.718894531250000000e+03 4.089044118301159569e-15
1.224167187500000000e+04 2.573268813414777620e-15
1.542616113281250000e+04 1.528184502568111919e-15
1.943778906250000000e+04 8.380540747436290174e-16
2.448334375000000000e+04 4.219189626439564657e-16
3.085232226562500000e+04 1.920406100205658988e-16
3.891693750000000000e+04 7.856189318215856159e-17
4.921482812500000000e+04 2.770953402522866916e-17
6.162192968750000000e+04 8.470378480008196705e-18
7.775115625000000000e+04 1.977518614346450838e-18
9.801609375000000000e+04 3.428231634816647940e-19
1.236574296875000000e+05 4.156556399921346003e-20
1.559158906250000000e+05 3.435048420278263828e-21
1.964457500000000000e+05 1.955230975438447109e-22
2.473148593750000000e+05 8.113718971501632610e-24
3.118317812500000000e+05 2.718081737587545658e-25
3.928915000000000000e+05 9.111601536821153064e-27
4.962840000000000000e+05 3.382522242867566592e-28
6.244907500000000000e+05 1.508420603523424840e-29
7.857830000000000000e+05 5.772891428933008920e-31
9.925680000000000000e+05 1.243454426982800910e-32
1.248981500000000000e+06 1.138432763634682830e-34
1.571566000000000000e+06 2.707171243844307137e-37
1.981000250000000000e+06 8.368971236426116361e-41
2.497963000000000000e+06 7.999597662449282330e-46
3.147267500000000000e+06 7.280856719388988443e-54
3.970272000000000000e+06 3.390898712814447221e-68
5.004197000000000000e+06 4.242896275034964271e-94
6.286264000000000000e+06 3.054143621175882753e-138
7.940544000000000000e+06 9.999999999999999821e-201
1.000839400000000000e+07 9.999999999999999821e-201
