1.211760009765625000e+03 9.453049328823416965e-14
1.526073364257812500e+03 6.329237265339743591e-14
1.923100463867187500e+03 4.214238413437049364e-14
2.423520019531250000e+03 2.796060045218520694e-14
3.056282226562500000e+03 1.846821545247962983e-14
3.850336669921875000e+03 1.215089341879039608e-14
4.838769042968750000e+03 8.015231798277961170e-15
6.120835937500000000e+03 5.225365053835029196e-15
7.692401855468750000e+03 3.429393693492261614e-15
9.718894531250000000e+03 2.213575213422342918e-15
1.224167187500000000e+04 1.430003070424268726e-15
1.542616113281250000e+04 9.141966082993793441e-16
1.943778906250000000e+04 5.668521770237124425e-16
2.448334375000000000e+04 3.367877409722035772e-16
3.085232226562500000e+04 1.888787065644938072e-16
3.891693750000000000e+04 9.897704230658456685e-17
4.921482812500000000e+04 4.772365544246681562e-17
6.162192968750000000e+04 2.140090102983322123e-17
7.775115625000000000e+04 8.118868140742285157e-18
9.801609375000000000e+04 2.555120870333170532e-18
1.236574296875000000e+05 6.144134505226775713e-19
1.559158906250000000e+05 1.101786963036092002e-19
1.964457500000000000e+05 1.413070149838101484e-20
2.473148593750000000e+05 1.307158598819817376e-21
3.118317812500000000e+05 8.961455315431526979e-23
3.928915000000000000e+05 5.270229394938893304e-24
4.962840000000000000e+05 3.016604999499761275e-25
6.244907500000000000e+05 2.133385903012044740e-26
7.857830000000000000e+05 1.924346423114041144e-27
9.925680000000000000e+05 1.866624261370167105e-28
1.248981500000000000e+06 1.557217923177074313e-29
1.571566000000000000e+06 8.015791842543047913e-31
1.981000250000000000e+06 1.793496291037009659e-32
2.497963000000000000e+06 1.233007398743656995e-34
3.147267500000000000e+06 1.472049525442575263e-37
3.970272000000000000e+06 6.202906494772680210e-42
5.004197000000000000e+06 2.976449448585962775e-49
6.286264000000000000e+06 3.884316047624436102e-62
7.940544000000000000e+06 1.599768034806218872e-85
1.000839400000000000e+07 9.999999999999999821e-201
