1.211760009765625000e+03 9.951233746679725073e-11
1.526073364257812500e+03 5.636976939443208987e-11
1.923100463867187500e+03 3.170488489811114287e-11
2.423520019531250000e+03 1.793463904282703613e-11
3.056282226562500000e+03 1.022171283065048903e-11
3.850336669921875000e+03 5.918660987862419320e-12
4.838769042968750000e+03 3.555394649819796318e-12
6.120835937500000000e+03 2.191202609839311851e-12
7.692401855468750000e+03 1.418789162336227303e-12
9.718894531250000000e+03 8.807862212848343667e-13
1.224167187500000000e+04 6.257791214164323368e-13
1.542616113281250000e+04 4.361042275499127229e-13
1.943778906250000000e+04 2.947049187350495671e-13
2.448334375000000000e+04 1.894764628290527597e-13
3.085232226562500000e+04 1.146631047709795461e-13
3.891693750000000000e+04 6.461337480649897704e-14
4.921482812500000000e+04 3.327520929933466122e-14
6.162192968750000000e+04 1.574319156217616811e-14
7.775115625000000000e+04 6.305917002518278567e-15
9.801609375000000000e+04 2.069177637325021048e-15
1.236574296875000000e+05 5.176554268183189136e-16
1.559158906250000000e+05 9.453398716080064693e-17
1.964457500000000000e+05 1.223556835471793281e-17
2.473148593750000000e+05 1.121369559393650443e-18
3.118317812500000000e+05 7.570542073568539730e-20
3.928915000000000000e+05 4.330217719233418176e-21
4.962840000000000000e+05 2.406241342013428330e-22
6.244907500000000000e+05 1.622262197082075493e-23
7.857830000000000000e+05 1.386067703361861841e-24
9.925680000000000000e+05 1.278461522410133273e-25
1.248981500000000000e+06 1.022112150347886273e-26
1.571566000000000000e+06 5.009869901589405492e-28
1.981000250000000000e+06 1.058811063383294837e-29
2.497963000000000000e+06 6.904841432964478452e-32
3.147267500000000000e+06 7.837300714161859555e-35
3.970272000000000000e+06 3.121462623175929956e-39
5.004197000000000000e+06 1.428695735321261986e-46
6.286264000000000000e+06 1.772841683274741809e-59
7.940544000000000000e+06 6.964381790868604788e-83
1.000839400000000000e+07 9.999999999999999821e-201
