1.211760009765625000e+03 1.569280916247365604e-14
1.526073364257812500e+03 1.048279922071894969e-14
1.923100463867187500e+03 7.062969407995056934e-15
2.423520019531250000e+03 4.726524664411707851e-15
3.056282226562500000e+03 3.145522257548000875e-15
3.850336669921875000e+03 2.089177291949557959e-15
4.838769042968750000e+03 1.384824548157083523e-15
6.120835937500000000e+03 9.098198256993694601e-16
7.692401855468750000e+03 5.963660430965283217e-16
9.718894531250000000e+03 3.880643791350145983e-16
1.224167187500000000e+04 2.512364810908891798e-16
1.542616113281250000e+04 1.609924439659061837e-16
1.943778906250000000e+04 1.024973151666612549e-16
2.448334375000000000e+04 6.464489490391672443e-17
3.085232226562500000e+04 4.005853856981855077e-17
3.891693750000000000e+04 2.413465796168704769e-17
4.921482812500000000e+04 1.401633009738328167e-17
6.162192968750000000e+04 7.918208692573201719e-18
7.775115625000000000e+04 4.200053720982131725e-18
9.801609375000000000e+04 2.061738748673471773e-18
1.236574296875000000e+05 8.933022060686537310e-19
1.559158906250000000e+05 3.323520915318176939e-19
1.964457500000000000e+05 1.016077059262808942e-19
2.473148593750000000e+05 2.511825629799437525e-20
3.118317812500000000e+05 4.908873910163808993e-21
3.928915000000000000e+05 7.952624075068028779e-22
4.962840000000000000e+05 1.121804338028780594e-22
6.244907500000000000e+05 1.621084293641209787e-23
7.857830000000000000e+05 2.603312723651444461e-24
9.925680000000000000e+05 4.876965297360026908e-25
1.248981500000000000e+06 1.106679683768778019e-25
1.571566000000000000e+06 2.539445590646593648e-26
1.981000250000000000e+06 4.883415012267621308e-27
2.497963000000000000e+06 6.566574364752564969e-28
3.147267500000000000e+06 5.147215443685299999e-29
3.970272000000000000e+06 1.852906643672633276e-30
5.004197000000000000e+06 1.941801256406060322e-32
6.286264000000000000e+06 2.022698050690157611e-35
7.940544000000000000e+06 1.436064833352207071e-40
1.000839400000000000e+07 9.999999999999999821e-201
