1.211760009765625000e+03 5.866121520258009546e-13
1.526073364257812500e+03 3.945883857610246868e-13
1.923100463867187500e+03 2.636841912318154757e-13
2.423520019531250000e+03 1.762327378166684445e-13
3.056282226562500000e+03 1.170312048726650373e-13
3.850336669921875000e+03 7.760921066454855644e-14
4.838769042968750000e+03 5.115082078593187017e-14
6.120835937500000000e+03 3.353054453889987658e-14
7.692401855468750000e+03 2.196624467960551048e-14
9.718894531250000000e+03 1.420945305199635691e-14
1.224167187500000000e+04 9.172392535266812749e-15
1.542616113281250000e+04 5.885510433880443457e-15
1.943778906250000000e+04 3.727456753449409306e-15
2.448334375000000000e+04 2.318874086596309547e-15
3.085232226562500000e+04 1.391808101447395852e-15
3.891693750000000000e+04 8.011020684961315085e-16
4.921482812500000000e+04 4.368480213988183633e-16
6.162192968750000000e+04 2.271463161814906605e-16
7.775115625000000000e+04 1.075126284855847115e-16
9.801609375000000000e+04 4.477467309245902053e-17
1.236574296875000000e+05 1.549329429224809822e-17
1.559158906250000000e+05 4.302564085452394959e-18
1.964457500000000000e+05 9.227401914936137597e-19
2.473148593750000000e+05 1.501866634893734870e-19
3.118317812500000000e+05 1.855633547079705446e-20
3.928915000000000000e+05 1.883100761376944459e-21
4.962840000000000000e+05 1.722239785583144141e-22
6.244907500000000000e+05 1.742015642686318311e-23
7.857830000000000000e+05 2.111195837259475560e-24
9.925680000000000000e+05 3.094263950297924782e-25
1.248981500000000000e+06 5.043232659932645469e-26
1.571566000000000000e+06 7.090384696278170256e-27
1.981000250000000000e+06 6.667125604812527075e-28
2.497963000000000000e+06 3.251201537085795581e-29
3.147267500000000000e+06 6.441718963706178371e-31
3.970272000000000000e+06 3.039387340436080100e-33
5.004197000000000000e+06 1.015581623968362204e-36
6.286264000000000000e+06 1.923739603858180403e-42
7.940544000000000000e+06 8.128149468271390710e-53
1.000839400000000000e+07 9.999999999999999821e-201
