1.211760009765625000e+03 5.293209439723256932e-11
1.526073364257812500e+03 3.490969929163952699e-11
1.923100463867187500e+03 2.330779904638368507e-11
2.423520019531250000e+03 1.575508221470569812e-11
3.056282226562500000e+03 1.071551538285583093e-11
3.850336669921875000e+03 7.329758979260175111e-12
4.838769042968750000e+03 5.021537305442589618e-12
6.120835937500000000e+03 3.427137926268247502e-12
7.692401855468750000e+03 2.334194168544590169e-12
9.718894531250000000e+03 1.567269714267634967e-12
1.224167187500000000e+04 1.054587487232227152e-12
1.542616113281250000e+04 7.019173072592944026e-13
1.943778906250000000e+04 4.609834797291853389e-13
2.448334375000000000e+04 2.967366359914360054e-13
3.085232226562500000e+04 1.849564400023658873e-13
3.891693750000000000e+04 1.104979398200247934e-13
4.921482812500000000e+04 6.242065943655517242e-14
6.162192968750000000e+04 3.386187971730664227e-14
7.775115625000000000e+04 1.664345340469340573e-14
9.801609375000000000e+04 7.284502643160885438e-15
1.236574296875000000e+05 2.726686234008102495e-15
1.559158906250000000e+05 8.353914988107880225e-16
1.964457500000000000e+05 2.011930741069408588e-16
2.473148593750000000e+05 3.770345386370054560e-17
3.118317812500000000e+05 5.396656430626266600e-18
3.928915000000000000e+05 6.318223621394228543e-19
4.962840000000000000e+05 6.547208606182564822e-20
6.244907500000000000e+05 7.238830728296510833e-21
7.857830000000000000e+05 9.343843944071992009e-22
9.925680000000000000e+05 1.453839685573345267e-22
1.248981500000000000e+06 2.632084824937613563e-23
1.571566000000000000e+06 4.452605708337849604e-24
1.981000250000000000e+06 5.538899296439539215e-25
2.497963000000000000e+06 4.065740887755079753e-26
3.147267500000000000e+06 1.428487704459882658e-27
3.970272000000000000e+06 1.643190687612652799e-29
5.004197000000000000e+06 2.689544505714906890e-32
6.286264000000000000e+06 9.866701709986105278e-37
7.940544000000000000e+06 1.165455163017180298e-44
1.000839400000000000e+07 9.999999999999999821e-201
