1.211760009765625000e+03 2.914378844459393038e-14
1.526073364257812500e+03 1.888881746374829823e-14
1.923100463867187500e+03 1.216400286932481940e-14
2.423520019531250000e+03 7.846404581236828018e-15
3.056282226562500000e+03 4.987403254207152145e-15
3.850336669921875000e+03 3.202250995692282772e-15
4.838769042968750000e+03 2.045544363139313888e-15
6.120835937500000000e+03 1.293224225995641235e-15
7.692401855468750000e+03 8.197771656103164375e-16
9.718894531250000000e+03 5.147196474571046769e-16
1.224167187500000000e+04 3.183077449464785004e-16
1.542616113281250000e+04 1.923509832818916448e-16
1.943778906250000000e+04 1.103525001860300188e-16
2.448334375000000000e+04 5.976581911155303145e-17
3.085232226562500000e+04 2.966365696749631273e-17
3.891693750000000000e+04 1.363708087575620669e-17
4.921482812500000000e+04 5.606474701645876972e-18
6.162192968750000000e+04 2.070065252809856564e-18
7.775115625000000000e+04 6.187086102193378369e-19
9.801609375000000000e+04 1.451306795590425538e-19
1.236574296875000000e+05 2.482954499188022294e-20
1.559158906250000000e+05 3.013162501746970372e-21
1.964457500000000000e+05 2.522737319372195765e-22
2.473148593750000000e+05 1.505469054870722398e-23
3.118317812500000000e+05 6.830422685928188354e-25
3.928915000000000000e+05 2.823185790988301605e-26
4.962840000000000000e+05 1.224593143166388396e-27
6.244907500000000000e+05 6.899772988097717997e-29
7.857830000000000000e+05 4.585090299482494590e-30
9.925680000000000000e+05 2.575609456525782512e-31
1.248981500000000000e+06 9.503229249404321884e-33
1.571566000000000000e+06 1.541939477925087787e-34
1.981000250000000000e+06 7.113931613045753776e-37
2.497963000000000000e+06 5.343688366510520827e-40
3.147267500000000000e+06 1.722797322075589522e-44
3.970272000000000000e+06 7.779894735603510838e-52
5.004197000000000000e+06 7.178608286917321781e-65
6.286264000000000000e+06 6.384374612442673752e-88
7.940544000000000000e+06 2.514698857059419311e-128
1.000839400000000000e+07 9.999999999999999821e-201
