1.211760009765625000e+03 6.675671199274507122e-13
1.526073364257812500e+03 3.926104991156059602e-13
1.923100463867187500e+03 2.267997954345079144e-13
2.423520019531250000e+03 1.276597570756785648e-13
3.056282226562500000e+03 7.011996241315796241e-14
3.850336669921875000e+03 3.731513596647652031e-14
4.838769042968750000e+03 1.908799864166666232e-14
6.120835937500000000e+03 9.294890196618305370e-15
7.692401855468750000e+03 4.295223464844393810e-15
9.718894531250000000e+03 1.846030472721467627e-15
1.224167187500000000e+04 7.316230457256690922e-16
1.542616113281250000e+04 2.632448753442361441e-16
1.943778906250000000e+04 1.643920192719685464e-19
2.448334375000000000e+04 1.195847475955725725e-19
3.085232226562500000e+04 8.376240162562330732e-20
3.891693750000000000e+04 5.610231775675316279e-20
4.921482812500000000e+04 3.529132988902001796e-20
6.162192968750000000e+04 2.131970732495095795e-20
7.775115625000000000e+04 1.153053699893629647e-20
9.801609375000000000e+04 5.518107471105531341e-21
1.236574296875000000e+05 2.195791414384615760e-21
1.559158906250000000e+05 7.005774546179100077e-22
1.964457500000000000e+05 1.713912635957722742e-22
2.473148593750000000e+05 3.178025121770875507e-23
3.118317812500000000e+05 4.450063486658093885e-24
3.928915000000000000e+05 5.094809965073618380e-25
4.962840000000000000e+05 5.208542008402370729e-26
6.244907500000000000e+05 5.826524385218632788e-27
7.857830000000000000e+05 7.781627899828161077e-28
9.925680000000000000e+05 1.254659223567269951e-28
1.248981500000000000e+06 2.276448145792690718e-29
1.571566000000000000e+06 3.580960147038927424e-30
1.981000250000000000e+06 3.784518135891591112e-31
2.497963000000000000e+06 2.085282428486044015e-32
3.147267500000000000e+06 4.753371543271879336e-34
3.970272000000000000e+06 2.631511143591111859e-36
5.004197000000000000e+06 1.091576190216889205e-39
6.286264000000000000e+06 2.796911068413527604e-45
7.940544000000000000e+06 1.899864856085764448e-55
1.000839400000000000e+07 9.999999999999999821e-201
