1.211760009765625000e+03 4.633115086063650893e-12
1.526073364257812500e+03 2.492137173227523509e-12
1.923100463867187500e+03 1.334102895917663948e-12
2.423520019531250000e+03 7.160309868212169161e-13
3.056282226562500000e+03 3.902830842353888282e-13
3.850336669921875000e+03 2.208451339633370451e-13
4.838769042968750000e+03 1.336742749155357354e-13
6.120835937500000000e+03 6.932776494725799499e-14
7.692401855468750000e+03 5.274518399706684967e-14
9.718894531250000000e+03 3.751830932974268045e-14
1.224167187500000000e+04 2.440358000053050071e-14
1.542616113281250000e+04 1.425052346300897705e-14
1.943778906250000000e+04 7.433028878920003878e-15
2.448334375000000000e+04 3.458920299962032669e-15
3.085232226562500000e+04 1.404341306801017192e-15
3.891693750000000000e+04 4.867562474271954654e-16
4.921482812500000000e+04 1.363963567929861479e-16
6.162192968750000000e+04 3.161167453636828772e-17
7.775115625000000000e+04 5.224331621477511274e-18
9.801609375000000000e+04 6.124845483294136881e-19
1.236574296875000000e+05 4.828718462735183540e-20
1.559158906250000000e+05 2.639521092904118377e-21
1.964457500000000000e+05 1.004073953782371772e-22
2.473148593750000000e+05 2.962741795048424207e-24
3.118317812500000000e+05 7.365243278236223587e-26
3.928915000000000000e+05 1.702546644015452660e-27
4.962840000000000000e+05 3.062223234914847597e-29
6.244907500000000000e+05 3.724661018202254781e-31
7.857830000000000000e+05 2.147925213114888751e-33
9.925680000000000000e+05 3.479263582827239401e-36
1.248981500000000000e+06 1.091136497826269082e-39
1.571566000000000000e+06 2.208425994311813271e-44
1.981000250000000000e+06 2.358093268345318471e-51
2.497963000000000000e+06 6.576335149413277599e-63
3.147267500000000000e+06 2.741173227499515815e-83
3.970272000000000000e+06 1.989201101524860208e-119
5.004197000000000000e+06 9.691609300317083893e-180
6.286264000000000000e+06 9.999999999999999821e-201
7.940544000000000000e+06 9.999999999999999821e-201
1.000839400000000000e+07 9.999999999999999821e-201
