1.211760009765625000e+03 2.179556828121341241e-12
1.526073364257812500e+03 1.275736886295041998e-12
1.923100463867187500e+03 7.847743786661173838e-13
2.423520019531250000e+03 5.143754114366364546e-13
3.056282226562500000e+03 3.496122069613790860e-13
3.850336669921875000e+03 2.430184373647657797e-13
4.838769042968750000e+03 1.709136074177650227e-13
6.120835937500000000e+03 1.193115338306417242e-13
7.692401855468750000e+03 8.351213153630161198e-14
9.718894531250000000e+03 5.794843210133079890e-14
1.224167187500000000e+04 4.007672887297628554e-14
1.542616113281250000e+04 2.732054669746202935e-14
1.943778906250000000e+04 1.818295631456308762e-14
2.448334375000000000e+04 1.171894795132404901e-14
3.085232226562500000e+04 7.154393945188555073e-15
3.891693750000000000e+04 4.089202281588059684e-15
4.921482812500000000e+04 2.176573396498932321e-15
6.162192968750000000e+04 1.083994069563107478e-15
7.775115625000000000e+04 4.677111225869575737e-16
9.801609375000000000e+04 1.690821456324112609e-16
1.236574296875000000e+05 4.813915126348517338e-17
1.559158906250000000e+05 1.034650303272062037e-17
1.964457500000000000e+05 1.638405725648394418e-18
2.473148593750000000e+05 1.895186200272421098e-19
3.118317812500000000e+05 1.639036778869682184e-20
3.928915000000000000e+05 1.186844707698446609e-21
4.962840000000000000e+05 8.117926269730626754e-23
6.244907500000000000e+05 6.631066179315306047e-24
7.857830000000000000e+05 6.802530501984503582e-25
9.925680000000000000e+05 7.940927295814251965e-26
1.248981500000000000e+06 8.870204681509544241e-27
1.571566000000000000e+06 6.905201233027604965e-28
1.981000250000000000e+06 2.711705788576915144e-29
2.497963000000000000e+06 4.000616328566779089e-31
3.147267500000000000e+06 1.455372758110800978e-33
3.970272000000000000e+06 4.238081433210230906e-37
5.004197000000000000e+06 8.282821705158330077e-43
6.286264000000000000e+06 1.054447021961141527e-52
7.940544000000000000e+06 1.000943081265877904e-70
1.000839400000000000e+07 9.999999999999999821e-201
