1.211760009765625000e+03 5.766484636686748306e-12
1.526073364257812500e+03 3.856878958566406642e-12
1.923100463867187500e+03 2.613298680958171274e-12
2.423520019531250000e+03 1.781009293836295877e-12
3.056282226562500000e+03 1.219692303947184049e-12
3.850336669921875000e+03 8.348869853381910023e-13
4.838769042968750000e+03 5.707722876194190595e-13
6.120835937500000000e+03 3.871050081794074106e-13
7.692401855468750000e+03 2.628721617866937497e-13
9.718894531250000000e+03 1.769579341260793760e-13
1.224167187500000000e+04 1.187225156694279002e-13
1.542616113281250000e+04 7.922952283465886690e-14
1.943778906250000000e+04 5.240791660489308060e-14
2.448334375000000000e+04 3.414036019059950907e-14
3.085232226562500000e+04 2.178554609901443020e-14
3.891693750000000000e+04 1.346361719417783158e-14
4.921482812500000000e+04 7.988599406053884831e-15
6.162192968750000000e+04 4.594476255977564665e-15
7.775115625000000000e+04 2.452814487822122371e-15
9.801609375000000000e+04 1.204961847576811015e-15
1.236574296875000000e+05 5.243960141463886315e-16
1.559158906250000000e+05 1.944382676790693562e-16
1.964457500000000000e+05 5.951356219491283152e-17
2.473148593750000000e+05 1.468814325887325743e-17
3.118317812500000000e+05 2.867579477259118082e-18
3.928915000000000000e+05 4.636376243295077195e-19
4.962840000000000000e+05 6.531902679651094398e-20
6.244907500000000000e+05 9.380059870792802644e-21
7.857830000000000000e+05 1.494640854205989635e-21
9.925680000000000000e+05 2.764812134524178785e-22
1.248981500000000000e+06 6.172558444879554852e-23
1.571566000000000000e+06 1.396015577474371855e-23
1.981000250000000000e+06 2.650514057757587874e-24
2.497963000000000000e+06 3.491549022903181351e-25
3.147267500000000000e+06 2.681863664457829921e-26
3.970272000000000000e+06 9.591468453334571160e-28
5.004197000000000000e+06 1.016141629810893242e-29
6.286264000000000000e+06 1.082423144285468921e-32
7.940544000000000000e+06 8.119291426213595125e-38
1.000839400000000000e+07 9.999999999999999821e-201
