1.211760009765625000e+03 2.241829880353379517e-11
1.526073364257812500e+03 1.463636117609815771e-11
1.923100463867187500e+03 9.574247416288423837e-12
2.423520019531250000e+03 6.227212614878327198e-12
3.056282226562500000e+03 4.033608837742069025e-12
3.850336669921875000e+03 2.600284248633195849e-12
4.838769042968750000e+03 1.669952273336433027e-12
6.120835937500000000e+03 1.056214330406623203e-12
7.692401855468750000e+03 6.621628354440268354e-13
9.718894531250000000e+03 3.971029630426294094e-13
1.224167187500000000e+04 2.238357365591470014e-13
1.542616113281250000e+04 1.151790649230476718e-13
1.943778906250000000e+04 5.327762977487067686e-14
2.448334375000000000e+04 2.218147286607072306e-14
3.085232226562500000e+04 8.197523520622190463e-15
3.891693750000000000e+04 2.640183559310173076e-15
4.921482812500000000e+04 7.095844641909213489e-16
6.162192968750000000e+04 1.608324632888559183e-16
7.775115625000000000e+04 2.674557939578153703e-17
9.801609375000000000e+04 3.219948304226582933e-18
1.236574296875000000e+05 2.637050803163538974e-19
1.559158906250000000e+05 1.484797213594797858e-20
1.964457500000000000e+05 5.875405466651928467e-22
2.473148593750000000e+05 1.786599964685698329e-23
3.118317812500000000e+05 4.662301894986572289e-25
3.928915000000000000e+05 1.263207263162265534e-26
4.962840000000000000e+05 3.498981349736671231e-28
6.244907500000000000e+05 8.771338860087741982e-30
7.857830000000000000e+05 1.341398000143062424e-31
9.925680000000000000e+05 7.888598640185474311e-34
1.248981500000000000e+06 1.307358569875615401e-36
1.571566000000000000e+06 3.105748077433668155e-40
1.981000250000000000e+06 2.701405495968393257e-45
2.497963000000000000e+06 3.615984871875661555e-53
3.147267500000000000e+06 9.211325318854955018e-67
3.970272000000000000e+06 1.827156035405464421e-91
5.004197000000000000e+06 1.026426870236889852e-134
6.286264000000000000e+06 9.999999999999999821e-201
7.940544000000000000e+06 9.999999999999999821e-201
1.000839400000000000e+07 9.999999999999999821e-201
