1.211760009765625000e+03 2.939288065352209166e-11
1.526073364257812500e+03 1.928439479283203159e-11
1.923100463867187500e+03 1.263486749198718181e-11
2.423520019531250000e+03 8.282192777788178114e-12
3.056282226562500000e+03 5.381436515469835424e-12
3.850336669921875000e+03 3.469656392001523270e-12
4.838769042968750000e+03 2.235932373424386837e-12
6.120835937500000000e+03 1.420510476773722059e-12
7.692401855468750000e+03 8.937284513074003408e-13
9.718894531250000000e+03 5.371720081885750806e-13
1.224167187500000000e+04 3.042928215896238218e-13
1.542616113281250000e+04 1.571855474243944543e-13
1.943778906250000000e+04 7.305493173675451315e-14
2.448334375000000000e+04 3.044515883578334883e-14
3.085232226562500000e+04 1.125975631202277548e-14
3.891693750000000000e+04 3.645329584428259341e-15
4.921482812500000000e+04 9.778613645226119769e-16
6.162192968750000000e+04 2.218047702670192639e-16
7.775115625000000000e+04 3.680191724859539259e-17
9.801609375000000000e+04 4.438307122042046142e-18
1.236574296875000000e+05 3.652803705122827774e-19
1.559158906250000000e+05 2.052645996594220675e-20
1.964457500000000000e+05 8.071591510048718884e-22
2.473148593750000000e+05 2.448932651213666262e-23
3.118317812500000000e+05 6.396825818978936405e-25
3.928915000000000000e+05 1.725920546371886537e-26
4.962840000000000000e+05 4.772969430922842472e-28
6.244907500000000000e+05 1.192649672342865473e-29
7.857830000000000000e+05 1.817465440032056688e-31
9.925680000000000000e+05 1.066817619243342275e-33
1.248981500000000000e+06 1.764273787226083161e-36
1.571566000000000000e+06 4.182526064165684150e-40
1.981000250000000000e+06 3.623836640933211081e-45
2.497963000000000000e+06 4.828280378053630251e-53
3.147267500000000000e+06 1.223143198077461644e-66
3.970272000000000000e+06 2.420499788989654400e-91
5.004197000000000000e+06 1.352549119977707599e-134
6.286264000000000000e+06 9.999999999999999821e-201
7.940544000000000000e+06 9.999999999999999821e-201
1.000839400000000000e+07 9.999999999999999821e-201
