1.211760009765625000e+03 3.076288780262692806e-13
1.526073364257812500e+03 2.106449277370883319e-13
1.923100463867187500e+03 1.436137112958994794e-13
2.423520019531250000e+03 9.776869200430016752e-14
3.056282226562500000e+03 6.616949651712263254e-14
3.850336669921875000e+03 4.468227696319970714e-14
4.838769042968750000e+03 3.030795474760857418e-14
6.120835937500000000e+03 2.022135258774131042e-14
7.692401855468750000e+03 1.349611401480005924e-14
9.718894531250000000e+03 8.884827897357397256e-15
1.224167187500000000e+04 5.773116141460762262e-15
1.542616113281250000e+04 3.621528920865178167e-15
1.943778906250000000e+04 2.151737268804922895e-15
2.448334375000000000e+04 1.195522388985970101e-15
3.085232226562500000e+04 6.129798894573400917e-16
3.891693750000000000e+04 2.882361249124750280e-16
4.921482812500000000e+04 1.209849166071867003e-16
6.162192968750000000e+04 4.586657119135191528e-17
7.775115625000000000e+04 1.387950350769325024e-17
9.801609375000000000e+04 3.272760938205454398e-18
1.236574296875000000e+05 5.617649206210112457e-19
1.559158906250000000e+05 6.775605133155932352e-20
1.964457500000000000e+05 5.652533911566711632e-21
2.473148593750000000e+05 3.353110085193780598e-22
3.118317812500000000e+05 1.517678872171464952e-23
3.928915000000000000e+05 6.320131271864717213e-25
4.962840000000000000e+05 2.773773628562810627e-26
6.244907500000000000e+05 1.588081138856178029e-27
7.857830000000000000e+05 1.046138677584834114e-28
9.925680000000000000e+05 5.587380836469903564e-30
1.248981500000000000e+06 1.872484462387459910e-31
1.571566000000000000e+06 2.636657213030905031e-33
1.981000250000000000e+06 9.957889506125687293e-36
2.497963000000000000e+06 5.520733205043883278e-39
3.147267500000000000e+06 1.039512505845667644e-43
3.970272000000000000e+06 1.616280915792491014e-51
5.004197000000000000e+06 1.860829678159633139e-65
6.286264000000000000e+06 4.244883091618664954e-90
7.940544000000000000e+06 4.244748751502528166e-133
1.000839400000000000e+07 9.999999999999999821e-201
