1.211760009765625000e+03 1.184433453453369122e-11
1.526073364257812500e+03 6.418242164383583110e-12
1.923100463867187500e+03 3.398073059624288052e-12
2.423520019531250000e+03 1.743645462497072912e-12
3.056282226562500000e+03 8.641544663593409598e-13
3.850336669921875000e+03 4.076443496486942680e-13
4.838769042968750000e+03 1.833956880971560585e-13
6.120835937500000000e+03 7.692789162798519508e-14
7.692401855468750000e+03 2.981836453550685063e-14
9.718894531250000000e+03 1.064855300032852990e-14
1.224167187500000000e+04 3.448397347695288700e-15
1.542616113281250000e+04 2.732106835551167760e-16
1.943778906250000000e+04 2.011653853517786325e-16
2.448334375000000000e+04 1.456464297698388479e-16
3.085232226562500000e+04 1.031289045199761413e-16
3.891693750000000000e+04 7.069900006359037599e-17
4.921482812500000000e+04 4.664545582595561863e-17
6.162192968750000000e+04 2.994443627328358277e-17
7.775115625000000000e+04 1.785517695680552440e-17
9.801609375000000000e+04 9.883100492200655451e-18
1.236574296875000000e+05 4.804296883982969159e-18
1.559158906250000000e+05 1.998959731631185003e-18
1.964457500000000000e+05 6.817071594428355731e-19
2.473148593750000000e+05 1.864151166805063807e-19
3.118317812500000000e+05 4.027524709932815948e-20
3.928915000000000000e+05 7.127921872690086535e-21
4.962840000000000000e+05 1.089112782077401319e-21
6.244907500000000000e+05 1.699134425442758068e-22
7.857830000000000000e+05 2.944248350630633760e-23
9.925680000000000000e+05 5.994667243728133299e-24
1.248981500000000000e+06 1.467722308757116354e-24
1.571566000000000000e+06 3.696316337155130508e-25
1.981000250000000000e+06 7.844525496792145772e-26
2.497963000000000000e+06 1.173894191654423896e-26
3.147267500000000000e+06 1.033380896688095516e-27
3.970272000000000000e+06 4.226673218635387275e-29
5.004197000000000000e+06 5.134561053003142386e-31
6.286264000000000000e+06 6.419376684298886298e-34
7.940544000000000000e+06 5.819944625177483905e-39
1.000839400000000000e+07 9.999999999999999821e-201
