1.211760009765625000e+03 4.234567551778606236e-13
1.526073364257812500e+03 2.937161668446724539e-13
1.923100463867187500e+03 2.032565640745244313e-13
2.423520019531250000e+03 1.407370980444066025e-13
3.056282226562500000e+03 9.678530023224620164e-14
3.850336669921875000e+03 6.624220681791281981e-14
4.838769042968750000e+03 4.553702459555235814e-14
6.120835937500000000e+03 3.106703315745556198e-14
7.692401855468750000e+03 2.099055924538969115e-14
9.718894531250000000e+03 1.420324489110875183e-14
1.224167187500000000e+04 9.556986935041227127e-15
1.542616113281250000e+04 6.391178490307195972e-15
1.943778906250000000e+04 4.231409829813274941e-15
2.448334375000000000e+04 2.761843087336778924e-15
3.085232226562500000e+04 1.773257181791444997e-15
3.891693750000000000e+04 1.107969403981640174e-15
4.921482812500000000e+04 6.689265917898029507e-16
6.162192968750000000e+04 3.925642560217055136e-16
7.775115625000000000e+04 2.164634466681217617e-16
9.801609375000000000e+04 1.102345824130073103e-16
1.236574296875000000e+05 4.972868704473600732e-17
1.559158906250000000e+05 1.932795567996451471e-17
1.964457500000000000e+05 6.177230575716077908e-18
2.473148593750000000e+05 1.591717708056827053e-18
3.118317812500000000e+05 3.256706583629885428e-19
3.928915000000000000e+05 5.522779160901097764e-20
4.962840000000000000e+05 8.162028506055696089e-21
6.244907500000000000e+05 1.235734127594733038e-21
7.857830000000000000e+05 2.069209505163487719e-22
9.925680000000000000e+05 4.082575105642436244e-23
1.248981500000000000e+06 9.654002351717931537e-24
1.571566000000000000e+06 2.313257575239469280e-24
1.981000250000000000e+06 4.693749140229349091e-25
2.497963000000000000e+06 6.656101086700342090e-26
3.147267500000000000e+06 5.547905202141782218e-27
3.970272000000000000e+06 2.130574265184885235e-28
5.004197000000000000e+06 2.424359754923133045e-30
6.286264000000000000e+06 2.847440051565647872e-33
7.940544000000000000e+06 2.421721924570496804e-38
1.000839400000000000e+07 9.999999999999999821e-201
