1.211760009765625000e+03 3.574473198118999410e-12
1.526073364257812500e+03 2.393242840956590306e-12
1.923100463867187500e+03 1.600939732478879277e-12
2.423520019531250000e+03 1.064869193167855513e-12
3.056282226562500000e+03 7.061353371188409824e-13
3.850336669921875000e+03 4.664036131715013005e-13
4.838769042968750000e+03 3.086456075051199989e-13
6.120835937500000000e+03 2.011377766076736016e-13
7.692401855468750000e+03 1.310931738661058902e-13
9.718894531250000000e+03 8.408411621254017825e-14
1.224167187500000000e+04 5.296486644738646140e-14
1.542616113281250000e+04 3.202395978048583326e-14
1.943778906250000000e+04 1.822533358711870213e-14
2.448334375000000000e+04 9.576010792526379736e-15
3.085232226562500000e+04 4.610505235408200927e-15
3.891693750000000000e+04 2.026613086093264823e-15
4.921482812500000000e+04 7.841860203111960180e-16
6.162192968750000000e+04 2.697809613508244032e-16
7.775115625000000000e+04 7.303206807680407248e-17
9.801609375000000000e+04 1.512558283423690110e-17
1.236574296875000000e+05 2.238870935151745125e-18
1.559158906250000000e+05 2.306738894720686790e-19
1.964457500000000000e+05 1.624014686571632954e-20
2.473148593750000000e+05 8.169123749679674104e-22
3.118317812500000000e+05 3.196396707565410920e-23
3.928915000000000000e+05 1.170733190389487152e-24
4.962840000000000000e+05 4.631579028662261952e-26
6.244907500000000000e+05 2.386429388125923439e-27
7.857830000000000000e+05 1.314675333011700816e-28
9.925680000000000000e+05 5.263077494976161739e-30
1.248981500000000000e+06 1.182830849478646065e-31
1.571566000000000000e+06 9.616166911408678297e-34
1.981000250000000000e+06 1.727942540821155192e-36
2.497963000000000000e+06 3.104962053376183775e-40
3.147267500000000000e+06 7.696805751871107706e-46
3.970272000000000000e+06 2.209532292301616960e-55
5.004197000000000000e+06 1.428639466192542339e-72
6.286264000000000000e+06 1.101715378344767305e-102
7.940544000000000000e+06 3.113220260331775449e-154
1.000839400000000000e+07 9.999999999999999821e-201
