1.211760009765625000e+03 1.058641887944651483e-12
1.526073364257812500e+03 6.240232366295904677e-13
1.923100463867187500e+03 3.625657629437462665e-13
2.423520019531250000e+03 2.086138845715794447e-13
3.056282226562500000e+03 1.180075501889170592e-13
3.850336669921875000e+03 6.581339238688574347e-14
4.838769042968750000e+03 3.641991411458876823e-14
6.120835937500000000e+03 1.926941170215900951e-14
7.692401855468750000e+03 1.001696358918063258e-14
9.718894531250000000e+03 4.877800155891852684e-15
1.224167187500000000e+04 2.201142173368577382e-15
1.542616113281250000e+04 8.798845855945315039e-16
1.943778906250000000e+04 3.049106881949045471e-16
2.448334375000000000e+04 3.542827501920602913e-20
3.085232226562500000e+04 1.928715252128147951e-20
3.891693750000000000e+04 9.258286253113354089e-21
4.921482812500000000e+04 3.725844915653015708e-21
6.162192968750000000e+04 1.288549894048024271e-21
7.775115625000000000e+04 3.292855180102703676e-22
9.801609375000000000e+04 6.166460888895633763e-23
1.236574296875000000e+05 7.940351412654715615e-24
1.559158906250000000e+05 6.926043452104201890e-25
1.964457500000000000e+05 4.183434840947934849e-26
2.473148593750000000e+05 1.899918451656925626e-27
3.118317812500000000e+05 7.243360896579258790e-29
3.928915000000000000e+05 2.825555270909179958e-30
4.962840000000000000e+05 1.185404103620356440e-31
6.244907500000000000e+05 5.005062710433632681e-33
7.857830000000000000e+05 1.443996995265720359e-34
9.925680000000000000e+05 1.808180272908137366e-36
1.248981500000000000e+06 7.270044192376692812e-39
1.571566000000000000e+06 5.149786432196028228e-42
1.981000250000000000e+06 2.190021801415909178e-46
2.497963000000000000e+06 5.027103258752806649e-53
3.147267500000000000e+06 3.005688134675718048e-64
3.970272000000000000e+06 1.232263188514562233e-84
5.004197000000000000e+06 6.659687059523317295e-121
6.286264000000000000e+06 1.359068597662299292e-180
7.940544000000000000e+06 9.999999999999999821e-201
1.000839400000000000e+07 9.999999999999999821e-201
