1.211760009765625000e+03 1.805918514729111317e-15
1.526073364257812500e+03 1.226289720159575226e-15
1.923100463867187500e+03 8.240130975994232827e-16
2.423520019531250000e+03 5.573438174767431019e-16
3.056282226562500000e+03 3.752899396760566766e-16
3.850336669921875000e+03 2.528159878438037428e-16
4.838769042968750000e+03 1.702798924845410110e-16
6.120835937500000000e+03 1.136153531442771314e-16
7.692401855468750000e+03 7.620954868139471925e-17
9.718894531250000000e+03 5.073561589132110575e-17
1.224167187500000000e+04 3.353611092759838681e-17
1.542616113281250000e+04 2.190754564436437146e-17
1.943778906250000000e+04 1.384870440690217452e-17
2.448334375000000000e+04 8.370526313132635465e-18
3.085232226562500000e+04 4.764478184270455176e-18
3.891693750000000000e+04 2.522124871914756754e-18
4.921482812500000000e+04 1.230298409325739368e-18
6.162192968750000000e+04 5.525929154790674608e-19
7.775115625000000000e+04 2.093049819184156300e-19
9.801609375000000000e+04 6.462172589245747688e-20
1.236574296875000000e+05 1.524616136254406976e-20
1.559158906250000000e+05 2.627318119633185505e-21
1.964457500000000000e+05 3.234267275467227899e-22
2.473148593750000000e+05 2.868262366828743230e-23
3.118317812500000000e+05 1.893596706029523461e-24
3.928915000000000000e+05 1.086635160768606111e-25
4.962840000000000000e+05 6.203214141779083298e-27
6.244907500000000000e+05 4.401037626231692152e-28
7.857830000000000000e+05 3.949199360404021371e-29
9.925680000000000000e+05 3.630954165167147476e-30
1.248981500000000000e+06 2.718994297609013306e-31
1.571566000000000000e+06 1.166444485908221063e-32
1.981000250000000000e+06 1.981024979566198856e-34
2.497963000000000000e+06 9.182823865556998363e-37
3.147267500000000000e+06 5.708947824728091499e-40
3.970272000000000000e+06 6.978411380413527202e-45
5.004197000000000000e+06 2.981327634508051730e-53
6.286264000000000000e+06 4.733605520223634087e-68
7.940544000000000000e+06 1.001020027705282577e-94
1.000839400000000000e+07 9.999999999999999821e-201
