1.211760009765625000e+03 1.195642602855135956e-08
1.526073364257812500e+03 6.991829291554997994e-09
1.923100463867187500e+03 4.072979025277149171e-09
2.423520019531250000e+03 2.347694069147845069e-09
3.056282226562500000e+03 1.343138132076894305e-09
3.850336669921875000e+03 7.603523543739725605e-10
4.838769042968750000e+03 4.271083247987564904e-10
6.120835937500000000e+03 2.338692364730765744e-10
7.692401855468750000e+03 1.261924350176898739e-10
9.718894531250000000e+03 6.595186567204913100e-11
1.224167187500000000e+04 3.316788755539954155e-11
1.542616113281250000e+04 1.556681106740749273e-11
1.943778906250000000e+04 6.608776171366053247e-12
2.448334375000000000e+04 2.495051599213071005e-12
3.085232226562500000e+04 8.171051622734189262e-13
3.891693750000000000e+04 2.268890412009281185e-13
4.921482812500000000e+04 7.039623967760454525e-16
6.162192968750000000e+04 2.903371993643468395e-16
7.775115625000000000e+04 9.256872233142202860e-17
9.801609375000000000e+04 2.225829782706075303e-17
1.236574296875000000e+05 3.793699200338660770e-18
1.559158906250000000e+05 4.442340164165331270e-19
1.964457500000000000e+05 3.567831982802638493e-20
2.473148593750000000e+05 2.055708847974361611e-21
3.118317812500000000e+05 9.260743274902140882e-23
3.928915000000000000e+05 3.994691485684982457e-24
4.962840000000000000e+05 1.882562621645718136e-25
6.244907500000000000e+05 1.164956760670856313e-26
7.857830000000000000e+05 7.730909226361445496e-28
9.925680000000000000e+05 3.708409788379868872e-29
1.248981500000000000e+06 1.003439141485197597e-30
1.571566000000000000e+06 9.734364135005485800e-33
1.981000250000000000e+06 2.058591731792952732e-35
2.497963000000000000e+06 4.337803974194378973e-39
3.147267500000000000e+06 1.107932381638104081e-44
3.970272000000000000e+06 2.630409930823332110e-54
5.004197000000000000e+06 9.478020916114556197e-72
6.286264000000000000e+06 2.232439583999406731e-102
7.940544000000000000e+06 8.481085695339234024e-155
1.000839400000000000e+07 9.999999999999999821e-201
