1.211760009765625000e+03 1.394916369997658330e-11
1.526073364257812500e+03 9.305956666694841048e-12
1.923100463867187500e+03 6.168326616315681873e-12
2.423520019531250000e+03 4.078884921198509438e-12
3.056282226562500000e+03 2.686276264153788503e-12
3.850336669921875000e+03 1.763703914784988178e-12
4.838769042968750000e+03 1.153504234857955947e-12
6.120835937500000000e+03 7.459197752772862365e-13
7.692401855468750000e+03 4.825004868323436653e-13
9.718894531250000000e+03 3.052190992729715236e-13
1.224167187500000000e+04 1.902101078445851222e-13
1.542616113281250000e+04 1.138601038073233750e-13
1.943778906250000000e+04 6.357013269599727453e-14
2.448334375000000000e+04 3.294960168395998403e-14
3.085232226562500000e+04 1.556271062914604377e-14
3.891693750000000000e+04 6.653555932149915688e-15
4.921482812500000000e+04 2.508293200163191848e-15
6.162192968750000000e+04 8.355027319837320209e-16
7.775115625000000000e+04 2.185364046131566919e-16
9.801609375000000000e+04 4.375095395982457925e-17
1.236574296875000000e+05 6.209768979921604471e-18
1.559158906250000000e+05 6.129041195246857828e-19
1.964457500000000000e+05 4.153975808548784027e-20
2.473148593750000000e+05 2.022008702925601393e-21
3.118317812500000000e+05 7.648284445860355498e-23
3.928915000000000000e+05 2.738296582929221573e-24
4.962840000000000000e+05 1.068325414124104179e-25
6.244907500000000000e+05 5.379835040598052710e-27
7.857830000000000000e+05 2.877951754969709968e-28
9.925680000000000000e+05 1.107643449950303063e-29
1.248981500000000000e+06 2.362465939904470135e-31
1.571566000000000000e+06 1.800334012065530599e-33
1.981000250000000000e+06 2.972167944127102634e-36
2.497963000000000000e+06 4.692467192210271418e-40
3.147267500000000000e+06 9.245504701945557205e-46
3.970272000000000000e+06 1.699802781054774072e-55
5.004197000000000000e+06 4.762904628434038708e-73
6.286264000000000000e+06 8.972689866459152091e-104
7.940544000000000000e+06 2.878900648876620816e-156
1.000839400000000000e+07 9.999999999999999821e-201
