1.211760009765625000e+03 5.878576130704418332e-11
1.526073364257812500e+03 3.332738997530458282e-11
1.923100463867187500e+03 1.859915277438698359e-11
2.423520019531250000e+03 1.021278056605428518e-11
3.056282226562500000e+03 5.481208329479248114e-12
3.850336669921875000e+03 2.888786602227962016e-12
4.838769042968750000e+03 1.472126352881301529e-12
6.120835937500000000e+03 7.247978204550858693e-13
7.692401855468750000e+03 3.431420031708892734e-13
9.718894531250000000e+03 1.527049646718484583e-13
1.224167187500000000e+04 6.432373940593372295e-14
1.542616113281250000e+04 2.484000014217514324e-14
1.943778906250000000e+04 8.786898440057706302e-15
2.448334375000000000e+04 3.421306659518679460e-16
3.085232226562500000e+04 2.549638511948047852e-16
3.891693750000000000e+04 1.798670552526838228e-16
4.921482812500000000e+04 1.185377404977687286e-16
6.162192968750000000e+04 7.375485562448961070e-17
7.775115625000000000e+04 4.050833125706255705e-17
9.801609375000000000e+04 1.904991871283588330e-17
1.236574296875000000e+05 7.219151374733290796e-18
1.559158906250000000e+05 2.109246110683406712e-18
1.964457500000000000e+05 4.587292964202991450e-19
2.473148593750000000e+05 7.360873692678906752e-20
3.118317812500000000e+05 8.751311880890500200e-21
3.928915000000000000e+05 8.572049477786442349e-22
4.962840000000000000e+05 7.694726216038410471e-23
6.244907500000000000e+05 7.875002061828585033e-24
7.857830000000000000e+05 9.860611046681692474e-25
9.925680000000000000e+05 1.431676167646524723e-25
1.248981500000000000e+06 2.076275958873086046e-26
1.571566000000000000e+06 2.247254735837037415e-27
1.981000250000000000e+06 1.337671992354494695e-28
2.497963000000000000e+06 3.408303130827133772e-30
3.147267500000000000e+06 2.683193473257905800e-32
3.970272000000000000e+06 2.841172970010820674e-35
5.004197000000000000e+06 6.105266185467020532e-40
6.286264000000000000e+06 6.557433033985620794e-48
7.940544000000000000e+06 1.812283230616984885e-62
1.000839400000000000e+07 9.999999999999999821e-201
