1.211760009765625000e+03 2.104829165442895210e-13
1.526073364257812500e+03 1.107616521434455255e-13
1.923100463867187500e+03 5.752396195622640859e-14
2.423520019531250000e+03 2.883241221181414801e-14
3.056282226562500000e+03 1.402344931534935617e-14
3.850336669921875000e+03 6.543815460320096022e-15
4.838769042968750000e+03 2.950047318311017615e-15
6.120835937500000000e+03 1.279844879245269571e-15
7.692401855468750000e+03 1.508866270854062018e-16
9.718894531250000000e+03 1.166661900978288361e-16
1.224167187500000000e+04 8.689667200896122781e-17
1.542616113281250000e+04 6.048403072301812472e-17
1.943778906250000000e+04 3.848064553097453420e-17
2.448334375000000000e+04 2.219540791411641176e-17
3.085232226562500000e+04 1.149538340966238478e-17
3.891693750000000000e+04 5.273305342780521469e-18
4.921482812500000000e+04 2.050458832033937218e-18
6.162192968750000000e+04 6.812147977923417693e-19
7.775115625000000000e+04 1.688540687067598281e-19
9.801609375000000000e+04 3.052605035336679509e-20
1.236574296875000000e+05 3.796201654615951769e-21
1.559158906250000000e+05 3.163366096068616874e-22
1.964457500000000000e+05 1.784000673966765767e-23
2.473148593750000000e+05 7.289150379549415843e-25
3.118317812500000000e+05 2.411881817606433498e-26
3.928915000000000000e+05 7.796203196254966429e-28
4.962840000000000000e+05 2.733166727091364280e-29
6.244907500000000000e+05 1.108410943655297284e-30
7.857830000000000000e+05 3.572899010167391343e-32
9.925680000000000000e+05 5.992408437626711198e-34
1.248981500000000000e+06 3.941231303195090214e-36
1.571566000000000000e+06 6.051100368463770935e-39
1.981000250000000000e+06 9.899772632468579603e-43
2.497963000000000000e+06 3.163431436789575970e-48
3.147267500000000000e+06 3.448526669168470758e-57
3.970272000000000000e+06 2.678275736166369028e-73
5.004197000000000000e+06 2.578791145933550700e-102
6.286264000000000000e+06 2.943562023086349371e-151
7.940544000000000000e+06 9.999999999999999821e-201
1.000839400000000000e+07 9.999999999999999821e-201
