1.211760009765625000e+03 1.681372410265034688e-14
1.526073364257812500e+03 8.049998646853986127e-15
1.923100463867187500e+03 3.704135067304073749e-15
2.423520019531250000e+03 1.594174788944498344e-15
3.056282226562500000e+03 6.418488037400427860e-16
3.850336669921875000e+03 2.361755766629880422e-16
4.838769042968750000e+03 7.995415373896235837e-17
6.120835937500000000e+03 4.210159285565368284e-18
7.692401855468750000e+03 3.015485652352652707e-18
9.718894531250000000e+03 2.085191263170872443e-18
1.224167187500000000e+04 1.358145722104900140e-18
1.542616113281250000e+04 8.141046360598400224e-19
1.943778906250000000e+04 4.381512449718176550e-19
2.448334375000000000e+04 2.122626835075836832e-19
3.085232226562500000e+04 9.216734879583825269e-20
3.891693750000000000e+04 3.491109551637705839e-20
4.921482812500000000e+04 1.103551572599011544e-20
6.162192968750000000e+04 2.954204916789141707e-21
7.775115625000000000e+04 5.797351528852116160e-22
9.801609375000000000e+04 8.222412051687819989e-23
1.236574296875000000e+05 7.998271886633369589e-24
1.559158906250000000e+05 5.226365832724182159e-25
1.964457500000000000e+05 2.364077794625437342e-26
2.473148593750000000e+05 8.121531327523639443e-28
3.118317812500000000e+05 2.391469373158104197e-29
3.928915000000000000e+05 7.335914023182358216e-31
4.962840000000000000e+05 2.345246491161521355e-32
6.244907500000000000e+05 7.147138320276773541e-34
7.857830000000000000e+05 1.387608798774898560e-35
9.925680000000000000e+05 1.097042040945164878e-37
1.248981500000000000e+06 2.595449037618986053e-40
1.571566000000000000e+06 9.681581525855424288e-44
1.981000250000000000e+06 1.664844320559516959e-48
2.497963000000000000e+06 7.494343714991463625e-56
3.147267500000000000e+06 1.822338085130226359e-68
3.970272000000000000e+06 1.979264257085778465e-91
5.004197000000000000e+06 6.422887521165953494e-132
6.286264000000000000e+06 1.206975565032596801e-197
7.940544000000000000e+06 9.999999999999999821e-201
1.000839400000000000e+07 9.999999999999999821e-201
