1.211760009765625000e+03 1.581735526693773448e-13
1.526073364257812500e+03 8.129114112670733364e-14
1.923100463867187500e+03 4.018044818770520549e-14
2.423520019531250000e+03 1.893100787853964760e-14
3.056282226562500000e+03 8.444023642711275124e-15
3.850336669921875000e+03 3.527684133216031895e-15
4.838769042968750000e+03 1.347334049039382979e-15
6.120835937500000000e+03 4.658856933150631665e-16
7.692401855468750000e+03 1.434813318671325159e-16
9.718894531250000000e+03 4.305982267038083460e-18
1.224167187500000000e+04 3.085543715004741351e-18
1.542616113281250000e+04 2.177638022890835457e-18
1.943778906250000000e+04 1.503701457100044898e-18
2.448334375000000000e+04 9.969942955975563185e-19
3.085232226562500000e+04 6.248739986820440807e-19
3.891693750000000000e+04 3.682614639448175296e-19
4.921482812500000000e+04 2.015963770101742251e-19
6.162192968750000000e+04 1.026255956309380777e-19
7.775115625000000000e+04 4.494030808653856470e-20
9.801609375000000000e+04 1.646208383453669368e-20
1.236574296875000000e+05 4.718522204724624405e-21
1.559158906250000000e+05 1.013700560818335262e-21
1.964457500000000000e+05 1.582991370569867848e-22
2.473148593750000000e+05 1.781142306094806986e-23
3.118317812500000000e+05 1.489530212255667063e-24
3.928915000000000000e+05 1.060514592812649576e-25
4.962840000000000000e+05 7.235223617760503095e-27
6.244907500000000000e+05 5.973575005746430073e-28
7.857830000000000000e+05 6.243599360922545558e-29
9.925680000000000000e+05 7.374613653305258680e-30
1.248981500000000000e+06 8.023342616280581802e-31
1.571566000000000000e+06 5.880924108295091188e-32
1.981000250000000000e+06 2.079117510072637331e-33
2.497963000000000000e+06 2.590871257784527299e-35
3.147267500000000000e+06 7.103508508615109136e-38
3.970272000000000000e+06 1.181127069417344609e-41
5.004197000000000000e+06 7.210887687458646950e-48
6.286264000000000000e+06 9.595468397704856270e-59
7.940544000000000000e+06 1.430843771839310300e-78
1.000839400000000000e+07 9.999999999999999821e-201
