1.211760009765625000e+03 3.562018587672591755e-12
1.526073364257812500e+03 2.413021707410777269e-12
1.923100463867187500e+03 1.632330707625524191e-12
2.423520019531250000e+03 1.102232939786085197e-12
3.056282226562500000e+03 7.406849303438986118e-13
3.850336669921875000e+03 4.976792617167165400e-13
4.838769042968750000e+03 3.333982956265010205e-13
6.120835937500000000e+03 2.187660684892288767e-13
7.692401855468750000e+03 1.437644342854070808e-13
9.718894531250000000e+03 9.219240745820774748e-14
1.224167187500000000e+04 5.726289250937673545e-14
1.542616113281250000e+04 3.338141050445785981e-14
1.943778906250000000e+04 1.790655791196723214e-14
2.448334375000000000e+04 8.726615222774082883e-15
3.085232226562500000e+04 3.829872144129629705e-15
3.891693750000000000e+04 1.495430246818356612e-15
4.921482812500000000e+04 4.975214520904929180e-16
6.162192968750000000e+04 1.435868600629250733e-16
7.775115625000000000e+04 3.136454972519553971e-17
9.801609375000000000e+04 5.062359436413411305e-18
1.236574296875000000e+05 5.716732486443030242e-19
1.559158906250000000e+05 4.380258918487075987e-20
1.964457500000000000e+05 2.290763298846945009e-21
2.473148593750000000e+05 8.776295092085000617e-23
3.118317812500000000e+05 2.722985761808338686e-24
3.928915000000000000e+05 8.407645553416212253e-26
4.962840000000000000e+05 2.874669433878594368e-27
6.244907500000000000e+05 1.177721235310004857e-28
7.857830000000000000e+05 4.164494999633640750e-30
9.925680000000000000e+05 8.168325474920933026e-32
1.248981500000000000e+06 6.808634624709393455e-34
1.571566000000000000e+06 1.461226089611006321e-36
1.981000250000000000e+06 4.033248797878024202e-40
2.497963000000000000e+06 3.368498566972970756e-45
3.147267500000000000e+06 2.494782004418035633e-53
3.970272000000000000e+06 8.144571660554389423e-68
5.004197000000000000e+06 5.693240642822706425e-94
6.286264000000000000e+06 1.715392383220082158e-138
7.940544000000000000e+06 9.999999999999999821e-201
1.000839400000000000e+07 9.999999999999999821e-201
