1.211760009765625000e+03 9.714596148197977366e-12
1.526073364257812500e+03 6.734704027650570492e-12
1.923100463867187500e+03 4.677255296850059793e-12
2.423520019531250000e+03 3.250653326512399976e-12
3.056282226562500000e+03 2.251730354636310113e-12
3.850336669921875000e+03 1.555967506805921975e-12
4.838769042968750000e+03 1.072414691854467921e-12
6.120835937500000000e+03 7.310832793674366144e-13
7.692401855468750000e+03 4.980128811593276587e-13
9.718894531250000000e+03 3.325899834283038458e-13
1.224167187500000000e+04 2.182838688585972091e-13
1.542616113281250000e+04 1.371945274648986457e-13
1.943778906250000000e+04 8.104298865460198512e-14
2.448334375000000000e+04 4.406230352073791851e-14
3.085232226562500000e+04 2.188930265647088997e-14
3.891693750000000000e+04 9.816178353261016474e-15
4.921482812500000000e+04 3.863743161026213541e-15
6.162192968750000000e+04 1.331877312177382465e-15
7.775115625000000000e+04 3.585416232420115487e-16
9.801609375000000000e+04 7.279766599497214898e-17
1.236574296875000000e+05 1.046381391659638410e-17
1.559158906250000000e+05 1.037654225785080652e-18
1.964457500000000000e+05 7.065715976748769105e-20
2.473148593750000000e+05 3.425153472313825043e-21
3.118317812500000000e+05 1.293408042318044259e-22
3.928915000000000000e+05 4.630180706009144902e-24
4.962840000000000000e+05 1.792978622630491628e-25
6.244907500000000000e+05 8.940605986834573741e-27
7.857830000000000000e+05 4.597698999564606142e-28
9.925680000000000000e+05 1.655429133185159459e-29
1.248981500000000000e+06 3.214977544265446313e-31
1.571566000000000000e+06 2.185709720724771775e-33
1.981000250000000000e+06 3.061362258515992080e-36
2.497963000000000000e+06 3.846671510179160944e-40
3.147267500000000000e+06 4.936099823802241996e-46
3.970272000000000000e+06 3.991233597852451089e-56
5.004197000000000000e+06 2.463390514771783367e-74
6.286264000000000000e+06 3.708448954989037251e-106
7.940544000000000000e+06 2.343111535049952951e-160
1.000839400000000000e+07 9.999999999999999821e-201
