1.211760009765625000e+03 1.619099358032996314e-10
1.526073364257812500e+03 9.137836301834253997e-11
1.923100463867187500e+03 5.124576692689746417e-11
2.423520019531250000e+03 2.820969266111335959e-11
3.056282226562500000e+03 1.540657611066949186e-11
3.850336669921875000e+03 8.269751736424421422e-12
4.838769042968750000e+03 4.333303551388691000e-12
6.120835937500000000e+03 2.232634795913350023e-12
7.692401855468750000e+03 1.128829197294476080e-12
9.718894531250000000e+03 5.594255481628151243e-13
1.224167187500000000e+04 2.728548360732464861e-13
1.542616113281250000e+04 1.327688975466761030e-13
1.943778906250000000e+04 3.958638291974789230e-14
2.448334375000000000e+04 2.590700253302646354e-14
3.085232226562500000e+04 1.550185182517747527e-14
3.891693750000000000e+04 8.373415875515234487e-15
4.921482812500000000e+04 3.961973919357388435e-15
6.162192968750000000e+04 1.645094222456385561e-15
7.775115625000000000e+04 5.339777650957231032e-16
9.801609375000000000e+04 1.303876003951042117e-16
1.236574296875000000e+05 2.246232054096023536e-17
1.559158906250000000e+05 2.636365678302792216e-18
1.964457500000000000e+05 2.098140087752115619e-19
2.473148593750000000e+05 1.171854538243410208e-20
3.118317812500000000e+05 5.032853062625315452e-22
3.928915000000000000e+05 2.003853528383331538e-23
4.962840000000000000e+05 8.512120733700313861e-25
6.244907500000000000e+05 4.532824713604940759e-26
7.857830000000000000e+05 2.446066462822548973e-27
9.925680000000000000e+05 8.960154888708484470e-29
1.248981500000000000e+06 1.700723120916420587e-30
1.571566000000000000e+06 1.080400673919509721e-32
1.981000250000000000e+06 1.414387080423199840e-35
2.497963000000000000e+06 1.640492261694053954e-39
3.147267500000000000e+06 1.970184671052101763e-45
3.970272000000000000e+06 1.490397356160092220e-55
5.004197000000000000e+06 8.656400313590566128e-74
6.286264000000000000e+06 1.236149651663012288e-105
7.940544000000000000e+06 7.484260226777511533e-160
1.000839400000000000e+07 9.999999999999999821e-201
