1.211760009765625000e+03 1.942919229639595695e-13
1.526073364257812500e+03 1.275736886295041847e-13
1.923100463867187500e+03 8.397085851727456542e-14
2.423520019531250000e+03 5.517392427758595332e-14
3.056282226562500000e+03 3.599805764319891368e-14
3.850336669921875000e+03 2.339830230637621397e-14
4.838769042968750000e+03 1.515097500701369766e-14
6.120835937500000000e+03 9.698545860968685443e-15
7.692401855468750000e+03 6.210513576810439094e-15
9.718894531250000000e+03 3.908315473466243379e-15
1.224167187500000000e+04 2.420103763432273977e-15
1.542616113281250000e+04 1.442755353340546527e-15
1.943778906250000000e+04 8.104298865460197171e-16
2.448334375000000000e+04 4.202238206144448982e-16
3.085232226562500000e+04 1.992393316991906684e-16
3.891693750000000000e+04 8.602639820577649443e-17
4.921482812500000000e+04 3.274358611039164153e-17
6.162192968750000000e+04 1.100491846926227067e-17
7.775115625000000000e+04 2.895175674307151500e-18
9.801609375000000000e+04 5.833785562610780969e-19
1.236574296875000000e+05 8.371051133277105778e-20
1.559158906250000000e+05 8.265036565846281028e-21
1.964457500000000000e+05 5.609423370853985481e-22
2.473148593750000000e+05 2.740122777851060138e-23
3.118317812500000000e+05 1.041765389186778329e-24
3.928915000000000000e+05 3.768950040618862547e-26
4.962840000000000000e+05 1.480565680808511859e-27
6.244907500000000000e+05 7.533867282612349216e-29
7.857830000000000000e+05 3.986182383858969420e-30
9.925680000000000000e+05 1.470206293108498220e-31
1.248981500000000000e+06 2.957779340724210687e-33
1.571566000000000000e+06 2.061167856296009913e-35
1.981000250000000000e+06 2.979642116091540658e-38
2.497963000000000000e+06 3.824044030707518831e-42
3.147267500000000000e+06 5.127586454898018401e-48
3.970272000000000000e+06 4.294365263512130087e-58
5.004197000000000000e+06 2.762680951145925741e-76
6.286264000000000000e+06 4.349798565056876210e-108
7.940544000000000000e+06 2.871412256940129953e-162
1.000839400000000000e+07 9.999999999999999821e-201
