1.211760009765625000e+03 1.229270051060436559e-12
1.526073364257812500e+03 8.267566177850039182e-13
1.923100463867187500e+03 5.532659369596127626e-13
2.423520019531250000e+03 3.692791997359872233e-13
3.056282226562500000e+03 2.454188566347031786e-13
3.850336669921875000e+03 1.626515151950774812e-13
4.838769042968750000e+03 1.075532176423812125e-13
6.120835937500000000e+03 7.015445610091563280e-14
7.692401855468750000e+03 4.589530473429099633e-14
9.718894531250000000e+03 2.942731650609876662e-14
1.224167187500000000e+04 1.862530837543465448e-14
1.542616113281250000e+04 1.124109999228524207e-14
1.943778906250000000e+04 6.358757571361078175e-15
2.448334375000000000e+04 3.308752606973929861e-15
3.085232226562500000e+04 1.579665724816024689e-15
3.891693750000000000e+04 6.836267067449637036e-16
4.921482812500000000e+04 2.612938171609252530e-16
6.162192968750000000e+04 8.803934775409816532e-17
7.775115625000000000e+04 2.329561883631251413e-17
9.801609375000000000e+04 4.686973016114644756e-18
1.236574296875000000e+05 6.743346746251003134e-19
1.559158906250000000e+05 6.696489480357206526e-20
1.964457500000000000e+05 4.579231194091378394e-21
2.473148593750000000e+05 2.235912368221105584e-22
3.118317812500000000e+05 8.499538563804290743e-24
3.928915000000000000e+05 3.078260101048436613e-25
4.962840000000000000e+05 1.208902253137225002e-26
6.244907500000000000e+05 6.158389438483954111e-28
7.857830000000000000e+05 3.238773186885413066e-29
9.925680000000000000e+05 1.192372032993506099e-30
1.248981500000000000e+06 2.391943292933491654e-32
1.571566000000000000e+06 1.662633890123971877e-34
1.981000250000000000e+06 2.413887283922261109e-37
2.497963000000000000e+06 3.088650947879149595e-41
3.147267500000000000e+06 4.106324422387209581e-47
3.970272000000000000e+06 3.435492210809704070e-57
5.004197000000000000e+06 2.200935824412920231e-75
6.286264000000000000e+06 3.460184589801486182e-107
7.940544000000000000e+06 2.279519781489098392e-161
1.000839400000000000e+07 9.999999999999999821e-201
