1.211760009765625000e+03 5.243390997937626670e-14
1.526073364257812500e+03 3.579974828207792658e-14
1.923100463867187500e+03 2.440648317651625689e-14
2.423520019531250000e+03 1.656463189372219125e-14
3.056282226562500000e+03 1.120931793506116755e-14
3.850336669921875000e+03 7.604119287962273205e-15
4.838769042968750000e+03 5.114880617228094128e-15
6.120835937500000000e+03 3.401708934677956612e-15
7.692401855468750000e+03 2.273755269984824837e-15
9.718894531250000000e+03 1.505557417967633614e-15
1.224167187500000000e+04 9.905813924219545999e-16
1.542616113281250000e+04 6.408656707987030192e-16
1.943778906250000000e+04 4.040054682761452160e-16
2.448334375000000000e+04 2.449517601700163822e-16
3.085232226562500000e+04 1.413611240947408075e-16
3.891693750000000000e+04 7.657619843410709500e-17
4.921482812500000000e+04 3.859700212192331028e-17
6.162192968750000000e+04 1.820510520557235496e-17
7.775115625000000000e+04 7.413639850979581372e-18
9.801609375000000000e+04 2.528929839114044055e-18
1.236574296875000000e+05 6.815348653385138990e-19
1.559158906250000000e+05 1.380191931255631074e-19
1.964457500000000000e+05 2.042902057181071144e-20
2.473148593750000000e+05 2.200350492435104764e-21
3.118317812500000000e+05 1.767039587684220807e-22
3.928915000000000000e+05 1.201745212947714017e-23
4.962840000000000000e+05 7.839030107490990204e-25
6.244907500000000000e+05 6.131079214098263170e-26
7.857830000000000000e+05 6.078256301592467374e-27
9.925680000000000000e+05 6.732615830480056330e-28
1.248981500000000000e+06 6.885575130177800281e-29
1.571566000000000000e+06 4.713651188517750546e-30
1.981000250000000000e+06 1.550544718055728697e-31
2.497963000000000000e+06 1.793276248308678874e-33
3.147267500000000000e+06 4.535158744189909515e-36
3.970272000000000000e+06 7.012912022533665981e-40
5.004197000000000000e+06 3.993262047461632853e-46
6.286264000000000000e+06 5.116434556677577566e-57
7.940544000000000000e+06 7.645036371279824088e-77
1.000839400000000000e+07 9.999999999999999821e-201
