1.211760009765625000e+03 3.487290924994145825e-12
1.526073364257812500e+03 1.740540247968429589e-12
1.923100463867187500e+03 8.632518165327290616e-13
2.423520019531250000e+03 4.222112941332197571e-13
3.056282226562500000e+03 2.108536897916791619e-13
3.850336669921875000e+03 1.105343332701267047e-13
4.838769042968750000e+03 6.300329691291315387e-14
6.120835937500000000e+03 3.871111461618769200e-14
7.692401855468750000e+03 2.550501575849423612e-14
9.718894531250000000e+03 1.723592246973954474e-14
1.224167187500000000e+04 1.205533629957413802e-14
1.542616113281250000e+04 8.351593510507608967e-15
1.943778906250000000e+04 5.762862331318374621e-15
2.448334375000000000e+04 3.958379119246452061e-15
3.085232226562500000e+04 2.693973399795916212e-15
3.891693750000000000e+04 1.812224592435745754e-15
4.921482812500000000e+04 1.195052319516332950e-15
6.162192968750000000e+04 7.834392654901512296e-16
7.775115625000000000e+04 4.983358712494223387e-16
9.801609375000000000e+04 3.066666728373632382e-16
1.236574296875000000e+05 1.798409255078260135e-16
1.559158906250000000e+05 9.838867750235021268e-17
1.964457500000000000e+05 4.993048627558597352e-17
2.473148593750000000e+05 2.270628605248936999e-17
3.118317812500000000e+05 9.268961360416242860e-18
3.928915000000000000e+05 3.378624795895520832e-18
4.962840000000000000e+05 1.106278761361446517e-18
6.244907500000000000e+05 3.476198214363140166e-19
7.857830000000000000e+05 1.096206237039326579e-19
9.925680000000000000e+05 3.606524242342843130e-20
1.248981500000000000e+06 1.319938107562352558e-20
1.571566000000000000e+06 5.285042755708964776e-21
1.981000250000000000e+06 2.171731416265444770e-21
2.497963000000000000e+06 8.430598148482979735e-22
3.147267500000000000e+06 2.834197552806991064e-22
3.970272000000000000e+06 7.551211751505812241e-23
5.004197000000000000e+06 1.458466962797916117e-23
6.286264000000000000e+06 1.751522069774834310e-24
7.940544000000000000e+06 7.752812058474817004e-26
1.000839400000000000e+07 9.999999999999999821e-201
