1.211760009765625000e+03 5.293209439723257416e-13
1.526073364257812500e+03 2.640478671633924626e-13
1.923100463867187500e+03 1.389050650239027727e-13
2.423520019531250000e+03 7.846404581236827702e-14
3.056282226562500000e+03 4.829388960568203453e-14
3.850336669921875000e+03 3.167083024193701432e-14
4.838769042968750000e+03 2.155211790436781952e-14
6.120835937500000000e+03 1.472008625851213538e-14
7.692401855468750000e+03 1.014314857472424600e-14
9.718894531250000000e+03 6.940952562138357802e-15
1.224167187500000000e+04 4.745710097480616050e-15
1.542616113281250000e+04 3.227196555582565386e-15
1.943778906250000000e+04 2.187250575278306270e-15
2.448334375000000000e+04 1.475172342576317401e-15
3.085232226562500000e+04 9.853632435289567462e-16
3.891693750000000000e+04 6.472230687270521675e-16
4.921482812500000000e+04 4.190059984477019529e-16
6.162192968750000000e+04 2.695213799645418239e-16
7.775115625000000000e+04 1.663993480123503877e-16
9.801609375000000000e+04 1.002710946870714518e-16
1.236574296875000000e+05 5.792865992488264934e-17
1.559158906250000000e+05 3.158155080322352749e-17
1.964457500000000000e+05 1.592479903183461655e-17
2.473148593750000000e+05 7.283148356458855426e-18
3.118317812500000000e+05 2.966933893404264557e-18
3.928915000000000000e+05 1.080374207989846990e-18
4.962840000000000000e+05 3.533667186925854338e-19
6.244907500000000000e+05 1.116501021014129323e-19
7.857830000000000000e+05 3.517911133192109238e-20
9.925680000000000000e+05 1.150962971202553776e-20
1.248981500000000000e+06 4.208059563100160447e-21
1.571566000000000000e+06 1.684414211614845502e-21
1.981000250000000000e+06 6.871747167884691274e-22
2.497963000000000000e+06 2.658880954521555017e-22
3.147267500000000000e+06 8.938895911231060779e-23
3.970272000000000000e+06 2.369007608315548956e-23
5.004197000000000000e+06 4.557709258743488601e-24
6.286264000000000000e+06 5.470369788121974495e-25
7.940544000000000000e+06 2.418637893145811583e-26
1.000839400000000000e+07 9.999999999999999821e-201
