1.211760009765625000e+03 5.106390283027142430e-11
1.526073364257812500e+03 3.540417095299419422e-11
1.923100463867187500e+03 2.464191549011608581e-11
2.423520019531250000e+03 1.712508936381054017e-11
3.056282226562500000e+03 1.185116417337084410e-11
3.850336669921875000e+03 8.151899236620300278e-12
4.838769042968750000e+03 5.610778492788935064e-12
6.120835937500000000e+03 3.814087646176651872e-12
7.692401855468750000e+03 2.575560556650086524e-12
9.718894531250000000e+03 1.726847849151634222e-12
1.224167187500000000e+04 1.117856512292993458e-12
1.542616113281250000e+04 6.936608921385264597e-13
1.943778906250000000e+04 4.010858479695617333e-13
2.448334375000000000e+04 2.126171050317437040e-13
3.085232226562500000e+04 1.026514837754811565e-13
3.891693750000000000e+04 4.452589708149417920e-14
4.921482812500000000e+04 1.680413070398387955e-14
6.162192968750000000e+04 5.516913163226871198e-15
7.775115625000000000e+04 1.393947277066155491e-15
9.801609375000000000e+04 2.652138307824162815e-16
1.236574296875000000e+05 3.518477240807744348e-17
1.559158906250000000e+05 3.243413293078255843e-18
1.964457500000000000e+05 2.031170900229117819e-19
2.473148593750000000e+05 9.156340613132926767e-21
3.118317812500000000e+05 3.243560965373847049e-22
3.928915000000000000e+05 1.106679331445454294e-23
4.962840000000000000e+05 4.153067317660886197e-25
6.244907500000000000e+05 1.981690380770321397e-26
7.857830000000000000e+05 9.303667702369497232e-28
9.925680000000000000e+05 2.878468528619454163e-29
1.248981500000000000e+06 4.508190669174665585e-31
1.571566000000000000e+06 2.252744868545082683e-33
1.981000250000000000e+06 2.062587026275336132e-36
2.497963000000000000e+06 1.280470760405531268e-40
3.147267500000000000e+06 4.384507709258555904e-47
3.970272000000000000e+06 2.524397417391746156e-58
5.004197000000000000e+06 1.204097705449957274e-78
6.286264000000000000e+06 6.566069845778801661e-114
7.940544000000000000e+06 2.720041657473739282e-173
1.000839400000000000e+07 9.999999999999999821e-201
