1.211760009765625000e+03 1.081060186748185262e-12
1.526073364257812500e+03 7.130281356734304921e-13
1.923100463867187500e+03 4.685103040636720416e-13
2.423520019531250000e+03 3.070061475039489483e-13
3.056282226562500000e+03 1.999883954256330255e-13
3.850336669921875000e+03 1.301168531999009478e-13
4.838769042968750000e+03 8.416167739183401384e-14
6.120835937500000000e+03 5.388936738791527408e-14
7.692401855468750000e+03 3.453592564598979432e-14
9.718894531250000000e+03 2.170021190969310126e-14
1.224167187500000000e+04 1.341427814751592381e-14
1.542616113281250000e+04 7.910168068246353590e-15
1.943778906250000000e+04 4.366709081653573627e-15
2.448334375000000000e+04 2.222991225650653298e-15
3.085232226562500000e+04 1.033358270006510280e-15
3.891693750000000000e+04 4.342799824934775320e-16
4.921482812500000000e+04 1.600120295703584107e-16
6.162192968750000000e+04 5.160216191466512990e-17
7.775115625000000000e+04 1.293829516834884372e-17
9.801609375000000000e+04 2.462699857265293531e-18
1.236574296875000000e+05 3.306040879098597948e-19
1.559158906250000000e+05 3.058305338386444378e-20
1.964457500000000000e+05 1.933808989309044480e-21
2.473148593750000000e+05 8.811201388247649989e-23
3.118317812500000000e+05 3.175378002137759577e-24
3.928915000000000000e+05 1.106679331445454257e-25
4.962840000000000000e+05 4.246394673113939263e-27
6.244907500000000000e+05 2.073862026387545779e-28
7.857830000000000000e+05 1.005801913769675517e-29
9.925680000000000000e+05 3.209427088642264894e-31
1.248981500000000000e+06 5.187769305079976450e-33
1.571566000000000000e+06 2.677663810815562727e-35
1.981000250000000000e+06 2.543274680703909905e-38
2.497963000000000000e+06 1.633175281235797676e-42
3.147267500000000000e+06 5.759310974026067839e-49
3.970272000000000000e+06 3.445131741126417112e-60
5.004197000000000000e+06 1.696495048915747283e-80
6.286264000000000000e+06 9.552106499360356813e-116
7.940544000000000000e+06 4.089573121376601132e-175
1.000839400000000000e+07 9.999999999999999821e-201
