1.211760009765625000e+03 2.665286635531240433e-11
1.526073364257812500e+03 1.542750885550109369e-11
1.923100463867187500e+03 8.789122633130835965e-12
2.423520019531250000e+03 4.973990592222849331e-12
3.056282226562500000e+03 2.751576582222186141e-12
3.850336669921875000e+03 1.498599177594990814e-12
4.838769042968750000e+03 7.946967743830333175e-13
6.120835937500000000e+03 4.034833016069409154e-13
7.692401855468750000e+03 1.913248697039356109e-13
9.718894531250000000e+03 8.095752077948100327e-14
1.224167187500000000e+04 3.022757876060112604e-14
1.542616113281250000e+04 9.597378468851647336e-15
1.943778906250000000e+04 3.174101510715921785e-17
2.448334375000000000e+04 1.531512084220760751e-17
3.085232226562500000e+04 6.490960480708748991e-18
3.891693750000000000e+04 2.353629222220256203e-18
4.921482812500000000e+04 7.016536328606606320e-19
6.162192968750000000e+04 1.751332070967618869e-19
7.775115625000000000e+04 3.157145395746914032e-20
9.801609375000000000e+04 4.130585739727254005e-21
1.236574296875000000e+05 3.713335954132902944e-22
1.559158906250000000e+05 2.331458840987513227e-23
1.964457500000000000e+05 1.062294011068188583e-24
2.473148593750000000e+05 3.869244563108740421e-26
3.118317812500000000e+05 1.185832150342773224e-27
3.928915000000000000e+05 3.297723337010912907e-29
4.962840000000000000e+05 6.670038773705893280e-31
6.244907500000000000e+05 8.562204232724141405e-33
7.857830000000000000e+05 4.697921620285336701e-35
9.925680000000000000e+05 6.308364323708006888e-38
1.248981500000000000e+06 1.319161584313195330e-41
1.571566000000000000e+06 1.102898573452448236e-46
1.981000250000000000e+06 1.780527410867483583e-54
2.497963000000000000e+06 1.191874206296587397e-67
3.147267500000000000e+06 7.285968775895239588e-91
3.970272000000000000e+06 1.996401342701609296e-131
5.004197000000000000e+06 7.578364316815628559e-198
6.286264000000000000e+06 9.999999999999999821e-201
7.940544000000000000e+06 9.999999999999999821e-201
1.000839400000000000e+07 9.999999999999999821e-201
