1.211760009765625000e+03 1.893100787853964772e-12
1.526073364257812500e+03 1.246066432098975812e-12
1.923100463867187500e+03 8.239613501728781497e-13
2.423520019531250000e+03 5.571029635474338213e-13
3.056282226562500000e+03 3.751392075516826949e-13
3.850336669921875000e+03 2.550143648823069071e-13
4.838769042968750000e+03 1.717365068127907736e-13
6.120835937500000000e+03 1.121343308833037879e-13
7.692401855468750000e+03 7.010245816906647141e-14
9.718894531250000000e+03 4.041948673143652418e-14
1.224167187500000000e+04 2.123339854597808431e-14
1.542616113281250000e+04 1.001260700233284526e-14
1.943778906250000000e+04 4.203292362981771239e-15
2.448334375000000000e+04 1.569117776687257071e-15
3.085232226562500000e+04 5.153434093973004920e-16
3.891693750000000000e+04 1.430193363097314887e-16
4.921482812500000000e+04 3.241203890182875713e-17
6.162192968750000000e+04 6.194183821481376355e-18
7.775115625000000000e+04 8.524133875375572314e-19
9.801609375000000000e+04 8.522378771261956778e-20
1.236574296875000000e+05 5.873299796597766332e-21
1.559158906250000000e+05 2.826057905680382200e-22
1.964457500000000000e+05 9.965060686696348887e-24
2.473148593750000000e+05 2.796026097983684773e-25
3.118317812500000000e+05 6.568879135666575976e-27
3.928915000000000000e+05 1.354535951280412090e-28
4.962840000000000000e+05 2.017043409038182754e-30
6.244907500000000000e+05 1.948816359622131973e-32
7.857830000000000000e+05 7.894327230429806102e-35
9.925680000000000000e+05 7.704945272340661908e-38
1.248981500000000000e+06 1.131007514562953495e-41
1.571566000000000000e+06 5.786444552873634276e-47
1.981000250000000000e+06 3.919321830902632841e-55
2.497963000000000000e+06 5.651010538892585840e-69
3.147267500000000000e+06 2.866396766364627038e-93
3.970272000000000000e+06 1.966442139135856225e-135
5.004197000000000000e+06 9.999999999999999821e-201
6.286264000000000000e+06 9.999999999999999821e-201
7.940544000000000000e+06 9.999999999999999821e-201
1.000839400000000000e+07 9.999999999999999821e-201
