1.211760009765625000e+03 1.089778414060670570e-13
1.526073364257812500e+03 6.250121799522997301e-14
1.923100463867187500e+03 3.515789216424205796e-14
2.423520019531250000e+03 1.949141419364010730e-14
3.056282226562500000e+03 1.061592713491193496e-14
3.850336669921875000e+03 5.602379772936875680e-15
4.838769042968750000e+03 2.892409317792998838e-15
6.120835937500000000e+03 1.425171025624413241e-15
7.692401855468750000e+03 6.767041238817658808e-16
9.718894531250000000e+03 2.956489942744403166e-16
1.224167187500000000e+04 1.173596521374773306e-16
1.542616113281250000e+04 1.260925281428115973e-19
1.943778906250000000e+04 8.089799411063546276e-20
2.448334375000000000e+04 4.716944813207706737e-20
3.085232226562500000e+04 2.471639379860557194e-20
3.891693750000000000e+04 1.142604048536653297e-20
4.921482812500000000e+04 4.434839885792056147e-21
6.162192968750000000e+04 1.468709813246796766e-21
7.775115625000000000e+04 3.593971260009095006e-22
9.801609375000000000e+04 6.427915972636205724e-23
1.236574296875000000e+05 7.814831447419556071e-24
1.559158906250000000e+05 6.459097981196457789e-25
1.964457500000000000e+05 3.617495430722714543e-26
2.473148593750000000e+05 1.508669570881215044e-27
3.118317812500000000e+05 5.207026098044848459e-29
3.928915000000000000e+05 1.818018387710832925e-30
4.962840000000000000e+05 6.766972095989191961e-32
6.244907500000000000e+05 2.586826413435293053e-33
7.857830000000000000e+05 6.802067758328009055e-35
9.925680000000000000e+05 7.956849039082826557e-37
1.248981500000000000e+06 3.190349210711064885e-39
1.571566000000000000e+06 2.478802397264775699e-42
1.981000250000000000e+06 1.417482993015869271e-46
2.497963000000000000e+06 6.496468951358105750e-53
3.147267500000000000e+06 1.494594969542731472e-63
3.970272000000000000e+06 7.519978848280291661e-83
5.004197000000000000e+06 2.581426063716660242e-117
6.286264000000000000e+06 2.170873655440153453e-174
7.940544000000000000e+06 9.999999999999999821e-201
1.000839400000000000e+07 9.999999999999999821e-201
