1.211760009765625000e+03 9.353412445252152948e-13
1.526073364257812500e+03 6.002885968845662526e-13
1.923100463867187500e+03 3.837546711677313710e-13
2.423520019531250000e+03 2.441097240864831175e-13
3.056282226562500000e+03 1.540543844694196997e-13
3.850336669921875000e+03 9.716015270547868356e-14
4.838769042968750000e+03 6.102392102125163119e-14
6.120835937500000000e+03 3.777561754667119585e-14
7.692401855468750000e+03 2.320128424737482772e-14
9.718894531250000000e+03 1.392075917764575780e-14
1.224167187500000000e+04 7.973875430275330744e-15
1.542616113281250000e+04 4.235802891504030560e-15
1.943778906250000000e+04 2.055760791517324210e-15
2.448334375000000000e+04 8.997640395136087908e-16
3.085232226562500000e+04 3.559160706999202309e-16
3.891693750000000000e+04 1.239985075400572877e-16
4.921482812500000000e+04 3.649239677451748849e-17
6.162192968750000000e+04 9.168824267667864429e-18
7.775115625000000000e+04 1.703414780631529661e-18
9.801609375000000000e+04 2.332079270560087085e-19
1.236574296875000000e+05 2.204183228759361780e-20
1.559158906250000000e+05 1.414018747234900617e-21
1.964457500000000000e+05 6.284408120525592095e-23
2.473148593750000000e+05 2.100068042666651697e-24
3.118317812500000000e+05 5.857904360300455767e-26
3.928915000000000000e+05 1.692637809248017184e-27
4.962840000000000000e+05 5.323778994948843129e-29
6.244907500000000000e+05 1.770128360050721941e-30
7.857830000000000000e+05 4.205579527998501080e-32
9.925680000000000000e+05 4.610510658160142772e-34
1.248981500000000000e+06 1.732183467165210253e-36
1.571566000000000000e+06 1.274525928958002024e-39
1.981000250000000000e+06 6.904513933722460574e-44
2.497963000000000000e+06 2.993016052589984564e-50
3.147267500000000000e+06 6.596337413654939944e-61
3.970272000000000000e+06 3.163242715534677901e-80
5.004197000000000000e+06 1.040679617309858128e-114
6.286264000000000000e+06 8.405045269281355654e-172
7.940544000000000000e+06 9.999999999999999821e-201
1.000839400000000000e+07 9.999999999999999821e-201
