1.211760009765625000e+03 5.417755544187333966e-13
1.526073364257812500e+03 3.075613733626031367e-13
1.923100463867187500e+03 1.718655889278796693e-13
2.423520019531250000e+03 9.465479097230976557e-14
3.056282226562500000e+03 5.085769743701996288e-14
3.850336669921875000e+03 2.683657443679552132e-14
4.838769042968750000e+03 1.379265153694616434e-14
6.120835937500000000e+03 6.770175612260551821e-15
7.692401855468750000e+03 3.190176584014038575e-15
9.718894531250000000e+03 1.393561591102638039e-15
1.224167187500000000e+04 5.527968661428840306e-16
1.542616113281250000e+04 2.786116340401046847e-18
1.943778906250000000e+04 1.794031987041739000e-18
2.448334375000000000e+04 1.046998155070381274e-18
3.085232226562500000e+04 5.465853942891632584e-19
3.891693750000000000e+04 2.525414630004307524e-19
4.921482812500000000e+04 9.807331633151579636e-20
6.162192968750000000e+04 3.243047102082522158e-20
7.775115625000000000e+04 7.932256094576286955e-21
9.801609375000000000e+04 1.414925406171750159e-21
1.236574296875000000e+05 1.728280031640862998e-22
1.559158906250000000e+05 1.422747258020300783e-23
1.964457500000000000e+05 7.974332993271969428e-25
2.473148593750000000e+05 3.331142412505723207e-26
3.118317812500000000e+05 1.148335219836676543e-27
3.928915000000000000e+05 3.982677198230628688e-29
4.962840000000000000e+05 1.483281798291469795e-30
6.244907500000000000e+05 5.654063446508570080e-32
7.857830000000000000e+05 1.475000356196575596e-33
9.925680000000000000e+05 1.719646112418601613e-35
1.248981500000000000e+06 6.840656743211761610e-38
1.571566000000000000e+06 5.278745186078023950e-41
1.981000250000000000e+06 2.995004388469014296e-45
2.497963000000000000e+06 1.354977809854690631e-51
3.147267500000000000e+06 3.089787677420069636e-62
3.970272000000000000e+06 1.533105365197788437e-81
5.004197000000000000e+06 5.180872553707085605e-116
6.286264000000000000e+06 4.285026146486385177e-173
7.940544000000000000e+06 9.999999999999999821e-201
1.000839400000000000e+07 9.999999999999999821e-201
