1.211760009765625000e+03 2.403739816156679057e-15
1.526073364257812500e+03 1.404299518247255641e-15
1.923100463867187500e+03 8.004698662394397096e-16
2.423520019531250000e+03 4.477429102585913883e-16
3.056282226562500000e+03 2.429395405775657871e-16
3.850336669921875000e+03 1.269531112482672462e-16
4.838769042968750000e+03 6.385328411549342495e-17
6.120835937500000000e+03 3.045150718254984885e-17
7.692401855468750000e+03 1.360040880489930678e-17
9.718894531250000000e+03 5.569405396243172990e-18
1.224167187500000000e+04 2.000600938252315416e-18
1.542616113281250000e+04 4.618527182713237021e-22
1.943778906250000000e+04 2.963149830079932348e-22
2.448334375000000000e+04 1.722580643407032703e-22
3.085232226562500000e+04 9.001969457988843534e-23
3.891693750000000000e+04 4.158712549277845490e-23
4.921482812500000000e+04 1.634056229796697918e-23
6.162192968750000000e+04 5.475796839526140248e-24
7.775115625000000000e+04 1.369024454747058608e-24
9.801609375000000000e+04 2.509579740204080771e-25
1.236574296875000000e+05 3.159982186924710081e-26
1.559158906250000000e+05 2.674491572885604739e-27
1.964457500000000000e+05 1.542765141808236901e-28
2.473148593750000000e+05 6.524924914467109037e-30
3.118317812500000000e+05 2.248717375786546463e-31
3.928915000000000000e+05 7.740234723278371355e-33
4.962840000000000000e+05 2.910761959706897765e-34
6.244907500000000000e+05 1.206620190474366974e-35
7.857830000000000000e+05 3.825205743851067394e-37
9.925680000000000000e+05 6.089355209808465197e-39
1.248981500000000000e+06 3.704965745046152612e-41
1.571566000000000000e+06 5.053606680490579146e-44
1.981000250000000000e+06 6.811861462022304773e-48
2.497963000000000000e+06 1.489197339040837145e-53
3.147267500000000000e+06 7.317963744361863840e-63
3.970272000000000000e+06 1.179227998932938732e-79
5.004197000000000000e+06 7.367742491395635798e-110
6.286264000000000000e+06 1.334601166590866730e-160
7.940544000000000000e+06 9.999999999999999821e-201
1.000839400000000000e+07 9.999999999999999821e-201
