1.211760009765625000e+03 5.118844893473550246e-12
1.526073364257812500e+03 2.818488469721604574e-12
1.923100463867187500e+03 1.530310038398928828e-12
2.423520019531250000e+03 8.095490727902209107e-13
3.056282226562500000e+03 4.202064004705456856e-13
3.850336669921875000e+03 2.111966881568396735e-13
4.838769042968750000e+03 1.034111723236283831e-13
6.120835937500000000e+03 4.837860415292193932e-14
7.692401855468750000e+03 2.172961178528847910e-14
9.718894531250000000e+03 9.367409615244580573e-15
1.224167187500000000e+04 3.855090572025529737e-15
1.542616113281250000e+04 7.607916352346117538e-16
1.943778906250000000e+04 4.875355516273383437e-16
2.448334375000000000e+04 2.829520669540073437e-16
3.085232226562500000e+04 1.476453218516434036e-16
3.891693750000000000e+04 6.819352285307387636e-17
4.921482812500000000e+04 2.672162540491070984e-17
6.162192968750000000e+04 8.940772018064467165e-18
7.775115625000000000e+04 2.233030999520757626e-18
9.801609375000000000e+04 4.072034434225370899e-19
1.236574296875000000e+05 5.102662528754413713e-20
1.559158906250000000e+05 4.294918819986882721e-21
1.964457500000000000e+05 2.460223481953335092e-22
2.473148593750000000e+05 1.031037753660069841e-23
3.118317812500000000e+05 3.513620899666478544e-25
3.928915000000000000e+05 1.198089523656386524e-26
4.962840000000000000e+05 4.413090713104006649e-28
6.244907500000000000e+05 1.800199477723854109e-29
7.857830000000000000e+05 5.605564660751821338e-31
9.925680000000000000e+05 8.640852104949094096e-33
1.248981500000000000e+06 5.112078170865075408e-35
1.571566000000000000e+06 6.707514321378407197e-38
1.981000250000000000e+06 8.662247709914930579e-42
2.497963000000000000e+06 1.798716785978736916e-47
3.147267500000000000e+06 8.341720330360674393e-57
3.970272000000000000e+06 1.260554067824865221e-73
5.004197000000000000e+06 7.300148523584666963e-104
6.286264000000000000e+06 1.214618549397352852e-154
7.940544000000000000e+06 9.999999999999999821e-201
1.000839400000000000e+07 9.999999999999999821e-201
