1.211760009765625000e+03 4.085112226421713871e-13
1.526073364257812500e+03 2.660257538088110883e-13
1.923100463867187500e+03 1.726503633065458376e-13
2.423520019531250000e+03 1.114687603554851846e-13
3.056282226562500000e+03 7.160005198464847253e-14
3.850336669921875000e+03 4.585111358055284618e-14
4.838769042968750000e+03 2.929325599597159794e-14
6.120835937500000000e+03 1.846682314397512059e-14
7.692401855468750000e+03 1.164570609212419058e-14
9.718894531250000000e+03 7.199602905638802157e-15
1.224167187500000000e+04 4.340577798608223375e-15
1.542616113281250000e+04 2.474942441572792904e-15
1.943778906250000000e+04 1.307909465094249437e-15
2.448334375000000000e+04 6.322176461507560482e-16
3.085232226562500000e+04 2.783962909994581461e-16
3.891693750000000000e+04 1.096176178398133147e-16
4.921482812500000000e+04 3.741679580722760590e-17
6.162192968750000000e+04 1.107446049874128991e-17
7.775115625000000000e+04 2.503287211890585405e-18
9.801609375000000000e+04 4.222098040799832831e-19
1.236574296875000000e+05 4.982110361714233454e-20
1.559158906250000000e+05 4.021619289616049040e-21
1.964457500000000000e+05 2.225694633942900596e-22
2.473148593750000000e+05 8.923198356801960805e-24
3.118317812500000000e+05 2.906704333623680439e-25
3.928915000000000000e+05 9.315327975790080385e-27
4.962840000000000000e+05 3.317780690375976771e-28
6.244907500000000000e+05 1.451177440202256461e-29
7.857830000000000000e+05 5.687012880567181056e-31
9.925680000000000000e+05 1.318544282844196259e-32
1.248981500000000000e+06 1.358592957473166904e-34
1.571566000000000000e+06 3.872302940670810766e-37
1.981000250000000000e+06 1.596107113349420137e-40
2.497963000000000000e+06 2.598624947841539439e-45
3.147267500000000000e+06 6.816946705860922115e-53
3.970272000000000000e+06 2.517395315048838949e-66
5.004197000000000000e+06 1.256138701390592232e-90
6.286264000000000000e+06 2.883210506861134560e-132
7.940544000000000000e+06 9.999999999999999821e-201
1.000839400000000000e+07 9.999999999999999821e-201
