1.211760009765625000e+03 1.345097928212027952e-12
1.526073364257812500e+03 7.812652249403746689e-13
1.923100463867187500e+03 4.473213958396868866e-13
2.423520019531250000e+03 2.534513225843959308e-13
3.056282226562500000e+03 1.407317667102549371e-13
3.850336669921875000e+03 7.681249707930353188e-14
4.838769042968750000e+03 4.082728279975372211e-14
6.120835937500000000e+03 2.115228924357406819e-14
7.692401855468750000e+03 1.060138036982353284e-14
9.718894531250000000e+03 5.008119739964467203e-15
1.224167187500000000e+04 2.211743020868594401e-15
1.542616113281250000e+04 8.743568380139902605e-16
1.943778906250000000e+04 1.259600671419741995e-18
2.448334375000000000e+04 7.966897419258077240e-19
3.085232226562500000e+04 4.563284730710599954e-19
3.891693750000000000e+04 2.350552451097097809e-19
4.921482812500000000e+04 1.046039208978088865e-19
6.162192968750000000e+04 4.055322980255648184e-20
7.775115625000000000e+04 1.195912159877403698e-20
9.801609375000000000e+04 2.636899934996600704e-21
1.236574296875000000e+05 4.056850672102609559e-22
1.559158906250000000e+05 4.231914122572796236e-23
1.964457500000000000e+05 3.001198802663229869e-24
2.473148593750000000e+05 1.522799411325138870e-25
3.118317812500000000e+05 6.149731839774656573e-27
3.928915000000000000e+05 2.398872186104521623e-28
4.962840000000000000e+05 1.033735151886186448e-29
6.244907500000000000e+05 5.381752677288504258e-31
7.857830000000000000e+05 2.541251909137166110e-32
9.925680000000000000e+05 7.061383773044944255e-34
1.248981500000000000e+06 9.003232590064877043e-36
1.571566000000000000e+06 3.295227546684586359e-38
1.981000250000000000e+06 1.877833517523828296e-41
2.497963000000000000e+06 5.028848892989807788e-46
3.147267500000000000e+06 3.244067980552737243e-53
3.970272000000000000e+06 6.368353306363565682e-66
5.004197000000000000e+06 5.907132182850006871e-89
6.286264000000000000e+06 1.258199116869564031e-128
7.940544000000000000e+06 1.307425384102652780e-194
1.000839400000000000e+07 9.999999999999999821e-201
