1.211760009765625000e+03 3.300471768298031101e-13
1.526073364257812500e+03 2.225122476096003638e-13
1.923100463867187500e+03 1.498919063252284217e-13
2.423520019531250000e+03 1.002596140935817111e-13
3.056282226562500000e+03 6.666241581012078623e-14
3.850336669921875000e+03 4.428475596919030264e-14
4.838769042968750000e+03 2.948290803707406248e-14
6.120835937500000000e+03 1.930761285605307257e-14
7.692401855468750000e+03 1.262811485228979729e-14
9.718894531250000000e+03 8.083013926811950051e-15
1.224167187500000000e+04 5.040445937032113613e-15
1.542616113281250000e+04 2.988093271659461811e-15
1.943778906250000000e+04 1.646725648415717857e-15
2.448334375000000000e+04 8.329029120133442661e-16
3.085232226562500000e+04 3.816565411139775077e-16
3.891693750000000000e+04 1.588501199828175601e-16
4.921482812500000000e+04 5.666045715297981333e-17
6.162192968750000000e+04 1.778986024357430976e-17
7.775115625000000000e+04 4.276115186293350305e-18
9.801609375000000000e+04 7.683150064406339471e-19
1.236574296875000000e+05 9.697391713528699881e-20
1.559158906250000000e+05 8.367098779486784250e-21
1.964457500000000000e+05 4.927894330298882450e-22
2.473148593750000000e+05 2.102913472782334238e-23
3.118317812500000000e+05 7.174687146403766758e-25
3.928915000000000000e+05 2.378192253465689705e-26
4.962840000000000000e+05 8.791866291784495384e-28
6.244907500000000000e+05 4.012543515575528327e-29
7.857830000000000000e+05 1.692954352075619714e-30
9.925680000000000000e+05 4.333701232554658586e-32
1.248981500000000000e+06 5.156585871445934232e-34
1.571566000000000000e+06 1.750284067823563743e-36
1.981000250000000000e+06 9.281246121094783018e-40
2.497963000000000000e+06 2.316773171596299252e-44
3.147267500000000000e+06 1.383438022674425166e-51
3.970272000000000000e+06 2.536547503382098240e-64
5.004197000000000000e+06 2.195396224206531615e-87
6.286264000000000000e+06 4.367456314096714437e-127
7.940544000000000000e+06 4.246558826317670891e-193
1.000839400000000000e+07 9.999999999999999821e-201
