1.211760009765625000e+03 1.320188707319212400e-11
1.526073364257812500e+03 7.239065122232332616e-12
1.923100463867187500e+03 3.892480918183942611e-12
2.423520019531250000e+03 2.036328807987653209e-12
3.056282226562500000e+03 1.041923385153262555e-12
3.850336669921875000e+03 5.173947514771888670e-13
4.838769042968750000e+03 2.479583079118471161e-13
6.120835937500000000e+03 1.141578967185603885e-13
7.692401855468750000e+03 5.061061618807227272e-14
9.718894531250000000e+03 2.203945572003598169e-14
1.224167187500000000e+04 9.775655319218049546e-15
1.542616113281250000e+04 4.757694846339589279e-15
1.943778906250000000e+04 2.199067967283643485e-15
2.448334375000000000e+04 1.627868975327140569e-15
3.085232226562500000e+04 1.169983287271022405e-15
3.891693750000000000e+04 8.138585825689796090e-16
4.921482812500000000e+04 5.370640130400547294e-16
6.162192968750000000e+04 3.423937290540446410e-16
7.775115625000000000e+04 2.005357476259187440e-16
9.801609375000000000e+04 1.070867592541967843e-16
1.236574296875000000e+05 4.949855273275548577e-17
1.559158906250000000e+05 1.909092984454840877e-17
1.964457500000000000e+05 5.913518503655108797e-18
2.473148593750000000e+05 1.447472874179577680e-18
3.118317812500000000e+05 2.739451836408977326e-19
3.928915000000000000e+05 4.231479895836909652e-20
4.962840000000000000e+05 5.674449328773279148e-21
6.244907500000000000e+05 7.817439988299871022e-22
7.857830000000000000e+05 1.201517347093489236e-22
9.925680000000000000e+05 2.192538295658904790e-23
1.248981500000000000e+06 4.774404227546241720e-24
1.571566000000000000e+06 1.023428227152770733e-24
1.981000250000000000e+06 1.754201870114168775e-25
2.497963000000000000e+06 1.952395616424613404e-26
3.147267500000000000e+06 1.174864133781794438e-27
3.970272000000000000e+06 2.851390348127227806e-29
5.004197000000000000e+06 1.547287583681933695e-31
6.286264000000000000e+06 4.798860075336068913e-35
7.940544000000000000e+06 3.198520966024509251e-41
1.000839400000000000e+07 9.999999999999999821e-201
