1.211760009765625000e+03 2.428649037049494342e-12
1.526073364257812500e+03 1.335073485657602082e-12
1.923100463867187500e+03 7.212076539941618178e-13
2.423520019531250000e+03 3.786201575707930151e-13
3.056282226562500000e+03 1.940644030166977032e-13
3.850336669921875000e+03 9.603160159993278672e-14
4.838769042968750000e+03 4.553699742783609169e-14
6.120835937500000000e+03 2.053855895606065345e-14
7.692401855468750000e+03 8.729350466547351114e-15
9.718894531250000000e+03 3.476646536118351967e-15
1.224167187500000000e+04 1.292750388561581245e-15
1.542616113281250000e+04 4.621203600747880937e-16
1.943778906250000000e+04 7.996610790122341425e-17
2.448334375000000000e+04 5.910786242516260578e-17
3.085232226562500000e+04 4.251553441539974399e-17
3.891693750000000000e+04 2.942940106589094703e-17
4.921482812500000000e+04 1.943777551782583934e-17
6.162192968750000000e+04 1.235370338999015416e-17
7.775115625000000000e+04 7.259618126346108783e-18
9.801609375000000000e+04 3.868509178057858727e-18
1.236574296875000000e+05 1.793883719605535586e-18
1.559158906250000000e+05 6.922402203795601635e-19
1.964457500000000000e+05 2.147834550855864940e-19
2.473148593750000000e+05 5.256275668930253154e-20
3.118317812500000000e+05 9.958374785896151369e-21
3.928915000000000000e+05 1.546632683446718602e-21
4.962840000000000000e+05 2.078432021585561468e-22
6.244907500000000000e+05 2.877120770512301006e-23
7.857830000000000000e+05 4.463841537189434123e-24
9.925680000000000000e+05 8.193629168637663274e-25
1.248981500000000000e+06 1.799015201204280342e-25
1.571566000000000000e+06 3.901390825656199031e-26
1.981000250000000000e+06 6.755215973509827556e-27
2.497963000000000000e+06 7.637843962401843467e-28
3.147267500000000000e+06 4.685041024283229596e-29
3.970272000000000000e+06 1.156916575674571707e-30
5.004197000000000000e+06 6.436375348098401490e-33
6.286264000000000000e+06 2.048951492840119610e-36
7.940544000000000000e+06 1.405708957888719863e-42
1.000839400000000000e+07 9.999999999999999821e-201
