1.211760009765625000e+03 3.437472483208515108e-10
1.526073364257812500e+03 1.878992313147736243e-10
1.923100463867187500e+03 1.028054436052613710e-10
2.423520019531250000e+03 5.598347395660245287e-11
3.056282226562500000e+03 3.106018053371573770e-11
3.850336669921875000e+03 1.783439064962646118e-11
4.838769042968750000e+03 1.075986236583421107e-11
6.120835937500000000e+03 6.901743148549059607e-12
7.692401855468750000e+03 4.723385417945077848e-12
9.718894531250000000e+03 3.375677588391651255e-12
1.224167187500000000e+04 2.471304082033409424e-12
1.542616113281250000e+04 1.799175418616241699e-12
1.943778906250000000e+04 1.289692976364600858e-12
2.448334375000000000e+04 8.823672440092755117e-13
3.085232226562500000e+04 5.703601753281374651e-13
3.891693750000000000e+04 3.417246112061814987e-13
4.921482812500000000e+04 1.864395600854881012e-13
6.162192968750000000e+04 9.457720546709505995e-14
7.775115625000000000e+04 4.101016215879630178e-14
9.801609375000000000e+04 1.456648729142741961e-14
1.236574296875000000e+05 4.005168343697565264e-15
1.559158906250000000e+05 8.114713035290251825e-16
1.964457500000000000e+05 1.181695429880125917e-16
2.473148593750000000e+05 1.229022822053219947e-17
3.118317812500000000e+05 9.385933220758392854e-19
3.928915000000000000e+05 5.980739726230872874e-20
4.962840000000000000e+05 3.624220270741943697e-21
6.244907500000000000e+05 2.592560123229925772e-22
7.857830000000000000e+05 2.327262525463129717e-23
9.925680000000000000e+05 2.266994047449466527e-24
1.248981500000000000e+06 1.958209846447099516e-25
1.571566000000000000e+06 1.076379178964158106e-26
1.981000250000000000e+06 2.671764093722951390e-28
2.497963000000000000e+06 2.215581957809488631e-30
3.147267500000000000e+06 3.668504549286842940e-33
3.970272000000000000e+06 2.876598314824798752e-37
5.004197000000000000e+06 4.850486441775067701e-44
6.286264000000000000e+06 6.899739177493209421e-56
7.940544000000000000e+06 2.155770886172839312e-77
1.000839400000000000e+07 9.999999999999999821e-201
