1.211760009765625000e+03 2.677741245977648350e-13
1.526073364257812500e+03 1.789987414103895887e-13
1.923100463867187500e+03 1.192857055572498532e-13
2.423520019531250000e+03 7.908677633468867239e-14
3.056282226562500000e+03 5.234307053376579662e-14
3.850336669921875000e+03 3.433610155840170792e-14
4.838769042968750000e+03 2.258011696482309985e-14
6.120835937500000000e+03 1.466620419066675707e-14
7.692401855468750000e+03 9.564365493598332685e-15
9.718894531250000000e+03 6.193903831911287728e-15
1.224167187500000000e+04 3.988342231400452175e-15
1.542616113281250000e+04 2.545641815701703760e-15
1.943778906250000000e+04 1.582805016447464789e-15
2.448334375000000000e+04 9.473267957154798194e-16
3.085232226562500000e+04 5.361385648084492219e-16
3.891693750000000000e+04 2.839329490169008049e-16
4.921482812500000000e+04 1.402148757667720351e-16
6.162192968750000000e+04 6.425946577063374952e-17
7.775115625000000000e+04 2.527065429401307854e-17
9.801609375000000000e+04 8.266977917563516898e-18
1.236574296875000000e+05 2.107676052587202944e-18
1.559158906250000000e+05 4.021952010510352054e-19
1.964457500000000000e+05 5.557974267656524475e-20
2.473148593750000000e+05 5.548344498507975176e-21
3.118317812500000000e+05 4.133540127022735192e-22
3.928915000000000000e+05 2.643846316745836120e-23
4.962840000000000000e+05 1.612366177267580537e-24
6.244907500000000000e+05 1.205135369782660512e-25
7.857830000000000000e+05 1.140765146215005851e-26
9.925680000000000000e+05 1.182779503017112847e-27
1.248981500000000000e+06 1.100117891262415427e-28
1.571566000000000000e+06 6.558071818854474209e-30
1.981000250000000000e+06 1.807760779832444705e-31
2.497963000000000000e+06 1.641845435899121442e-33
3.147267500000000000e+06 2.943761142213526015e-36
3.970272000000000000e+06 2.499730542235811694e-40
5.004197000000000000e+06 4.560183013838406078e-47
6.286264000000000000e+06 7.003494653846491151e-59
7.940544000000000000e+06 2.351750057643098035e-80
1.000839400000000000e+07 9.999999999999999821e-201
