1.211760009765625000e+03 2.291648322139010330e-10
1.526073364257812500e+03 1.265847453067948621e-10
1.923100463867187500e+03 6.984491970128445100e-11
2.423520019531250000e+03 3.929429595841617578e-11
3.056282226562500000e+03 2.276429765666606933e-11
3.850336669921875000e+03 1.387554789003904601e-11
4.838769042968750000e+03 8.982145974957256159e-12
6.120835937500000000e+03 6.088323420327208262e-12
7.692401855468750000e+03 4.351002335202520061e-12
9.718894531250000000e+03 3.143406194694978176e-12
1.224167187500000000e+04 2.287791402674492913e-12
1.542616113281250000e+04 1.665194270421415097e-12
1.943778906250000000e+04 1.165120359329383991e-12
2.448334375000000000e+04 7.849279164499689515e-13
3.085232226562500000e+04 4.981145531199066475e-13
3.891693750000000000e+04 2.914709919111548166e-13
4.921482812500000000e+04 1.571639266836346065e-13
6.162192968750000000e+04 7.884380119312972079e-14
7.775115625000000000e+04 3.357761677820422806e-14
9.801609375000000000e+04 1.180481126219768680e-14
1.236574296875000000e+05 3.205302362521812604e-15
1.559158906250000000e+05 6.443620298528909619e-16
1.964457500000000000e+05 9.288326366218789572e-17
2.473148593750000000e+05 9.580571604981794669e-18
3.118317812500000000e+05 7.272544283633986204e-19
3.928915000000000000e+05 4.594645540752472780e-20
4.962840000000000000e+05 2.759349524314888327e-21
6.244907500000000000e+05 1.986954281944185191e-22
7.857830000000000000e+05 1.798801165969319192e-23
9.925680000000000000e+05 1.770649077433356212e-24
1.248981500000000000e+06 1.544565519332431594e-25
1.571566000000000000e+06 8.554006720244965604e-27
1.981000250000000000e+06 2.153362105388647302e-28
2.497963000000000000e+06 1.769158727504592045e-30
3.147267500000000000e+06 2.960047510911803132e-33
3.970272000000000000e+06 2.337534285678526507e-37
5.004197000000000000e+06 4.076343967277302293e-44
6.286264000000000000e+06 5.836245544872077238e-56
7.940544000000000000e+06 1.825056034316779259e-77
1.000839400000000000e+07 9.999999999999999821e-201
