1.211760009765625000e+03 4.645569696510058742e-10
1.526073364257812500e+03 2.630589238406830947e-10
1.923100463867187500e+03 1.467528088105639784e-10
2.423520019531250000e+03 8.095496790164981569e-11
3.056282226562500000e+03 4.355338510451078397e-11
3.850336669921875000e+03 2.312594321542897278e-11
4.838769042968750000e+03 1.197639551659344702e-11
6.120835937500000000e+03 6.039459910021727854e-12
7.692401855468750000e+03 2.999279847198064649e-12
9.718894531250000000e+03 1.447038297716902638e-12
1.224167187500000000e+04 7.082153161096323248e-13
1.542616113281250000e+04 3.576023311054360452e-13
1.943778906250000000e+04 1.318712482986699079e-13
2.448334375000000000e+04 9.740226305307262727e-14
3.085232226562500000e+04 6.833929767831379640e-14
3.891693750000000000e+04 4.476926452142681710e-14
4.921482812500000000e+04 2.717220724960565585e-14
6.162192968750000000e+04 1.530825212158455238e-14
7.775115625000000000e+04 7.456393249715602889e-15
9.801609375000000000e+04 3.015710556620703043e-15
1.236574296875000000e+05 9.557334679938821649e-16
1.559158906250000000e+05 2.260877407350185889e-16
1.964457500000000000e+05 3.878564467250211402e-17
2.473148593750000000e+05 4.784416428867273734e-18
3.118317812500000000e+05 4.310383021348532663e-19
3.928915000000000000e+05 3.215454281914666186e-20
4.962840000000000000e+05 2.232032056487420437e-21
6.244907500000000000e+05 1.802598344179348073e-22
7.857830000000000000e+05 1.791614777778182133e-23
9.925680000000000000e+05 1.944747230846421817e-24
1.248981500000000000e+06 1.957230982707069810e-25
1.571566000000000000e+06 1.347852523866179149e-26
1.981000250000000000e+06 4.699595338331832814e-28
2.497963000000000000e+06 6.066582558555446659e-30
3.147267500000000000e+06 1.879751344855790945e-32
3.970272000000000000e+06 4.348103664054042557e-36
5.004197000000000000e+06 5.808339887483851127e-42
6.286264000000000000e+06 3.859605296960875841e-52
7.940544000000000000e+06 1.159442786103012798e-70
1.000839400000000000e+07 9.999999999999999821e-201
