1.211760009765625000e+03 1.893100787853964772e-12
1.526073364257812500e+03 1.285626319522135480e-12
1.923100463867187500e+03 8.632518165327290616e-13
2.423520019531250000e+03 5.822530383695581744e-13
3.056282226562500000e+03 3.901040162422168079e-13
3.850336669921875000e+03 2.610491700634907254e-13
4.838769042968750000e+03 1.746623831822411482e-13
6.120835937500000000e+03 1.153900520881653584e-13
7.692401855468750000e+03 7.650266339625620098e-14
9.718894531250000000e+03 5.028388553937688737e-14
1.224167187500000000e+04 3.286742001466508232e-14
1.542616113281250000e+04 2.134149934999042984e-14
1.943778906250000000e+04 1.374563838823133376e-14
2.448334375000000000e+04 8.682017472934138436e-15
3.085232226562500000e+04 5.352934210801964697e-15
3.891693750000000000e+04 3.195344819205999164e-15
4.921482812500000000e+04 1.823272084234925778e-15
6.162192968750000000e+04 1.008812190810115893e-15
7.775115625000000000e+04 5.159101556906001022e-16
9.801609375000000000e+04 2.394510465094488426e-16
1.236574296875000000e+05 9.660599840300240918e-17
1.559158906250000000e+05 3.247068841566556261e-17
1.964457500000000000e+05 8.722305169177722352e-18
2.473148593750000000e+05 1.847189729195260487e-18
3.118317812500000000e+05 3.051840089039078320e-19
3.928915000000000000e+05 4.113540611047442678e-20
4.962840000000000000e+05 4.888207574273128580e-21
6.244907500000000000e+05 6.101833425305952002e-22
7.857830000000000000e+05 8.743293400913156957e-23
9.925680000000000000e+05 1.491356706708936384e-23
1.248981500000000000e+06 3.020083548734989832e-24
1.571566000000000000e+06 5.897429174441053611e-25
1.981000250000000000e+06 8.884834027662006053e-26
2.497963000000000000e+06 8.409119217785410560e-27
3.147267500000000000e+06 4.144385485896211402e-28
3.970272000000000000e+06 7.697896566660108395e-30
5.004197000000000000e+06 2.764590255417486759e-32
6.286264000000000000e+06 4.204340785654728510e-36
7.940544000000000000e+06 7.389497470754431460e-43
1.000839400000000000e+07 9.999999999999999821e-201
