1.211760009765625000e+03 3.113652611601915645e-14
1.526073364257812500e+03 2.037223244781230221e-14
1.923100463867187500e+03 1.334116443732399450e-14
2.423520019531250000e+03 8.718227312485366392e-15
3.056282226562500000e+03 5.629349095140849557e-15
3.850336669921875000e+03 3.668799146838248778e-15
4.838769042968750000e+03 2.386012913114544497e-15
6.120835937500000000e+03 1.536068428438611374e-15
7.692401855468750000e+03 9.945346241513307831e-16
9.718894531250000000e+03 6.378603998976513147e-16
1.224167187500000000e+04 4.086885185344121649e-16
1.542616113281250000e+04 2.611653801733989292e-16
1.943778906250000000e+04 1.658691559697188794e-16
2.448334375000000000e+04 1.035854498494900515e-16
3.085232226562500000e+04 6.313717274279242214e-17
3.891693750000000000e+04 3.731294374869001891e-17
4.921482812500000000e+04 2.115478603695092118e-17
6.162192968750000000e+04 1.157461669257301914e-17
7.775115625000000000e+04 5.845551660111788907e-18
9.801609375000000000e+04 2.689896270499844976e-18
1.236574296875000000e+05 1.071973537096438475e-18
1.559158906250000000e+05 3.562185227035040496e-19
1.964457500000000000e+05 9.476666697322821498e-20
2.473148593750000000e+05 1.975466793722709667e-20
3.118317812500000000e+05 3.215331522380457576e-21
3.928915000000000000e+05 4.285735334300590253e-22
4.962840000000000000e+05 5.021927538310994256e-23
6.244907500000000000e+05 6.187259093260234847e-24
7.857830000000000000e+05 8.743293400913158279e-25
9.925680000000000000e+05 1.470277459971000775e-25
1.248981500000000000e+06 2.934204395690393020e-26
1.571566000000000000e+06 5.632800942254594943e-27
1.981000250000000000e+06 8.417211184100847685e-28
2.497963000000000000e+06 7.880371697440983309e-29
3.147267500000000000e+06 3.812834647024515003e-30
3.970272000000000000e+06 6.951218377746195815e-32
5.004197000000000000e+06 2.444573376976878070e-34
6.286264000000000000e+06 3.617248153423662640e-38
7.940544000000000000e+06 6.173504216073322639e-45
1.000839400000000000e+07 9.999999999999999821e-201
