1.211760009765625000e+03 5.891030741150825614e-14
1.526073364257812500e+03 3.886547258247685952e-14
1.923100463867187500e+03 2.550516730664881548e-14
2.423520019531250000e+03 1.668917799818627538e-14
3.056282226562500000e+03 1.086365614851743080e-14
3.850336669921875000e+03 7.055382974688939654e-15
4.838769042968750000e+03 4.584887558533830108e-15
6.120835937500000000e+03 2.958719284311931670e-15
7.692401855468750000e+03 1.918451405167655412e-15
9.718894531250000000e+03 1.232265590069915174e-15
1.224167187500000000e+04 7.915262572820089866e-16
1.542616113281250000e+04 5.067387973513710581e-16
1.943778906250000000e+04 3.217554460708898786e-16
2.448334375000000000e+04 2.011833014417841600e-16
3.085232226562500000e+04 1.230717352739938791e-16
3.891693750000000000e+04 7.292984459971231640e-17
4.921482812500000000e+04 4.129530151048639674e-17
6.162192968750000000e+04 2.254795459592146357e-17
7.775115625000000000e+04 1.147658766297176683e-17
9.801609375000000000e+04 5.279235671074461303e-18
1.236574296875000000e+05 2.108642556504071844e-18
1.559158906250000000e+05 7.014764754776695204e-19
1.964457500000000000e+05 1.867044782159123541e-19
2.473148593750000000e+05 3.912450468087183738e-20
3.118317812500000000e+05 6.376165900313788664e-21
3.928915000000000000e+05 8.514072427516796626e-22
4.962840000000000000e+05 1.002899730284000504e-22
6.244907500000000000e+05 1.232570351911802429e-23
7.857830000000000000e+05 1.753284761347135531e-24
9.925680000000000000e+05 2.966903978364420327e-25
1.248981500000000000e+06 5.925661560077182262e-26
1.571566000000000000e+06 1.145462205035665788e-26
1.981000250000000000e+06 1.714617093057580635e-27
2.497963000000000000e+06 1.606579004123452117e-28
3.147267500000000000e+06 7.805259331771197603e-30
3.970272000000000000e+06 1.436466611053433316e-31
5.004197000000000000e+06 5.084712624111905120e-34
6.286264000000000000e+06 7.594327274988946086e-38
7.940544000000000000e+06 1.309531197348886311e-44
1.000839400000000000e+07 9.999999999999999821e-201
