1.211760009765625000e+03 5.069026451687918616e-13
1.526073364257812500e+03 2.699815270996484407e-13
1.923100463867187500e+03 1.593091988692218352e-13
2.423520019531250000e+03 1.015050751382224388e-13
3.056282226562500000e+03 6.814475220433659874e-14
3.850336669921875000e+03 4.664392077711021466e-14
4.838769042968750000e+03 3.212544347539631288e-14
6.120835937500000000e+03 2.214173770639574379e-14
7.692401855468750000e+03 1.522425442968964281e-14
9.718894531250000000e+03 1.038734124160122776e-14
1.224167187500000000e+04 7.086204571423189301e-15
1.542616113281250000e+04 4.808854414519392043e-15
1.943778906250000000e+04 3.237345621356063371e-15
2.448334375000000000e+04 2.166999628829406914e-15
3.085232226562500000e+04 1.436685667110537667e-15
3.891693750000000000e+04 9.312777441012776216e-16
4.921482812500000000e+04 5.861700675139773383e-16
6.162192968750000000e+04 3.647472338773289202e-16
7.775115625000000000e+04 2.181821513332202990e-16
9.801609375000000000e+04 1.250308046330315560e-16
1.236574296875000000e+05 6.713875889021060298e-17
1.559158906250000000e+05 3.273731391789611965e-17
1.964457500000000000e+05 1.409245004322169600e-17
2.473148593750000000e+05 5.240419322203316704e-18
3.118317812500000000e+05 1.647030018696113203e-18
3.928915000000000000e+05 4.444337170706221915e-19
4.962840000000000000e+05 1.053951402118440528e-19
6.244907500000000000e+05 2.427610270806615810e-20
7.857830000000000000e+05 5.789647265253551903e-21
9.925680000000000000e+05 1.513417782337112611e-21
1.248981500000000000e+06 4.655703036478611058e-22
1.571566000000000000e+06 1.551632805891605173e-22
1.981000250000000000e+06 5.048399629617042812e-23
2.497963000000000000e+06 1.415849957170633743e-23
3.147267500000000000e+06 3.002871831633405386e-24
3.970272000000000000e+06 4.205369701165877235e-25
5.004197000000000000e+06 3.279265308506297904e-26
6.286264000000000000e+06 9.869287109991398049e-28
7.940544000000000000e+06 3.677981226313823187e-30
1.000839400000000000e+07 9.999999999999999821e-201
