1.211760009765625000e+03 1.282824875979989475e-12
1.526073364257812500e+03 8.692811806615055066e-13
1.923100463867187500e+03 5.979980765435814008e-13
2.423520019531250000e+03 4.147385278653752146e-13
3.056282226562500000e+03 2.883796781856813973e-13
3.850336669921875000e+03 2.006705022180285225e-13
4.838769042968750000e+03 1.393563336501983144e-13
6.120835937500000000e+03 9.576442444058367402e-14
7.692401855468750000e+03 6.563767706751467340e-14
9.718894531250000000e+03 4.448330420832324152e-14
1.224167187500000000e+04 2.949063991842670914e-14
1.542616113281250000e+04 1.878131126957386568e-14
1.943778906250000000e+04 1.128050201068660069e-14
2.448334375000000000e+04 6.229715474779047764e-15
3.085232226562500000e+04 3.152222388166109156e-15
3.891693750000000000e+04 1.439689029647263713e-15
4.921482812500000000e+04 5.828184556376154184e-16
6.162192968750000000e+04 2.067997350534621155e-16
7.775115625000000000e+04 5.723611859730150399e-17
9.801609375000000000e+04 1.206699893981003572e-17
1.236574296875000000e+05 1.817021970219135427e-18
1.559158906250000000e+05 1.901711091831695087e-19
1.964457500000000000e+05 1.360868421996879756e-20
2.473148593750000000e+05 6.954316083720336985e-22
3.118317812500000000e+05 2.778487108731942787e-23
3.928915000000000000e+05 1.043614840454633314e-24
4.962840000000000000e+05 4.244437819563487175e-26
6.244907500000000000e+05 2.225645796064141589e-27
7.857830000000000000e+05 1.232290775778370381e-28
9.925680000000000000e+05 4.897183991099211091e-30
1.248981500000000000e+06 1.069721745008594084e-31
1.571566000000000000e+06 8.289600234775578354e-34
1.981000250000000000e+06 1.381229083049941555e-36
2.497963000000000000e+06 2.222134724302194903e-40
3.147267500000000000e+06 4.578491780322457567e-46
3.970272000000000000e+06 9.162024451043835529e-56
5.004197000000000000e+06 3.050230550208142225e-73
6.286264000000000000e+06 7.740404073096032885e-104
7.940544000000000000e+06 3.935995313533640449e-156
1.000839400000000000e+07 9.999999999999999821e-201
