1.211760009765625000e+03 4.595751254724428736e-13
1.526073364257812500e+03 3.154729199442778415e-13
1.923100463867187500e+03 2.165977285118483832e-13
2.423520019531250000e+03 1.482098643122512208e-13
3.056282226562500000e+03 1.007353670374640421e-13
3.850336669921875000e+03 6.858855056280272510e-14
4.838769042968750000e+03 4.645211121673278619e-14
6.120835937500000000e+03 3.126499204101318264e-14
7.692401855468750000e+03 2.090247454233353950e-14
9.718894531250000000e+03 1.386651965666352268e-14
1.224167187500000000e+04 9.001780007358473334e-15
1.542616113281250000e+04 5.598788999318465780e-15
1.943778906250000000e+04 3.277017343886609443e-15
2.448334375000000000e+04 1.773392338487102422e-15
3.085232226562500000e+04 8.750569349549118893e-16
3.891693750000000000e+04 3.913717750497416867e-16
4.921482812500000000e+04 1.539520448854078399e-16
6.162192968750000000e+04 5.380400083513039651e-17
7.775115625000000000e+04 1.477732516512148124e-17
9.801609375000000000e+04 3.099779544171385329e-18
1.236574296875000000e+05 4.677639649281330455e-19
1.559158906250000000e+05 4.885064551879931248e-20
1.964457500000000000e+05 3.503096703513499047e-21
2.473148593750000000e+05 1.801211060193404244e-22
3.118317812500000000e+05 7.192696466959305107e-24
3.928915000000000000e+05 2.711406531403872388e-25
4.962840000000000000e+05 1.108799767470237036e-26
6.244907500000000000e+05 5.856962621221424714e-28
7.857830000000000000e+05 3.261023935902048830e-29
9.925680000000000000e+05 1.309316553175830634e-30
1.248981500000000000e+06 2.900591654734842118e-32
1.571566000000000000e+06 2.285241145802997422e-34
1.981000250000000000e+06 3.878066271640221663e-37
2.497963000000000000e+06 6.335838676729398757e-41
3.147267500000000000e+06 1.327491699620121055e-46
3.970272000000000000e+06 2.714673911420395561e-56
5.004197000000000000e+06 9.213974442122522509e-74
6.286264000000000000e+06 2.421236152133088098e-104
7.940544000000000000e+06 1.258809311985984315e-156
1.000839400000000000e+07 9.999999999999999821e-201
