1.211760009765625000e+03 7.809040749897606151e-12
1.526073364257812500e+03 4.588697017371314204e-12
1.923100463867187500e+03 2.676080631251460293e-12
2.423520019531250000e+03 1.544371695354550230e-12
3.056282226562500000e+03 8.789685429255011685e-13
3.850336669921875000e+03 4.938768082282256449e-13
4.838769042968750000e+03 2.732220715105953408e-13
6.120835937500000000e+03 1.479374905415238640e-13
7.692401855468750000e+03 7.846759429495301932e-14
9.718894531250000000e+03 4.051142386394674209e-14
1.224167187500000000e+04 2.019434744944689031e-14
1.542616113281250000e+04 9.665323582822158553e-15
1.943778906250000000e+04 4.402953735852666740e-15
2.448334375000000000e+04 1.861235607350952866e-15
3.085232226562500000e+04 4.545098644035186570e-18
3.891693750000000000e+04 3.505432598271891371e-18
4.921482812500000000e+04 2.607060618503177260e-18
6.162192968750000000e+04 1.871791427085737753e-18
7.775115625000000000e+04 1.257015901474364848e-18
9.801609375000000000e+04 7.709990124041014387e-19
1.236574296875000000e+05 4.140987076131931689e-19
1.559158906250000000e+05 1.888929155098519696e-19
1.964457500000000000e+05 6.929034851329395422e-20
2.473148593750000000e+05 2.019301484867100931e-20
3.118317812500000000e+05 4.647537020881519594e-21
3.928915000000000000e+05 8.651468175727767308e-22
4.962840000000000000e+05 1.401289896322290400e-22
6.244907500000000000e+05 2.320545440398152303e-23
7.857830000000000000e+05 4.258241985730352741e-24
9.925680000000000000e+05 9.080395178907969966e-25
1.248981500000000000e+06 2.273965029024959496e-25
1.571566000000000000e+06 5.534985715995458552e-26
1.981000250000000000e+06 1.059632697621228898e-26
2.497963000000000000e+06 1.312266370989274826e-27
3.147267500000000000e+06 9.005182722061504568e-29
3.970272000000000000e+06 2.668267108739022553e-30
5.004197000000000000e+06 1.988462406999157119e-32
6.286264000000000000e+06 1.118363204413683689e-35
7.940544000000000000e+06 2.311883618251282122e-41
1.000839400000000000e+07 9.999999999999999821e-201
