1.211760009765625000e+03 2.316557543031825447e-12
1.526073364257812500e+03 1.562530449880749338e-12
1.923100463867187500e+03 1.043749923625935900e-12
2.423520019531250000e+03 7.036854902220331136e-13
3.056282226562500000e+03 4.671372143862494485e-13
3.850336669921875000e+03 3.104368508863133101e-13
4.838769042968750000e+03 2.061641430005748406e-13
6.120835937500000000e+03 1.353628038454943249e-13
7.692401855468750000e+03 8.906071952477169757e-14
9.718894531250000000e+03 5.805085258665164727e-14
1.224167187500000000e+04 3.767969707030943802e-14
1.542616113281250000e+04 2.428522272575900501e-14
1.943778906250000000e+04 1.547191784801374247e-14
2.448334375000000000e+04 9.757934252131205954e-15
3.085232226562500000e+04 5.976735219985107330e-15
3.891693750000000000e+04 3.540139851720127376e-15
4.921482812500000000e+04 2.033005924621227864e-15
6.162192968750000000e+04 1.128372379158289159e-15
7.775115625000000000e+04 5.842796134630842588e-16
9.801609375000000000e+04 2.772767090480806010e-16
1.236574296875000000e+05 1.158716567174531323e-16
1.559158906250000000e+05 4.089791565167437828e-17
1.964457500000000000e+05 1.178583498076588629e-17
2.473148593750000000e+05 2.698874099966605485e-18
3.118317812500000000e+05 4.877613111024168015e-19
3.928915000000000000e+05 7.259277894576171904e-20
4.962840000000000000e+05 9.435664407788888944e-21
6.244907500000000000e+05 1.265496969310237738e-21
7.857830000000000000e+05 1.903952909282379602e-22
9.925680000000000000e+05 3.384510930320243231e-23
1.248981500000000000e+06 7.166192609075138174e-24
1.571566000000000000e+06 1.524466404829258039e-24
1.981000250000000000e+06 2.656145962037213733e-25
2.497963000000000000e+06 3.117208186525400881e-26
3.147267500000000000e+06 2.050475878028089653e-27
3.970272000000000000e+06 5.789636179339388507e-29
5.004197000000000000e+06 4.163874271066611096e-31
6.286264000000000000e+06 2.236726408827367057e-34
7.940544000000000000e+06 4.455763055713370568e-40
1.000839400000000000e+07 9.999999999999999821e-201
