1.211760009765625000e+03 1.930464619193187818e-11
1.526073364257812500e+03 1.315294619203415603e-11
1.923100463867187500e+03 9.024905354660351226e-12
2.423520019531250000e+03 6.196168697087813212e-12
3.056282226562500000e+03 4.271392076576171679e-12
3.850336669921875000e+03 2.943662563328551706e-12
4.838769042968750000e+03 2.027332722395970368e-12
6.120835937500000000e+03 1.383215536563247931e-12
7.692401855468750000e+03 9.435728213968103417e-13
9.718894531250000000e+03 6.379385137196210208e-13
1.224167187500000000e+04 4.309769272747812574e-13
1.542616113281250000e+04 2.886918042901471891e-13
1.943778906250000000e+04 1.908972948411645990e-13
2.448334375000000000e+04 1.246847154438987668e-13
3.085232226562500000e+04 7.968980293313477702e-14
3.891693750000000000e+04 4.928429989649588438e-14
4.921482812500000000e+04 2.907875305253543965e-14
6.162192968750000000e+04 1.651061305967136423e-14
7.775115625000000000e+04 8.717638057447213517e-15
9.801609375000000000e+04 4.187444177460809092e-15
1.236574296875000000e+05 1.758969739678059072e-15
1.559158906250000000e+05 6.221335474131823728e-16
1.964457500000000000e+05 1.793778181138544223e-16
2.473148593750000000e+05 4.116268411459858393e-17
3.118317812500000000e+05 7.454465320621840684e-18
3.928915000000000000e+05 1.102903988964250101e-18
4.962840000000000000e+05 1.427847229920372092e-19
6.244907500000000000e+05 1.902454423929803348e-20
7.857830000000000000e+05 2.844528448299124538e-21
9.925680000000000000e+05 4.994217348399382967e-22
1.248981500000000000e+06 1.044902944675201088e-22
1.571566000000000000e+06 2.169432960718559370e-23
1.981000250000000000e+06 3.701650223690160103e-24
2.497963000000000000e+06 4.314363472340178276e-25
3.147267500000000000e+06 2.786110522928888526e-26
3.970272000000000000e+06 7.719514905785850446e-28
5.004197000000000000e+06 5.421534254980608735e-30
6.286264000000000000e+06 2.844391964982778804e-33
7.940544000000000000e+06 5.478397199647586513e-39
1.000839400000000000e+07 9.999999999999999821e-201
