1.211760009765625000e+03 1.159524232560553424e-10
1.526073364257812500e+03 7.466522086455478378e-11
1.923100463867187500e+03 4.920535354236555449e-11
2.423520019531250000e+03 3.319153683967642159e-11
3.056282226562500000e+03 2.281366962851880477e-11
3.850336669921875000e+03 1.595254504351877927e-11
4.838769042968750000e+03 1.128821320824748654e-11
6.120835937500000000e+03 7.957092878531820916e-12
7.692401855468750000e+03 5.655562219663661835e-12
9.718894531250000000e+03 3.947667733436746444e-12
1.224167187500000000e+04 2.742298406169671217e-12
1.542616113281250000e+04 1.840631846866824684e-12
1.943778906250000000e+04 1.176160387069394663e-12
2.448334375000000000e+04 7.028289057417679126e-13
3.085232226562500000e+04 3.841968720933517310e-13
3.891693750000000000e+04 1.929297197985048984e-13
4.921482812500000000e+04 8.702643620665987974e-14
6.162192968750000000e+04 3.501245523390527350e-14
7.775115625000000000e+04 1.137618195939268975e-14
9.801609375000000000e+04 2.875988903202035935e-15
1.236574296875000000e+05 5.282530356565070066e-16
1.559158906250000000e+05 6.799766897821094804e-17
1.964457500000000000e+05 6.000331914295525187e-18
2.473148593750000000e+05 3.696075787544786225e-19
3.118317812500000000e+05 1.687616058841559508e-20
3.928915000000000000e+05 6.924516198734982499e-22
4.962840000000000000e+05 2.932689795570913498e-23
6.244907500000000000e+05 1.640726874502413095e-24
7.857830000000000000e+05 1.086742099066302459e-25
9.925680000000000000e+05 6.257445241706286355e-27
1.248981500000000000e+06 2.507879772936044330e-28
1.571566000000000000e+06 4.444340878916525613e-30
1.981000250000000000e+06 2.357192912840195461e-32
2.497963000000000000e+06 2.206053600616997069e-35
3.147267500000000000e+06 1.067226855303530871e-39
3.970272000000000000e+06 1.102133680128868098e-46
5.004197000000000000e+06 5.205098683046167395e-59
6.286264000000000000e+06 8.111649711504849090e-81
7.940544000000000000e+06 3.516500951117509925e-119
1.000839400000000000e+07 9.999999999999999821e-201
