1.211760009765625000e+03 2.279193711692602482e-12
1.526073364257812500e+03 1.513083283745282534e-12
1.923100463867187500e+03 9.966634609059691360e-13
2.423520019531250000e+03 6.600943536596062201e-13
3.056282226562500000e+03 4.330646810435280156e-13
3.850336669921875000e+03 2.833830483160707473e-13
4.838769042968750000e+03 1.852264819253869094e-13
6.120835937500000000e+03 1.194795679903384747e-13
7.692401855468750000e+03 7.710351261409975861e-14
9.718894531250000000e+03 4.903743512628460203e-14
1.224167187500000000e+04 3.092636088015135335e-14
1.542616113281250000e+04 1.886878878195136706e-14
1.943778906250000000e+04 1.101375622573652630e-14
2.448334375000000000e+04 6.084894553066313508e-15
3.085232226562500000e+04 3.079673339795913793e-15
3.891693750000000000e+04 1.448792990184999000e-15
4.921482812500000000e+04 6.119353245682743669e-16
6.162192968750000000e+04 2.327751144671724310e-16
7.775115625000000000e+04 7.218389568142570215e-17
9.801609375000000000e+04 1.754840686699547162e-17
1.236574296875000000e+05 3.155241104867244068e-18
1.559158906250000000e+05 4.008283645031381922e-19
1.964457500000000000e+05 3.544382107514101089e-20
2.473148593750000000e+05 2.227002626419389617e-21
3.118317812500000000e+05 1.058867067007668891e-22
3.928915000000000000e+05 4.561318700546883216e-24
4.962840000000000000e+05 2.053941589677823717e-25
6.244907500000000000e+05 1.203199707968436723e-26
7.857830000000000000e+05 8.381147553684768537e-28
9.925680000000000000e+05 5.119727925032417066e-29
1.248981500000000000e+06 2.108898899968946304e-30
1.571566000000000000e+06 3.993465717287313131e-32
1.981000250000000000e+06 2.260268862147753149e-34
2.497963000000000000e+06 2.265240404535989692e-37
3.147267500000000000e+06 1.175889953298072072e-41
3.970272000000000000e+06 1.305788816674419573e-48
5.004197000000000000e+06 6.643906449091448715e-61
6.286264000000000000e+06 1.113363685892822335e-82
7.940544000000000000e+06 5.219501411732644273e-121
1.000839400000000000e+07 9.999999999999999821e-201
