1.211760009765625000e+03 1.042450894364321532e-11
1.526073364257812500e+03 6.072112001435316697e-12
1.923100463867187500e+03 3.500093728850883617e-12
2.423520019531250000e+03 1.980283060978818358e-12
3.056282226562500000e+03 1.101175411549378369e-12
3.850336669921875000e+03 5.957375529968135059e-13
4.838769042968750000e+03 3.179876258201648581e-13
6.120835937500000000e+03 1.622231606705832420e-13
7.692401855468750000e+03 7.969009283758692009e-14
9.718894531250000000e+03 3.725550935335569391e-14
1.224167187500000000e+04 1.614876690542119776e-14
1.542616113281250000e+04 6.315754681321711274e-15
1.943778906250000000e+04 1.377235614508133568e-17
2.448334375000000000e+04 8.749936121052410832e-18
3.085232226562500000e+04 5.087276589062978403e-18
3.891693750000000000e+04 2.666051218805167582e-18
4.921482812500000000e+04 1.227619724391361842e-18
6.162192968750000000e+04 5.002051965025508642e-19
7.775115625000000000e+04 1.583177504835518580e-19
9.801609375000000000e+04 3.841430175989881164e-20
1.236574296875000000e+05 6.552692277692900849e-21
1.559158906250000000e+05 7.760027791576630360e-22
1.964457500000000000e+05 6.321869048410197172e-23
2.473148593750000000e+05 3.629361101087492186e-24
3.118317812500000000e+05 1.622516052965205336e-25
3.928915000000000000e+05 6.835885440521367863e-27
4.962840000000000000e+05 3.106174134788167545e-28
6.244907500000000000e+05 1.801357739674397108e-29
7.857830000000000000e+05 1.080933391999769225e-30
9.925680000000000000e+05 4.605231848917228234e-32
1.248981500000000000e+06 1.071250717819230032e-33
1.571566000000000000e+06 8.785480004654595291e-36
1.981000250000000000e+06 1.526544245012555108e-38
2.497963000000000000e+06 2.424457311157338920e-42
3.147267500000000000e+06 4.346623261497690489e-48
3.970272000000000000e+06 5.774676138134347369e-58
5.004197000000000000e+06 7.943085766849506702e-76
6.286264000000000000e+06 4.168586278420079756e-107
7.940544000000000000e+06 1.672501703665025992e-160
1.000839400000000000e+07 9.999999999999999821e-201
