1.211760009765625000e+03 2.067465334103672411e-10
1.526073364257812500e+03 1.196621420478295339e-10
1.923100463867187500e+03 6.803993863035237332e-11
2.423520019531250000e+03 3.823565407047152995e-11
3.056282226562500000e+03 2.098652690172582033e-11
3.850336669921875000e+03 1.132685215895257413e-11
4.838769042968750000e+03 5.954474169769752899e-12
6.120835937500000000e+03 3.027837444989642521e-12
7.692401855468750000e+03 1.480516920855168272e-12
9.718894531250000000e+03 6.899168398769572535e-13
1.224167187500000000e+04 3.016019701453665252e-13
1.542616113281250000e+04 1.188639223731894941e-13
1.943778906250000000e+04 4.695121413095910064e-15
2.448334375000000000e+04 2.965940788450629147e-15
3.085232226562500000e+04 1.707339655256258619e-15
3.891693750000000000e+04 8.886837396017224636e-16
4.921482812500000000e+04 4.063154413882279510e-16
6.162192968750000000e+04 1.630726767788662955e-16
7.775115625000000000e+04 5.115642312499769395e-17
9.801609375000000000e+04 1.217318076040036897e-17
1.236574296875000000e+05 2.053828922858968698e-18
1.559158906250000000e+05 2.385727552451658570e-19
1.964457500000000000e+05 1.884960954801205964e-20
2.473148593750000000e+05 1.058563654483852174e-21
3.118317812500000000e+05 4.597128816734748022e-23
3.928915000000000000e+05 1.876332693329313390e-24
4.962840000000000000e+05 8.205938151871494860e-26
6.244907500000000000e+05 4.547116624420807783e-27
7.857830000000000000e+05 2.618888503182339582e-28
9.925680000000000000e+05 1.060680221762277067e-29
1.248981500000000000e+06 2.335172428051990467e-31
1.571566000000000000e+06 1.800047236509230209e-33
1.981000250000000000e+06 2.918886798155874408e-36
2.497963000000000000e+06 4.317526718499370294e-40
3.147267500000000000e+06 7.244372102496151415e-46
3.970272000000000000e+06 8.888898684103464745e-56
5.004197000000000000e+06 1.122392554011343444e-73
6.286264000000000000e+06 5.393377092182679620e-105
7.940544000000000000e+06 1.972600477626802821e-158
1.000839400000000000e+07 9.999999999999999821e-201
