1.211760009765625000e+03 7.211219448470036539e-14
1.526073364257812500e+03 4.994163779682140323e-14
1.923100463867187500e+03 3.445159522344254564e-14
2.423520019531250000e+03 2.366375984817456344e-14
3.056282226562500000e+03 1.619666076180251389e-14
3.850336669921875000e+03 1.105249933849351445e-14
4.838769042968750000e+03 7.544412298870576243e-15
6.120835937500000000e+03 5.071012306242815565e-15
7.692401855468750000e+03 3.418079962396497628e-15
9.718894531250000000e+03 2.269059828928658917e-15
1.224167187500000000e+04 1.484261664101212786e-15
1.542616113281250000e+04 9.313964066555892496e-16
1.943778906250000000e+04 5.515202619916663043e-16
2.448334375000000000e+04 3.031668008139285758e-16
3.085232226562500000e+04 1.528664575055022101e-16
3.891693750000000000e+04 7.013765514087440573e-17
4.921482812500000000e+04 2.842206535819131591e-17
6.162192968750000000e+04 1.017758550109236495e-17
7.775115625000000000e+04 2.879404086919599453e-18
9.801609375000000000e+04 6.203390622037714452e-19
1.236574296875000000e+05 9.535634284702355288e-20
1.559158906250000000e+05 1.019706131289821557e-20
1.964457500000000000e+05 7.481845020595557111e-22
2.473148593750000000e+05 3.931807859511450297e-23
3.118317812500000000e+05 1.614789786046323440e-24
3.928915000000000000e+05 6.289014605279659467e-26
4.962840000000000000e+05 2.663154160944798611e-27
6.244907500000000000e+05 1.458575101833443956e-28
7.857830000000000000e+05 8.370173059190612881e-30
9.925680000000000000e+05 3.396861976023495278e-31
1.248981500000000000e+06 7.514168704127692775e-33
1.571566000000000000e+06 5.817940091971266140e-35
1.981000250000000000e+06 9.477994488264765699e-38
2.497963000000000000e+06 1.401535596312872368e-41
3.147267500000000000e+06 2.325629198032097732e-47
3.970272000000000000e+06 2.890446075600076991e-57
5.004197000000000000e+06 3.712529217114443654e-75
6.286264000000000000e+06 1.804954883439622063e-106
7.940544000000000000e+06 6.733923708410608909e-160
1.000839400000000000e+07 9.999999999999999821e-201
