1.211760009765625000e+03 3.985475342850451337e-15
1.526073364257812500e+03 1.948218345737389935e-15
1.923100463867187500e+03 8.946427916793738047e-16
2.423520019531250000e+03 3.836020017493560487e-16
3.056282226562500000e+03 1.511035809748333611e-16
3.850336669921875000e+03 5.409126947261518972e-17
4.838769042968750000e+03 1.696720522488515349e-17
6.120835937500000000e+03 4.561366212888957152e-18
7.692401855468750000e+03 2.608953418572430721e-20
9.718894531250000000e+03 1.846879387859211507e-20
1.224167187500000000e+04 1.292596124575972976e-20
1.542616113281250000e+04 9.044455823949521212e-21
1.943778906250000000e+04 6.268378461085217550e-21
2.448334375000000000e+04 4.284852464377217911e-21
3.085232226562500000e+04 2.855462323065324319e-21
3.891693750000000000e+04 1.837645073780227005e-21
4.921482812500000000e+04 1.128780809223791796e-21
6.162192968750000000e+04 6.715463078581391288e-22
7.775115625000000000e+04 3.676932821412273174e-22
9.801609375000000000e+04 1.826605621787922520e-22
1.236574296875000000e+05 7.880545751814044646e-23
1.559158906250000000e+05 2.799766362351894157e-23
1.964457500000000000e+05 8.066848028790489459e-24
2.473148593750000000e+05 1.829655292782883851e-24
3.118317812500000000e+05 3.241028025032675564e-25
3.928915000000000000e+05 4.721235791225870435e-26
4.962840000000000000e+05 6.089592712086104935e-27
6.244907500000000000e+05 8.266278342569850899e-28
7.857830000000000000e+05 1.289125551250107609e-28
9.925680000000000000e+05 2.409836139225919565e-29
1.248981500000000000e+06 5.380131596317004195e-30
1.571566000000000000e+06 1.169707007168255263e-30
1.981000250000000000e+06 1.992961252853331334e-31
2.497963000000000000e+06 2.158843925497023473e-32
3.147267500000000000e+06 1.229258545024112081e-33
3.970272000000000000e+06 2.686427068939799774e-35
5.004197000000000000e+06 1.191543571562765512e-37
6.286264000000000000e+06 2.424931391896693559e-41
7.940544000000000000e+06 6.722450432685443060e-48
1.000839400000000000e+07 9.999999999999999821e-201
