1.211760009765625000e+03 7.721858476772751152e-14
1.526073364257812500e+03 5.033721512590514730e-14
1.923100463867187500e+03 3.272509159037709913e-14
2.423520019531250000e+03 2.117283775889302929e-14
3.056282226562500000e+03 1.362895044086732164e-14
3.850336669921875000e+03 8.780032146279568296e-15
4.838769042968750000e+03 5.645341338406150027e-15
6.120835937500000000e+03 3.599806855318632150e-15
7.692401855468750000e+03 2.314779358787496170e-15
9.718894531250000000e+03 1.466765748983358018e-15
1.224167187500000000e+04 9.308674091693321790e-16
1.542616113281250000e+04 5.880383985469735101e-16
1.943778906250000000e+04 3.685766492510377342e-16
2.448334375000000000e+04 2.280812991248425072e-16
3.085232226562500000e+04 1.382641067611141011e-16
3.891693750000000000e+04 8.127428927627905373e-17
4.921482812500000000e+04 4.560901958091961702e-17
6.162192968750000000e+04 2.503311659794566500e-17
7.775115625000000000e+04 1.264020280329086652e-17
9.801609375000000000e+04 5.908770640478740942e-18
1.236574296875000000e+05 2.412070321408147067e-18
1.559158906250000000e+05 8.282157861650005673e-19
1.964457500000000000e+05 2.315353956813854081e-19
2.473148593750000000e+05 5.144100028940064444e-20
3.118317812500000000e+05 8.930138454369797245e-21
3.928915000000000000e+05 1.281748991225069234e-21
4.962840000000000000e+05 1.608179075567019283e-22
6.244907500000000000e+05 2.085709634520242445e-23
7.857830000000000000e+05 3.050392234692448660e-24
9.925680000000000000e+05 5.290106656187313618e-25
1.248981500000000000e+06 1.095372554534686335e-25
1.571566000000000000e+06 2.267518779358626833e-26
1.981000250000000000e+06 3.792195028508239968e-27
2.497963000000000000e+06 4.231321926424599772e-28
3.147267500000000000e+06 2.609560340995328716e-29
3.970272000000000000e+06 6.789926682984827287e-31
5.004197000000000000e+06 4.298041863643193035e-33
6.286264000000000000e+06 1.860908127116256217e-36
7.940544000000000000e+06 2.486303962709140652e-42
1.000839400000000000e+07 9.999999999999999821e-201
