1.211760009765625000e+03 4.147385278653752146e-13
1.526073364257812500e+03 2.739373003904857426e-13
1.923100463867187500e+03 1.804981070932069902e-13
2.423520019531250000e+03 1.183187992408727983e-13
3.056282226562500000e+03 7.703319814403267848e-14
3.850336669921875000e+03 5.017154178809205237e-14
4.838769042968750000e+03 3.274798987950861686e-14
6.120835937500000000e+03 2.110122571321460652e-14
7.692401855468750000e+03 1.366355658588252840e-14
9.718894531250000000e+03 8.753777374004364159e-15
1.224167187500000000e+04 5.600076451964486825e-15
1.542616113281250000e+04 3.538532986000660383e-15
1.943778906250000000e+04 2.194375500986131741e-15
2.448334375000000000e+04 1.307830885144198875e-15
3.085232226562500000e+04 7.443706620027593600e-16
3.891693750000000000e+04 3.984822544827262110e-16
4.921482812500000000e+04 1.989446527351576952e-16
6.162192968750000000e+04 9.290798081132021534e-17
7.775115625000000000e+04 3.770344743512434100e-17
9.801609375000000000e+04 1.288714485276810783e-17
1.236574296875000000e+05 3.485133576115430624e-18
1.559158906250000000e+05 7.154090158524637061e-19
1.964457500000000000e+05 1.076699966663482968e-19
2.473148593750000000e+05 1.182479800575593381e-20
3.118317812500000000e+05 9.661095616886618236e-22
3.928915000000000000e+05 6.642813626926054186e-23
4.962840000000000000e+05 4.348062117227616211e-24
6.244907500000000000e+05 3.394677206193060015e-25
7.857830000000000000e+05 3.346993345703098073e-26
9.925680000000000000e+05 3.754351349039197353e-27
1.248981500000000000e+06 4.023663416086611218e-28
1.571566000000000000e+06 3.000254727536716682e-29
1.981000250000000000e+06 1.131595500714744000e-30
2.497963000000000000e+06 1.598056481121733596e-32
3.147267500000000000e+06 5.482881461324330370e-35
3.970272000000000000e+06 1.452968873648702978e-38
5.004197000000000000e+06 2.361771297384457593e-44
6.286264000000000000e+06 2.126109242019684771e-54
7.940544000000000000e+06 1.032731406851013723e-72
1.000839400000000000e+07 9.999999999999999821e-201
