1.211760009765625000e+03 4.408932098028313103e-12
1.526073364257812500e+03 3.075613733626031468e-12
1.923100463867187500e+03 2.150281797545162031e-12
2.423520019531250000e+03 1.500778068926757237e-12
3.056282226562500000e+03 1.046792365955818606e-12
3.850336669921875000e+03 7.287375768450905723e-13
4.838769042968750000e+03 5.013402996715223923e-13
6.120835937500000000e+03 3.435482087381788814e-13
7.692401855468750000e+03 2.342292977429781768e-13
9.718894531250000000e+03 1.550536492521481159e-13
1.224167187500000000e+04 9.717600400235789481e-14
1.542616113281250000e+04 5.660936015941966312e-14
1.943778906250000000e+04 2.998096594416691010e-14
2.448334375000000000e+04 1.429352829327862787e-14
3.085232226562500000e+04 6.094207151552091522e-15
3.891693750000000000e+04 2.279572398094041888e-15
4.921482812500000000e+04 7.180522958625639662e-16
6.162192968750000000e+04 1.908074188892089129e-16
7.775115625000000000e+04 3.760659472402633612e-17
9.801609375000000000e+04 5.343153967271229089e-18
1.236574296875000000e+05 5.160318828955656356e-19
1.559158906250000000e+05 3.363716513248490163e-20
1.964457500000000000e+05 1.501589222196934721e-21
2.473148593750000000e+05 4.988699141690415065e-23
3.118317812500000000e+05 1.372386132732092040e-24
3.928915000000000000e+05 3.847881166334412481e-26
4.962840000000000000e+05 1.165489508250025802e-27
6.244907500000000000e+05 3.813625625141271209e-29
7.857830000000000000e+05 9.003457449463355131e-31
9.925680000000000000e+05 9.993862668874942682e-33
1.248981500000000000e+06 3.904928966878611391e-35
1.571566000000000000e+06 3.058883359643892066e-38
1.981000250000000000e+06 1.934374527886999203e-42
2.497963000000000000e+06 1.240048864425552644e-48
3.147267500000000000e+06 6.163695058590268133e-59
3.970272000000000000e+06 1.465617215905472924e-77
5.004197000000000000e+06 7.454103338566728966e-111
6.286264000000000000e+06 3.369751035440814152e-166
7.940544000000000000e+06 9.999999999999999821e-201
1.000839400000000000e+07 9.999999999999999821e-201
