1.211760009765625000e+03 1.544371695354550513e-11
1.526073364257812500e+03 1.008722189163521663e-11
1.923100463867187500e+03 6.615648012155369467e-12
2.423520019531250000e+03 4.408932098028313103e-12
3.056282226562500000e+03 2.957874736974819177e-12
3.850336669921875000e+03 1.987178715526342946e-12
4.838769042968750000e+03 1.337644769322995310e-12
6.120835937500000000e+03 8.915675656715155959e-13
7.692401855468750000e+03 5.964919555361664910e-13
9.718894531250000000e+03 3.925099724411228298e-13
1.224167187500000000e+04 2.546922664692482238e-13
1.542616113281250000e+04 1.595964900168513663e-13
1.943778906250000000e+04 9.509808222416552764e-14
2.448334375000000000e+04 5.248041402976809108e-14
3.085232226562500000e+04 2.673854644872782575e-14
3.891693750000000000e+04 1.237749326447685200e-14
4.921482812500000000e+04 5.098499648269367345e-15
6.162192968750000000e+04 1.880171356443471187e-15
7.775115625000000000e+04 5.549579394317345068e-16
9.801609375000000000e+04 1.265290235864944374e-16
1.236574296875000000e+05 2.093000574780748768e-17
1.559158906250000000e+05 2.427598966712006319e-18
1.964457500000000000e+05 1.925412175700564282e-19
2.473148593750000000e+05 1.090977006261150429e-20
3.118317812500000000e+05 4.687563016038016964e-22
3.928915000000000000e+05 1.848235093137777563e-23
4.962840000000000000e+05 7.871021639422032563e-25
6.244907500000000000e+05 4.349650920729234519e-26
7.857830000000000000e+05 2.751319699941533680e-27
9.925680000000000000e+05 1.398246529339178589e-28
1.248981500000000000e+06 4.429664876961688799e-30
1.571566000000000000e+06 5.744797602469980202e-32
1.981000250000000000e+06 1.954681960937294291e-34
2.497963000000000000e+06 9.364661721936321820e-38
3.147267500000000000e+06 1.379738151184199789e-42
3.970272000000000000e+06 1.329727209784805342e-50
5.004197000000000000e+06 6.292110100560474901e-65
6.286264000000000000e+06 3.142809377276316327e-90
7.940544000000000000e+06 2.722632643710980531e-134
1.000839400000000000e+07 9.999999999999999821e-201
