1.211760009765625000e+03 5.343027881508887026e-13
1.526073364257812500e+03 3.441522763028485956e-13
1.923100463867187500e+03 2.205216004051789974e-13
2.423520019531250000e+03 1.413598285667269600e-13
3.056282226562500000e+03 8.987206450137146033e-14
3.850336669921875000e+03 5.683502223387043787e-14
4.838769042968750000e+03 3.586775241342473733e-14
6.120835937500000000e+03 2.253378167465021079e-14
7.692401855468750000e+03 1.415895460145691586e-14
9.718894531250000000e+03 8.808792818109818658e-15
1.224167187500000000e+04 5.479946343965685123e-15
1.542616113281250000e+04 3.372807694515589799e-15
1.943778906250000000e+04 2.042625711201371069e-15
2.448334375000000000e+04 1.209092243623460479e-15
3.085232226562500000e+04 6.889142169032698329e-16
3.891693750000000000e+04 3.754140840264127933e-16
4.921482812500000000e+04 1.910183515674315608e-16
6.162192968750000000e+04 9.278057550449731409e-17
7.775115625000000000e+04 4.025890945073760398e-17
9.801609375000000000e+04 1.525805234875375996e-17
1.236574296875000000e+05 4.755823308129451773e-18
1.559158906250000000e+05 1.168267787411302536e-18
1.964457500000000000e+05 2.183071455782246237e-19
2.473148593750000000e+05 3.073014524530111873e-20
3.118317812500000000e+05 3.248233559974137033e-21
3.928915000000000000e+05 2.851334418519480442e-22
4.962840000000000000e+05 2.281845771046084009e-23
6.244907500000000000e+05 2.065769170955017513e-24
7.857830000000000000e+05 2.276912502987362628e-25
9.925680000000000000e+05 3.011822719166524794e-26
1.248981500000000000e+06 4.322137819438589222e-27
1.571566000000000000e+06 5.056734215460840664e-28
1.981000250000000000e+06 3.689862475448138770e-29
2.497963000000000000e+06 1.296610014829387686e-30
3.147267500000000000e+06 1.653313580799586687e-32
3.970272000000000000e+06 3.938694597397669726e-35
5.004197000000000000e+06 3.915184591618711845e-39
6.286264000000000000e+06 7.766120833119008679e-46
7.940544000000000000e+06 5.040504889110889102e-58
1.000839400000000000e+07 9.999999999999999821e-201
