1.211760009765625000e+03 7.310856332041297818e-10
1.526073364257812500e+03 4.440355518964913907e-10
1.923100463867187500e+03 2.723167093971427275e-10
2.423520019531250000e+03 1.700054325934646233e-10
3.056282226562500000e+03 1.076489563807636334e-10
3.850336669921875000e+03 7.016185503353658838e-11
4.838769042968750000e+03 4.678402488707574803e-11
6.120835937500000000e+03 3.155715595574645612e-11
7.692401855468750000e+03 2.196402929865892744e-11
9.718894531250000000e+03 1.544640430781229210e-11
1.224167187500000000e+04 1.100904018877411322e-11
1.542616113281250000e+04 7.646969169462072659e-12
1.943778906250000000e+04 5.492393579008130143e-12
2.448334375000000000e+04 3.823971162847403515e-12
3.085232226562500000e+04 2.545987323338171339e-12
3.891693750000000000e+04 1.601564922983648210e-12
4.921482812500000000e+04 9.398994181048594355e-13
6.162192968750000000e+04 5.196230555489304111e-13
7.775115625000000000e+04 2.534820224676071575e-13
9.801609375000000000e+04 1.063553895245643974e-13
1.236574296875000000e+05 3.625726680455126176e-14
1.559158906250000000e+05 9.501911337611925922e-15
1.964457500000000000e+05 1.867446666994451204e-15
2.473148593750000000e+05 2.695184869874770359e-16
3.118317812500000000e+05 2.824392060584936666e-17
3.928915000000000000e+05 2.384191530786767758e-18
4.962840000000000000e+05 1.828402060133080090e-19
6.244907500000000000e+05 1.589053208426936354e-20
7.857830000000000000e+05 1.637118907106615960e-21
9.925680000000000000e+05 2.002078686151158626e-22
1.248981500000000000e+06 2.617681856772887235e-23
1.571566000000000000e+06 2.807379177639238243e-24
1.981000250000000000e+06 1.859738069487504979e-25
2.497963000000000000e+06 5.923150295016066278e-27
3.147267500000000000e+06 6.826585107817649348e-29
3.970272000000000000e+06 1.472493622421605624e-31
5.004197000000000000e+06 1.320415195604741922e-35
6.286264000000000000e+06 2.366126534202613236e-42
7.940544000000000000e+06 1.403167577238977036e-54
1.000839400000000000e+07 9.999999999999999821e-201
