1.211760009765625000e+03 6.563579705256840327e-11
1.526073364257812500e+03 4.153561955379206656e-11
1.923100463867187500e+03 2.621146424744832502e-11
2.423520019531250000e+03 1.644008578925811753e-11
3.056282226562500000e+03 1.027106269311424324e-11
3.850336669921875000e+03 6.388580698620512979e-12
4.838769042968750000e+03 3.959463087350293980e-12
6.120835937500000000e+03 2.434953508069853534e-12
7.692401855468750000e+03 1.492826936174590956e-12
9.718894531250000000e+03 9.010560280092241269e-13
1.224167187500000000e+04 5.338710510313539973e-13
1.542616113281250000e+04 3.032757741560361440e-13
1.943778906250000000e+04 1.622738799803393723e-13
2.448334375000000000e+04 8.060659948003521163e-14
3.085232226562500000e+04 3.691989041508446847e-14
3.891693750000000000e+04 1.530368252872669306e-14
4.921482812500000000e+04 5.620599206891355557e-15
6.162192968750000000e+04 1.832651288326040782e-15
7.775115625000000000e+04 4.716998011851790917e-16
9.801609375000000000e+04 9.364930792317270291e-17
1.236574296875000000e+05 1.334189966294459342e-17
1.559158906250000000e+05 1.320959766088841606e-18
1.964457500000000000e+05 9.025337686644319278e-20
2.473148593750000000e+05 4.436627809387051324e-21
3.118317812500000000e+05 1.690525251448358486e-22
3.928915000000000000e+05 6.087331782467209223e-24
4.962840000000000000e+05 2.382379088858521305e-25
6.244907500000000000e+05 1.212663752794811864e-26
7.857830000000000000e+05 6.681415925084501568e-28
9.925680000000000000e+05 2.715916530267877770e-29
1.248981500000000000e+06 6.350176278176960303e-31
1.571566000000000000e+06 5.482346864186916695e-33
1.981000250000000000e+06 1.072745261321246274e-35
2.497963000000000000e+06 2.203903908198370457e-39
3.147267500000000000e+06 7.032290489457111359e-45
3.970272000000000000e+06 3.246045235443263592e-54
5.004197000000000000e+06 5.080644000491444472e-71
6.286264000000000000e+06 1.701527312734912521e-100
7.940544000000000000e+06 4.701561244457489569e-151
1.000839400000000000e+07 9.999999999999999821e-201
