1.211760009765625000e+03 7.011945681327514979e-07
1.526073364257812500e+03 4.054667623108273664e-07
1.923100463867187500e+03 2.322932160851707149e-07
2.423520019531250000e+03 1.320188707319212399e-07
3.056282226562500000e+03 7.456396474328127811e-08
3.850336669921875000e+03 4.154537141434197680e-08
4.838769042968750000e+03 2.279029540829184950e-08
6.120835937500000000e+03 1.216245736083425055e-08
7.692401855468750000e+03 6.408995223367353324e-09
9.718894531250000000e+03 3.269590016455958069e-09
1.224167187500000000e+04 1.584929682749332097e-09
1.542616113281250000e+04 7.103273294392115218e-10
1.943778906250000000e+04 2.901838794942539060e-10
2.448334375000000000e+04 1.046619720997316071e-10
3.085232226562500000e+04 3.330535568913214902e-11
3.891693750000000000e+04 9.297709008018857081e-12
4.921482812500000000e+04 2.189377724268024732e-12
6.162192968750000000e+04 4.422543907592354179e-13
7.775115625000000000e+04 6.722562487199701232e-14
9.801609375000000000e+04 7.479782386071587662e-15
1.236574296875000000e+05 3.752409280203165888e-18
1.559158906250000000e+05 3.865030426704390279e-19
1.964457500000000000e+05 2.923592293365980456e-20
2.473148593750000000e+05 1.680143075744208789e-21
3.118317812500000000e+05 7.881691040525294701e-23
3.928915000000000000e+05 3.638405203313733285e-24
4.962840000000000000e+05 1.878414281599988402e-25
6.244907500000000000e+05 1.294233063520920230e-26
7.857830000000000000e+05 9.875048694307282970e-28
9.925680000000000000e+05 5.624110337014896595e-29
1.248981500000000000e+06 1.852461806736418799e-30
1.571566000000000000e+06 2.280352248535285347e-32
1.981000250000000000e+06 6.561451598372670617e-35
2.497963000000000000e+06 1.941534395317612604e-38
3.147267500000000000e+06 8.923047838037560944e-44
3.970272000000000000e+06 5.979557012658644172e-53
5.004197000000000000e+06 1.365714396462379271e-69
6.286264000000000000e+06 6.732035078554263778e-99
7.940544000000000000e+06 2.753771586039386687e-149
1.000839400000000000e+07 9.999999999999999821e-201
