1.211760009765625000e+03 7.946041464808089952e-14
1.526073364257812500e+03 5.389741108765874928e-14
1.923100463867187500e+03 3.641353117010784642e-14
2.423520019531250000e+03 2.453558257942309551e-14
3.056282226562500000e+03 1.644362498843774879e-14
3.850336669921875000e+03 1.101410975200652477e-14
4.838769042968750000e+03 7.359875926141690717e-15
6.120835937500000000e+03 4.854652130547803669e-15
7.692401855468750000e+03 3.212076889872548961e-15
9.718894531250000000e+03 2.086688356132073274e-15
1.224167187500000000e+04 1.350642649718982215e-15
1.542616113281250000e+04 8.568154103328692518e-16
1.943778906250000000e+04 5.237403195294752831e-16
2.448334375000000000e+04 3.045644450783490253e-16
3.085232226562500000e+04 1.661230135390816437e-16
3.891693750000000000e+04 8.401939770816499043e-17
4.921482812500000000e+04 3.875962245318566010e-17
6.162192968750000000e+04 1.645082294116040108e-17
7.775115625000000000e+04 5.813780346572649226e-18
9.801609375000000000e+04 1.661197336458371034e-18
1.236574296875000000e+05 3.563653346722340318e-19
1.559158906250000000e+05 5.558666629683387559e-20
1.964457500000000000e+05 6.150274817709834401e-21
2.473148593750000000e+05 4.857853718888519014e-22
3.118317812500000000e+05 2.874026489411509678e-23
3.928915000000000000e+05 1.497041250797886830e-24
4.962840000000000000e+05 7.825443449147467337e-26
6.244907500000000000e+05 5.195667380935559114e-27
7.857830000000000000e+05 4.301860942743218057e-28
9.925680000000000000e+05 3.492935219844630492e-29
1.248981500000000000e+06 2.192242138231251034e-30
1.571566000000000000e+06 7.370692387791705484e-32
1.981000250000000000e+06 9.040212317497318590e-34
2.497963000000000000e+06 2.690122520418795661e-36
3.147267500000000000e+06 8.471505111299689727e-40
3.970272000000000000e+06 2.952051306224045946e-45
5.004197000000000000e+06 1.145020697673096591e-54
6.286264000000000000e+06 2.428185090302578151e-71
7.940544000000000000e+06 3.278104158851380966e-101
1.000839400000000000e+07 9.999999999999999821e-201
