1.211760009765625000e+03 4.321749824903459066e-10
1.526073364257812500e+03 2.531694906135897243e-10
1.923100463867187500e+03 1.459680344318978330e-10
2.423520019531250000e+03 8.406862051325173268e-11
3.056282226562500000e+03 4.775070679825615865e-11
3.850336669921875000e+03 2.692773451825082436e-11
4.838769042968750000e+03 1.503161100169616755e-11
6.120835937500000000e+03 8.156801295488950418e-12
7.692401855468750000e+03 4.387226971533236725e-12
9.718894531250000000e+03 2.287628716352199178e-12
1.224167187500000000e+04 1.155955420930660580e-12
1.542616113281250000e+04 5.542436317664763931e-13
1.943778906250000000e+04 2.484227731822241075e-13
2.448334375000000000e+04 1.013525607581860536e-13
3.085232226562500000e+04 3.649930687614319674e-14
3.891693750000000000e+04 8.701245513288333311e-16
4.921482812500000000e+04 5.151595389347461530e-16
6.162192968750000000e+04 2.791458538440996844e-16
7.775115625000000000e+04 1.260129730291609017e-16
9.801609375000000000e+04 4.563165522987500998e-17
1.236574296875000000e+05 1.241710462998565429e-17
1.559158906250000000e+05 2.432604604277283764e-18
1.964457500000000000e+05 3.357508516837822176e-19
2.473148593750000000e+05 3.293327561436499930e-20
3.118317812500000000e+05 2.392046891808336783e-21
3.928915000000000000e+05 1.521057955356141916e-22
4.962840000000000000e+05 9.570490071953869859e-24
6.244907500000000000e+05 7.520669222632752087e-25
7.857830000000000000e+05 7.256150987759646828e-26
9.925680000000000000e+05 6.706435622101689109e-27
1.248981500000000000e+06 4.689287996216580747e-28
1.571566000000000000e+06 1.712383079992012378e-29
1.981000250000000000e+06 2.184569970632948215e-31
2.497963000000000000e+06 6.492647056037795695e-34
3.147267500000000000e+06 1.910054710487795317e-37
3.970272000000000000e+06 6.105027570463341913e-43
5.004197000000000000e+06 2.180590887480381982e-52
6.286264000000000000e+06 4.252469225503996526e-69
7.940544000000000000e+06 5.358903705927882797e-99
1.000839400000000000e+07 9.999999999999999821e-201
