1.211760009765625000e+03 7.584857761862267957e-13
1.526073364257812500e+03 5.201841877451103215e-13
1.923100463867187500e+03 3.562875679144173242e-13
2.423520019531250000e+03 2.434876342272698068e-13
3.056282226562500000e+03 1.654238549887881129e-13
3.850336669921875000e+03 1.124941618742069816e-13
4.838769042968750000e+03 7.610299007809032877e-14
6.120835937500000000e+03 5.103903538592597006e-14
7.692401855468750000e+03 3.433145188329626577e-14
9.718894531250000000e+03 2.282058612807459034e-14
1.224167187500000000e+04 1.515207781524848752e-14
1.542616113281250000e+04 9.959178556284984710e-15
1.943778906250000000e+04 6.509608927785425140e-15
2.448334375000000000e+04 4.220695978653261461e-15
3.085232226562500000e+04 2.693423475856795691e-15
3.891693750000000000e+04 1.676613584461407769e-15
4.921482812500000000e+04 1.010864757188683294e-15
6.162192968750000000e+04 5.967334268612512487e-16
7.775115625000000000e+04 3.321315722978624276e-16
9.801609375000000000e+04 1.723825033414383571e-16
1.236574296875000000e+05 8.071155846218945993e-17
1.559158906250000000e+05 3.304135711045816043e-17
1.964457500000000000e+05 1.127254241160353102e-17
2.473148593750000000e+05 3.162140165799927011e-18
3.118317812500000000e+05 7.148492510723727904e-19
3.928915000000000000e+05 1.346699819632028872e-19
4.962840000000000000e+05 2.204181682202405322e-20
6.244907500000000000e+05 3.620063543321404139e-21
7.857830000000000000e+05 6.450482198877392651e-22
9.925680000000000000e+05 1.316584413177521792e-22
1.248981500000000000e+06 3.221831699089295933e-23
1.571566000000000000e+06 8.270021458630057677e-24
1.981000250000000000e+06 1.886113861034480402e-24
2.497963000000000000e+06 3.240677543533138325e-25
3.147267500000000000e+06 3.541410461859090421e-26
3.970272000000000000e+06 2.027605474300878007e-27
5.004197000000000000e+06 4.332800696846142481e-29
6.286264000000000000e+06 1.544490906278532983e-31
7.940544000000000000e+06 1.110376776083556339e-35
1.000839400000000000e+07 9.999999999999999821e-201
