1.211760009765625000e+03 1.237988278372921748e-10
1.526073364257812500e+03 6.754482894104758344e-11
1.923100463867187500e+03 3.657048604584106891e-11
2.423520019531250000e+03 1.974055755755615095e-11
3.056282226562500000e+03 1.061675487241475964e-11
3.850336669921875000e+03 5.840289240159176765e-12
4.838769042968750000e+03 3.306113503392448574e-12
6.120835937500000000e+03 1.979920068352586313e-12
7.692401855468750000e+03 1.257512037553880563e-12
9.718894531250000000e+03 7.855249374697784150e-13
1.224167187500000000e+04 5.666630727653908499e-13
1.542616113281250000e+04 4.052018726331636392e-13
1.943778906250000000e+04 2.872567640730934854e-13
2.448334375000000000e+04 2.010144415732704156e-13
3.085232226562500000e+04 1.382089454336324277e-13
3.891693750000000000e+04 9.190858193193157748e-14
4.921482812500000000e+04 5.916609996143738378e-14
6.162192968750000000e+04 3.695897353463233764e-14
7.775115625000000000e+04 2.170102703460137012e-14
9.801609375000000000e+04 1.177662646590024380e-14
1.236574296875000000e+05 5.729524211822090502e-15
1.559158906250000000e+05 2.412019069063445662e-15
1.964457500000000000e+05 8.416102052935062955e-16
2.473148593750000000e+05 2.376466963473253487e-16
3.118317812500000000e+05 5.355767116184861666e-17
3.928915000000000000e+05 1.000560106955523230e-17
4.962840000000000000e+05 1.616019212599172864e-18
6.244907500000000000e+05 2.608395953773672464e-19
7.857830000000000000e+05 4.546595382468647086e-20
9.925680000000000000e+05 9.032381439241138190e-21
1.248981500000000000e+06 2.140395167534516423e-21
1.571566000000000000e+06 5.272138679876661916e-22
1.981000250000000000e+06 1.140687707798630785e-22
2.497963000000000000e+06 1.879100096535374520e-23
3.147267500000000000e+06 1.972547277978508930e-24
3.970272000000000000e+06 1.078513550160041474e-25
5.004197000000000000e+06 2.198103768156092417e-27
6.286264000000000000e+06 7.451125047857245123e-30
7.940544000000000000e+06 5.101448018421621490e-34
1.000839400000000000e+07 9.999999999999999821e-201
