1.211760009765625000e+03 5.891030741150825018e-11
1.526073364257812500e+03 3.510747447989484027e-11
1.923100463867187500e+03 2.118809946284980152e-11
2.423520019531250000e+03 1.294866940408490913e-11
3.056282226562500000e+03 8.087283250011997457e-12
3.850336669921875000e+03 5.190819532020315804e-12
4.838769042968750000e+03 3.419758338826458642e-12
6.120835937500000000e+03 2.244278527198540007e-12
7.692401855468750000e+03 1.353497280069080005e-12
9.718894531250000000e+03 8.619787334322788610e-13
1.224167187500000000e+04 4.982277398356555262e-13
1.542616113281250000e+04 2.566760022222134314e-13
1.943778906250000000e+04 1.173772398190787452e-13
2.448334375000000000e+04 4.747314476296043767e-14
3.085232226562500000e+04 1.674662196673212042e-14
3.891693750000000000e+04 4.977664107165818168e-15
4.921482812500000000e+04 1.193319280410741891e-15
6.162192968750000000e+04 2.379513052908066336e-16
7.775115625000000000e+04 3.347580936008722563e-17
9.801609375000000000e+04 3.358948168291465148e-18
1.236574296875000000e+05 2.275854709206863307e-19
1.559158906250000000e+05 1.049899651776189154e-20
1.964457500000000000e+05 3.443737144828200487e-22
2.473148593750000000e+05 9.012047680317231474e-24
3.118317812500000000e+05 2.035614786359184868e-25
3.928915000000000000e+05 4.159127690004201563e-27
4.962840000000000000e+05 6.333324944900864394e-29
6.244907500000000000e+05 6.248742041540229067e-31
7.857830000000000000e+05 2.702634416491327806e-33
9.925680000000000000e+05 2.974656918912126622e-36
1.248981500000000000e+06 5.361953550786120338e-40
1.571566000000000000e+06 4.117856788025507806e-45
1.981000250000000000e+06 6.417208720667554242e-53
2.497963000000000000e+06 4.439876634612396128e-66
3.147267500000000000e+06 3.112104138793958657e-89
3.970272000000000000e+06 1.096569669388708935e-129
5.004197000000000000e+06 6.107047478014846437e-196
6.286264000000000000e+06 9.999999999999999821e-201
7.940544000000000000e+06 9.999999999999999821e-201
1.000839400000000000e+07 9.999999999999999821e-201
