1.211760009765625000e+03 4.060203005528899021e-10
1.526073364257812500e+03 2.353685108048217299e-10
1.923100463867187500e+03 1.349811931305721585e-10
2.423520019531250000e+03 7.659585424540711382e-11
3.056282226562500000e+03 4.296082204186437563e-11
3.850336669921875000e+03 2.379231669506031877e-11
4.838769042968750000e+03 1.291240556947238391e-11
6.120835937500000000e+03 6.853864050690916697e-12
7.692401855468750000e+03 3.569227827860992047e-12
9.718894531250000000e+03 1.783565257632400487e-12
1.224167187500000000e+04 8.724914227703486598e-13
1.542616113281250000e+04 4.091733068607367212e-13
1.943778906250000000e+04 1.863140237178656247e-13
2.448334375000000000e+04 2.273362233928200955e-14
3.085232226562500000e+04 1.667872138095892149e-14
3.891693750000000000e+04 1.162179837369801419e-14
4.921482812500000000e+04 7.579912942912768712e-15
6.162192968750000000e+04 4.687541701198478637e-15
7.775115625000000000e+04 2.585187778874734994e-15
9.801609375000000000e+04 1.233367517440967187e-15
1.236574296875000000e+05 4.818107116954249891e-16
1.559158906250000000e+05 1.473999516170654327e-16
1.964457500000000000e+05 3.386323112417607622e-17
2.473148593750000000e+05 5.808539091457988593e-18
3.118317812500000000e+05 7.409979710703364435e-19
3.928915000000000000e+05 7.650819337641276853e-20
4.962840000000000000e+05 7.135029620544252829e-21
6.244907500000000000e+05 7.261981315641102147e-22
7.857830000000000000e+05 8.743205423260673554e-23
9.925680000000000000e+05 1.226949294376110580e-23
1.248981500000000000e+06 1.807776560415220817e-24
1.571566000000000000e+06 2.187145469570659039e-25
1.981000250000000000e+06 1.648044114421630766e-26
2.497963000000000000e+06 6.060242613535850822e-28
3.147267500000000000e+06 8.182212424106919691e-30
3.970272000000000000e+06 2.144953044528850143e-32
5.004197000000000000e+06 2.607987072850207621e-36
6.286264000000000000e+06 7.802229660739839495e-43
7.940544000000000000e+06 1.133486712104694531e-54
1.000839400000000000e+07 9.999999999999999821e-201
