1.211760009765625000e+03 2.017646892318041274e-10
1.526073364257812500e+03 1.166953120797015434e-10
1.923100463867187500e+03 6.686277706235319391e-11
2.423520019531250000e+03 3.773746965261521728e-11
3.056282226562500000e+03 2.083846770306525029e-11
3.850336669921875000e+03 1.128861275950230138e-11
4.838769042968750000e+03 5.957242430874462990e-12
6.120835937500000000e+03 3.057438559046508749e-12
7.692401855468750000e+03 1.502842736309417347e-12
9.718894531250000000e+03 7.080974100551571355e-13
1.224167187500000000e+04 3.168329276642668086e-13
1.542616113281250000e+04 1.320671699817933213e-13
1.943778906250000000e+04 5.115807845360767894e-14
2.448334375000000000e+04 7.393886695044720063e-16
3.085232226562500000e+04 5.325560072973970006e-16
3.891693750000000000e+04 3.842708504380628671e-16
4.921482812500000000e+04 2.737292741900183746e-16
6.162192968750000000e+04 1.951727944125467607e-16
7.775115625000000000e+04 1.365126109443912885e-16
9.801609375000000000e+04 9.451096076100172141e-17
1.236574296875000000e+05 6.430674309068263853e-17
1.559158906250000000e+05 4.288600155847028681e-17
1.964457500000000000e+05 2.777837868446241053e-17
2.473148593750000000e+05 1.737720701822635842e-17
3.118317812500000000e+05 1.036494595440736346e-17
3.928915000000000000e+05 5.889770412201294069e-18
4.962840000000000000e+05 3.170731218280014093e-18
6.244907500000000000e+05 1.642674076448600759e-18
7.857830000000000000e+05 8.409475776256166633e-19
9.925680000000000000e+05 4.271787209050307862e-19
1.248981500000000000e+06 2.244010432291900407e-19
1.571566000000000000e+06 1.218498798252591537e-19
1.981000250000000000e+06 6.771082158094042653e-20
2.497963000000000000e+06 3.786874723285110107e-20
3.147267500000000000e+06 2.073542107581011252e-20
3.970272000000000000e+06 1.076011066382461223e-20
5.004197000000000000e+06 5.168905263140769326e-21
6.286264000000000000e+06 2.239187830949782192e-21
7.940544000000000000e+06 7.910745704860385994e-22
1.000839400000000000e+07 9.999999999999999821e-201
