1.211760009765625000e+03 6.065395287400532834e-11
1.526073364257812500e+03 3.678869160478725988e-11
1.923100463867187500e+03 2.315084417065046696e-11
2.423520019531250000e+03 1.507007864015327225e-11
3.056282226562500000e+03 1.022171283065048903e-11
3.850336669921875000e+03 7.212169263015359303e-12
4.838769042968750000e+03 5.208688076202658605e-12
6.120835937500000000e+03 3.797101389066320652e-12
7.692401855468750000e+03 2.824966836410233588e-12
9.718894531250000000e+03 2.064670720054758001e-12
1.224167187500000000e+04 1.515117118692090959e-12
1.542616113281250000e+04 1.103148886657955545e-12
1.943778906250000000e+04 7.872873239367505441e-13
2.448334375000000000e+04 5.550227829054316343e-13
3.085232226562500000e+04 3.815480195615348045e-13
3.891693750000000000e+04 2.543336363163037026e-13
4.921482812500000000e+04 1.625617622607966220e-13
6.162192968750000000e+04 1.006818343203165456e-13
7.775115625000000000e+04 5.837749927111411479e-14
9.801609375000000000e+04 3.124793746757033991e-14
1.236574296875000000e+05 1.489933546224216798e-14
1.559158906250000000e+05 6.101826538502001089e-15
1.964457500000000000e+05 2.064263633753463964e-15
2.473148593750000000e+05 5.638359094732744716e-16
3.118317812500000000e+05 1.213500498815768227e-16
3.928915000000000000e+05 2.145960645803765359e-17
4.962840000000000000e+05 3.257106978470598685e-18
6.244907500000000000e+05 4.958497574967353398e-19
7.857830000000000000e+05 8.191338918736603394e-20
9.925680000000000000e+05 1.548885196384160886e-20
1.248981500000000000e+06 3.504052827067453027e-21
1.571566000000000000e+06 8.123581830606158860e-22
1.981000250000000000e+06 1.641755865207493579e-22
2.497963000000000000e+06 2.432436169153864035e-23
3.147267500000000000e+06 2.264835148049837745e-24
3.970272000000000000e+06 1.066130411004299626e-25
5.004197000000000000e+06 1.760709024581029745e-27
6.286264000000000000e+06 4.297369269893130576e-30
7.940544000000000000e+06 1.642777193088426589e-34
1.000839400000000000e+07 9.999999999999999821e-201
