1.211760009765625000e+03 7.435402436505376462e-09
1.526073364257812500e+03 4.321682320239792945e-09
1.923100463867187500e+03 2.487734780371591704e-09
2.423520019531250000e+03 1.426052896113677539e-09
3.056282226562500000e+03 8.098361856167537552e-10
3.850336669921875000e+03 4.546802361466205369e-10
4.838769042968750000e+03 2.541964540182733956e-10
6.120835937500000000e+03 1.393092392741864253e-10
7.692401855468750000e+03 7.552862722346803713e-11
9.718894531250000000e+03 3.989626880105810346e-11
1.224167187500000000e+04 2.069428259677001686e-11
1.542616113281250000e+04 1.034812229962329865e-11
1.943778906250000000e+04 5.017027064302819950e-12
2.448334375000000000e+04 2.323210118609621251e-12
3.085232226562500000e+04 1.020911470343440846e-12
3.891693750000000000e+04 5.501036515830163397e-14
4.921482812500000000e+04 4.156109779483149657e-14
6.162192968750000000e+04 3.020455029609495989e-14
7.775115625000000000e+04 2.075644418528501242e-14
9.801609375000000000e+04 1.317883834839173161e-14
1.236574296875000000e+05 7.449667731121083990e-15
1.559158906250000000e+05 3.589309728530588783e-15
1.964457500000000000e+05 1.439949754276806345e-15
2.473148593750000000e+05 4.663827893173997315e-16
3.118317812500000000e+05 1.194084490834716304e-16
3.928915000000000000e+05 2.535312155379976430e-17
4.962840000000000000e+05 4.564569779757378034e-18
6.244907500000000000e+05 8.222682272001848116e-19
7.857830000000000000e+05 1.596875379636682876e-19
9.925680000000000000e+05 3.541131582811371056e-20
1.248981500000000000e+06 9.350288333279995559e-21
1.571566000000000000e+06 2.548696284258878652e-21
1.981000250000000000e+06 6.177267309179370570e-22
2.497963000000000000e+06 1.066716193781760726e-22
3.147267500000000000e+06 1.126839162330214529e-23
3.970272000000000000e+06 5.822409624672927958e-25
5.004197000000000000e+06 1.003309053113212553e-26
6.286264000000000000e+06 2.409465163290507714e-29
7.940544000000000000e+06 9.189149470573783986e-34
1.000839400000000000e+07 9.999999999999999821e-201
