1.211760009765625000e+03 3.151016442941139624e-11
1.526073364257812500e+03 2.116338710597976771e-11
1.923100463867187500e+03 1.451832600532317231e-11
2.423520019531250000e+03 1.021278056605428518e-11
3.056282226562500000e+03 7.209517262197929428e-12
3.850336669921875000e+03 5.134750942690282727e-12
4.838769042968750000e+03 3.680390377197087477e-12
6.120835937500000000e+03 2.613589267798895934e-12
7.692401855468750000e+03 1.842113791242506665e-12
9.718894531250000000e+03 1.290031104034213299e-12
1.224167187500000000e+04 8.979840483955562693e-13
1.542616113281250000e+04 6.199111000246031301e-13
1.943778906250000000e+04 4.237458243541921158e-13
2.448334375000000000e+04 2.863068344605068262e-13
3.085232226562500000e+04 1.891273783769876428e-13
3.891693750000000000e+04 1.214514555443023361e-13
4.921482812500000000e+04 7.496780298434794508e-14
6.162192968750000000e+04 4.502187685644343007e-14
7.775115625000000000e+04 2.529691635081610968e-14
9.801609375000000000e+04 1.317883834839173161e-14
1.236574296875000000e+05 6.112547881945505217e-15
1.559158906250000000e+05 2.416801883877263382e-15
1.964457500000000000e+05 7.965036752677998913e-16
2.473148593750000000e+05 2.116124894813276738e-16
3.118317812500000000e+05 4.494805847613605926e-17
3.928915000000000000e+05 7.922850485562426343e-18
4.962840000000000000e+05 1.215062603315982429e-18
6.244907500000000000e+05 1.866615882468404892e-19
7.857830000000000000e+05 3.115323046221632950e-20
9.925680000000000000e+05 5.988255034347684328e-21
1.248981500000000000e+06 1.377646032536520013e-21
1.571566000000000000e+06 3.274237562259581710e-22
1.981000250000000000e+06 6.765578481482168103e-23
2.497963000000000000e+06 1.030350868993746223e-23
3.147267500000000000e+06 9.818004582679098688e-25
3.970272000000000000e+06 4.760213274225838589e-26
5.004197000000000000e+06 8.075654241234779879e-28
6.286264000000000000e+06 2.031149748932394676e-30
7.940544000000000000e+06 7.997160742079543800e-35
1.000839400000000000e+07 9.999999999999999821e-201
