1.211760009765625000e+03 1.204360830167620990e-14
1.526073364257812500e+03 6.932492692192438786e-15
1.923100463867187500e+03 3.892480918183941545e-15
2.423520019531250000e+03 2.142188327864483037e-15
3.056282226562500000e+03 1.140601267407705053e-15
3.850336669921875000e+03 5.915935663633854072e-16
4.838769042968750000e+03 2.933079103010178918e-16
6.120835937500000000e+03 1.381264583264207275e-16
7.692401855468750000e+03 6.132415244211041159e-17
9.718894531250000000e+03 2.470204266123843436e-17
1.224167187500000000e+04 7.584614497753723349e-21
1.542616113281250000e+04 5.062083578440251892e-21
1.943778906250000000e+04 3.067621177170884402e-21
2.448334375000000000e+04 1.679112250415809887e-21
3.085232226562500000e+04 8.233758729006811266e-22
3.891693750000000000e+04 3.552231888753182298e-22
4.921482812500000000e+04 1.290978879165947185e-22
6.162192968750000000e+04 3.985111331529270881e-23
7.775115625000000000e+04 9.106840429648077525e-24
9.801609375000000000e+04 1.515260451555117260e-24
1.236574296875000000e+05 1.730425217819880540e-25
1.559158906250000000e+05 1.329026829263232032e-26
1.964457500000000000e+05 6.991080582617289041e-28
2.473148593750000000e+05 2.729021251455665960e-29
3.118317812500000000e+05 8.827771024061228832e-31
3.928915000000000000e+05 2.884431404095196940e-32
4.962840000000000000e+05 1.013775041804619874e-33
6.244907500000000000e+05 3.776304879198195205e-35
7.857830000000000000e+05 1.014932026000068006e-36
9.925680000000000000e+05 1.272071294104671939e-38
1.248981500000000000e+06 5.555135199633406241e-41
1.571566000000000000e+06 4.805925548917075746e-44
1.981000250000000000e+06 3.192766040101420550e-48
2.497963000000000000e+06 1.881602987723256849e-54
3.147267500000000000e+06 6.888172684861169090e-65
3.970272000000000000e+06 7.931080663895365691e-84
5.004197000000000000e+06 1.046728417460054948e-117
6.286264000000000000e+06 6.158892754268888058e-174
7.940544000000000000e+06 9.999999999999999821e-201
1.000839400000000000e+07 9.999999999999999821e-201
