1.211760009765625000e+03 2.702650466870463721e-11
1.526073364257812500e+03 1.503193850518188891e-11
1.923100463867187500e+03 8.240130975994233237e-12
2.423520019531250000e+03 4.433831655347417762e-12
3.056282226562500000e+03 2.330579213058168291e-12
3.850336669921875000e+03 1.206694161853792975e-12
4.838769042968750000e+03 6.102797284394850875e-13
6.120835937500000000e+03 3.042216844134310851e-13
7.692401855468750000e+03 1.508922362928899456e-13
9.718894531250000000e+03 7.455255044144852220e-14
1.224167187500000000e+04 2.300703091481173369e-14
1.542616113281250000e+04 1.527745944844580563e-14
1.943778906250000000e+04 9.183630796859544294e-15
2.448334375000000000e+04 4.979245553127609270e-15
3.085232226562500000e+04 2.418306759568434153e-15
3.891693750000000000e+04 1.024426424846423392e-15
4.921482812500000000e+04 3.658644596826570140e-16
6.162192968750000000e+04 1.102077248763625926e-16
7.775115625000000000e+04 2.449272487191414702e-17
9.801609375000000000e+04 3.949613308151863316e-18
1.236574296875000000e+05 4.331403863123219185e-19
1.559158906250000000e+05 3.179332732901794227e-20
1.964457500000000000e+05 1.584453918929246385e-21
2.473148593750000000e+05 5.827185474122725370e-23
3.118317812500000000e+05 1.780862478264374698e-24
3.928915000000000000e+05 5.382917761163570892e-26
4.962840000000000000e+05 1.734088887297376147e-27
6.244907500000000000e+05 5.877030772262093422e-29
7.857830000000000000e+05 1.427689897298146032e-30
9.925680000000000000e+05 1.595137019591572928e-32
1.248981500000000000e+06 6.177908204076611708e-35
1.571566000000000000e+06 4.709807037938733682e-38
1.981000250000000000e+06 2.748351719501223164e-42
2.497963000000000000e+06 1.404576878159613884e-48
3.147267500000000000e+06 4.466875619879666098e-59
3.970272000000000000e+06 4.448840559903806068e-78
5.004197000000000000e+06 5.095073152198637712e-112
6.286264000000000000e+06 2.592787520721431859e-168
7.940544000000000000e+06 9.999999999999999821e-201
1.000839400000000000e+07 9.999999999999999821e-201
