1.211760009765625000e+03 2.976651896691431787e-15
1.526073364257812500e+03 2.057002111235416636e-15
1.923100463867187500e+03 1.420441625385672289e-15
2.423520019531250000e+03 9.714596148197978240e-16
3.056282226562500000e+03 6.666334454772059412e-16
3.850336669921875000e+03 4.546801779948080647e-16
4.838769042968750000e+03 3.106459299185489502e-16
6.120835937500000000e+03 2.098057969260808083e-16
7.692401855468750000e+03 1.419817991900430442e-16
9.718894531250000000e+03 9.491170757597817542e-17
1.224167187500000000e+04 6.327752536465990619e-17
1.542616113281250000e+04 4.177264885207461635e-17
1.943778906250000000e+04 2.723541129501580851e-17
2.448334375000000000e+04 1.735595518444138150e-17
3.085232226562500000e+04 1.069807333956512677e-17
3.891693750000000000e+04 6.297892396574158500e-18
4.921482812500000000e+04 3.484628742452514889e-18
6.162192968750000000e+04 1.853411404320039048e-18
7.775115625000000000e+04 8.799944465608697015e-19
9.801609375000000000e+04 3.654433546046658928e-19
1.236574296875000000e+05 1.254808081981553465e-19
1.559158906250000000e+05 3.403542798224161412e-20
1.964457500000000000e+05 7.042728289724801332e-21
2.473148593750000000e+05 1.099582329568350970e-21
3.118317812500000000e+05 1.295390569693880050e-22
3.928915000000000000e+05 1.262617522924181174e-23
4.962840000000000000e+05 1.128522456560482113e-24
6.244907500000000000e+05 1.133100203848867179e-25
7.857830000000000000e+05 1.395666959054987020e-26
9.925680000000000000e+05 2.041865245230899528e-27
1.248981500000000000e+06 3.232862326312742369e-28
1.571566000000000000e+06 4.183676749948603076e-29
1.981000250000000000e+06 3.364532422738836064e-30
2.497963000000000000e+06 1.296449363621715493e-31
3.147267500000000000e+06 1.801894383663777853e-33
3.970272000000000000e+06 4.658952948152767019e-36
5.004197000000000000e+06 5.016468100583604252e-40
6.286264000000000000e+06 1.069834961223767371e-46
7.940544000000000000e+06 7.491601665469986724e-59
1.000839400000000000e+07 9.999999999999999821e-201
