1.211760009765625000e+03 1.357552538658435365e-11
1.526073364257812500e+03 7.565416418726412469e-12
1.923100463867187500e+03 4.104370000423793354e-12
2.423520019531250000e+03 2.185784133344545069e-12
3.056282226562500000e+03 1.130807844550223403e-12
3.850336669921875000e+03 5.644305657866583472e-13
4.838769042968750000e+03 2.732187094464345313e-13
6.120835937500000000e+03 1.247493927668589127e-13
7.692401855468750000e+03 5.451787316965742645e-14
9.718894531250000000e+03 2.217708199896222023e-14
1.224167187500000000e+04 8.662263180987422606e-15
1.542616113281250000e+04 9.091124042516469602e-16
1.943778906250000000e+04 6.574325670935759496e-16
2.448334375000000000e+04 4.622469397456220646e-16
3.085232226562500000e+04 3.123837415153016400e-16
3.891693750000000000e+04 2.004425368525044192e-16
4.921482812500000000e+04 1.205438431255375650e-16
6.162192968750000000e+04 6.895208860826998077e-17
7.775115625000000000e+04 3.519977786243477882e-17
9.801609375000000000e+04 1.560277697128974820e-17
1.236574296875000000e+05 5.685112962169242080e-18
1.559158906250000000e+05 1.626425795181927664e-18
1.964457500000000000e+05 3.527946133918218267e-19
2.473148593750000000e+05 5.724889651651735519e-20
3.118317812500000000e+05 6.952661249769412076e-21
3.928915000000000000e+05 6.931152136332045257e-22
4.962840000000000000e+05 6.204430821782736201e-23
6.244907500000000000e+05 6.247363286085647044e-24
7.857830000000000000e+05 7.742179549892870254e-25
9.925680000000000000e+05 1.146585868475812894e-25
1.248981500000000000e+06 1.831372820527434610e-26
1.571566000000000000e+06 2.394794277556786905e-27
1.981000250000000000e+06 1.949764372187876648e-28
2.497963000000000000e+06 7.607020238602304846e-30
3.147267500000000000e+06 1.077918961656010044e-31
3.970272000000000000e+06 2.839049452780593003e-34
5.004197000000000000e+06 3.102969959123879789e-38
6.286264000000000000e+06 6.780540202514774754e-45
7.940544000000000000e+06 4.880043327880915983e-57
1.000839400000000000e+07 9.999999999999999821e-201
