1.211760009765625000e+03 3.138561832494731991e-17
1.526073364257812500e+03 2.096559844143790030e-17
1.923100463867187500e+03 1.396898394025688765e-17
2.423520019531250000e+03 9.340957834805749019e-18
3.056282226562500000e+03 6.221912157787255984e-18
3.850336669921875000e+03 4.115639542194383190e-18
4.838769042968750000e+03 2.741543899582374875e-18
6.120835937500000000e+03 1.809605816025186288e-18
7.692401855468750000e+03 1.200177639562242618e-18
9.718894531250000000e+03 7.909308964664846026e-19
1.224167187500000000e+04 5.197357908592455789e-19
1.542616113281250000e+04 3.401902493521621093e-19
1.943778906250000000e+04 2.193963687654051040e-19
2.448334375000000000e+04 1.388476414755310433e-19
3.085232226562500000e+04 8.472874084935578446e-20
3.891693750000000000e+04 4.905089270408718388e-20
4.921482812500000000e+04 2.694509434570839576e-20
6.162192968750000000e+04 1.412740161334854690e-20
7.775115625000000000e+04 6.614873509317723018e-21
9.801609375000000000e+04 2.706987811886413661e-21
1.236574296875000000e+05 9.155858720841623682e-22
1.559158906250000000e+05 2.442236817046344677e-22
1.964457500000000000e+05 4.975983726198085131e-23
2.473148593750000000e+05 7.616373016734906671e-24
3.118317812500000000e+05 8.782308947077151855e-25
3.928915000000000000e+05 8.388018508936868149e-26
4.962840000000000000e+05 7.328067899743393211e-27
6.244907500000000000e+05 7.166093181098242021e-28
7.857830000000000000e+05 8.600326126068571699e-29
9.925680000000000000e+05 1.228609515079105535e-29
1.248981500000000000e+06 1.883797615008181747e-30
1.571566000000000000e+06 2.360170745833073585e-31
1.981000250000000000e+06 1.830876300713005968e-32
2.497963000000000000e+06 6.807839124040971681e-34
3.147267500000000000e+06 9.063099727356501730e-36
3.970272000000000000e+06 2.238481299307775071e-38
5.004197000000000000e+06 2.293611961452400831e-42
6.286264000000000000e+06 4.640870280067239841e-49
7.940544000000000000e+06 3.080658628791396058e-61
1.000839400000000000e+07 9.999999999999999821e-201
