1.211760009765625000e+03 4.371568266689090138e-12
1.526073364257812500e+03 3.065724300398938592e-12
1.923100463867187500e+03 2.150281790967701297e-12
2.423520019531250000e+03 1.506973157544522910e-12
3.056282226562500000e+03 1.056483935182160365e-12
3.850336669921875000e+03 7.360931871472645889e-13
4.838769042968750000e+03 5.097604136299883689e-13
6.120835937500000000e+03 3.466981118909059274e-13
7.692401855468750000e+03 2.343780791645363725e-13
9.718894531250000000e+03 1.499465166135005121e-13
1.224167187500000000e+04 8.989208967951909633e-14
1.542616113281250000e+04 4.898463645244855463e-14
1.943778906250000000e+04 2.395969807885406629e-14
2.448334375000000000e+04 1.047701938159743398e-14
3.085232226562500000e+04 4.068652886139571730e-15
3.891693750000000000e+04 1.365712734338822701e-15
4.921482812500000000e+04 3.789656178563604919e-16
6.162192968750000000e+04 8.793274603014602328e-17
7.775115625000000000e+04 1.478691634523922603e-17
9.801609375000000000e+04 1.776322099233812695e-18
1.236574296875000000e+05 1.448434062902184356e-19
1.559158906250000000e+05 8.021551665721372933e-21
1.964457500000000000e+05 3.113198235750797149e-22
2.473148593750000000e+05 9.303949376144049608e-24
3.118317812500000000e+05 2.385066456819155759e-25
3.928915000000000000e+05 6.249439463205946576e-27
4.962840000000000000e+05 1.612420308889911584e-28
6.244907500000000000e+05 3.555787860981429721e-30
7.857830000000000000e+05 4.612838457658451664e-32
9.925680000000000000e+05 2.172644803699521442e-34
1.248981500000000000e+06 2.710174398692496830e-37
1.571566000000000000e+06 4.351293743001283635e-41
1.981000250000000000e+06 1.968737177538616785e-46
2.497963000000000000e+06 7.839938402572663687e-55
3.147267500000000000e+06 2.054685578150289717e-69
3.970272000000000000e+06 7.743470783182431301e-96
5.004197000000000000e+06 9.215091719841898370e-142
6.286264000000000000e+06 9.999999999999999821e-201
7.940544000000000000e+06 9.999999999999999821e-201
1.000839400000000000e+07 9.999999999999999821e-201
