1.211760009765625000e+03 6.526215873917616069e-12
1.526073364257812500e+03 4.499692118327474685e-12
1.923100463867187500e+03 3.162640736350304942e-12
2.423520019531250000e+03 2.254232574508749279e-12
3.056282226562500000e+03 1.624220629322106424e-12
3.850336669921875000e+03 1.174616788000954252e-12
4.838769042968750000e+03 8.485645909816268199e-13
6.120835937500000000e+03 6.006178558110060945e-13
7.692401855468750000e+03 4.230238501994069721e-13
9.718894531250000000e+03 2.827562884711724173e-13
1.224167187500000000e+04 1.765557316937804715e-13
1.542616113281250000e+04 9.992865836299506355e-14
1.943778906250000000e+04 5.052204706723219745e-14
2.448334375000000000e+04 2.269683115549153671e-14
3.085232226562500000e+04 9.099162246543815501e-15
3.891693750000000000e+04 3.146729925903487296e-15
4.921482812500000000e+04 8.948567691717710899e-16
6.162192968750000000e+04 2.129112322859554049e-16
7.775115625000000000e+04 3.661522142630664819e-17
9.801609375000000000e+04 4.510192830085852588e-18
1.236574296875000000e+05 3.756875850652541118e-19
1.559158906250000000e+05 2.089647912919013254e-20
1.964457500000000000e+05 8.005366891930621509e-22
2.473148593750000000e+05 2.366280038184668075e-23
3.118317812500000000e+05 5.967034395631807842e-25
3.928915000000000000e+05 1.528360324680417715e-26
4.962840000000000000e+05 3.850555961528146504e-28
6.244907500000000000e+05 8.289091527778062738e-30
7.857830000000000000e+05 1.052692136137586208e-31
9.925680000000000000e+05 4.826411417076093311e-34
1.248981500000000000e+06 5.861103803400726425e-37
1.571566000000000000e+06 9.153498754707363766e-41
1.981000250000000000e+06 4.045987427854952572e-46
2.497963000000000000e+06 1.562340666058898950e-54
3.147267500000000000e+06 3.987837074044000928e-69
3.970272000000000000e+06 1.461913880618062467e-95
5.004197000000000000e+06 1.743842468956628684e-141
6.286264000000000000e+06 9.999999999999999821e-201
7.940544000000000000e+06 9.999999999999999821e-201
1.000839400000000000e+07 9.999999999999999821e-201
