1.211760009765625000e+03 1.053660043766088320e-13
1.526073364257812500e+03 6.744593460877663822e-14
1.923100463867187500e+03 4.300563595090322952e-14
2.423520019531250000e+03 2.733786992986482104e-14
3.056282226562500000e+03 1.728299536162089168e-14
3.850336669921875000e+03 1.085637082392333423e-14
4.838769042968750000e+03 6.826986035566068492e-15
6.120835937500000000e+03 4.257955039267956383e-15
7.692401855468750000e+03 2.655175000725987507e-15
9.718894531250000000e+03 1.622914972811046346e-15
1.224167187500000000e+04 9.781702927421051822e-16
1.542616113281250000e+04 5.644411471746502426e-16
1.943778906250000000e+04 3.059966703337016727e-16
2.448334375000000000e+04 1.531854740548905065e-16
3.085232226562500000e+04 7.019691538016873499e-17
3.891693750000000000e+04 2.905669683678470060e-17
4.921482812500000000e+04 1.063637674031290833e-17
6.162192968750000000e+04 3.405300145054996276e-18
7.775115625000000000e+04 8.544195808557211352e-19
9.801609375000000000e+04 1.624763343654347050e-19
1.236574296875000000e+05 2.202320827928295796e-20
1.559158906250000000e+05 2.055234778778439059e-21
1.964457500000000000e+05 1.312951675171185279e-22
2.473148593750000000e+05 6.028569199759024522e-24
3.118317812500000000e+05 2.164739806234921105e-25
3.928915000000000000e+05 7.471177812441289351e-27
4.962840000000000000e+05 2.803029460423808915e-28
6.244907500000000000e+05 1.357856931148010910e-29
7.857830000000000000e+05 6.731855143249253609e-31
9.925680000000000000e+05 2.285109876373834861e-32
1.248981500000000000e+06 4.082529081752336561e-34
1.571566000000000000e+06 2.453622555321338349e-36
1.981000250000000000e+06 2.925789711196460505e-39
2.497963000000000000e+06 2.793353298897416072e-43
3.147267500000000000e+06 2.185840506613027537e-49
3.970272000000000000e+06 6.547952730250939632e-60
5.004197000000000000e+06 6.374192150021271240e-79
6.286264000000000000e+06 4.605335537702494581e-112
7.940544000000000000e+06 2.843740678038357454e-168
1.000839400000000000e+07 9.999999999999999821e-201
