1.211760009765625000e+03 1.345097928212027952e-12
1.526073364257812500e+03 8.999384236654947350e-13
1.923100463867187500e+03 6.011371740582459729e-13
2.423520019531250000e+03 4.022839174189675091e-13
3.056282226562500000e+03 2.686285883997037433e-13
3.850336669921875000e+03 1.791278842002700414e-13
4.838769042968750000e+03 1.191386019040114778e-13
6.120835937500000000e+03 7.838525647152213380e-14
7.692401855468750000e+03 5.174386058574455900e-14
9.718894531250000000e+03 3.376047373045433441e-14
1.224167187500000000e+04 2.178375124982446069e-14
1.542616113281250000e+04 1.388953136430904270e-14
1.943778906250000000e+04 8.666527803030252616e-15
2.448334375000000000e+04 5.144567006530258851e-15
3.085232226562500000e+04 2.889851473665262674e-15
3.891693750000000000e+04 1.521073170390942016e-15
4.921482812500000000e+04 7.417901504827029451e-16
6.162192968750000000e+04 3.360364148224881408e-16
7.775115625000000000e+04 1.315956737158676635e-16
9.801609375000000000e+04 4.270898796263593857e-17
1.236574296875000000e+05 1.086164018946154922e-17
1.559158906250000000e+05 2.069801596093371694e-18
1.964457500000000000e+05 2.850484568083453868e-19
2.473148593750000000e+05 2.848442423932235890e-20
3.118317812500000000e+05 2.117333466566979996e-21
3.928915000000000000e+05 1.333354744920885174e-22
4.962840000000000000e+05 8.060102696058036130e-24
6.244907500000000000e+05 5.909665639802244722e-25
7.857830000000000000e+05 5.467425212612561310e-26
9.925680000000000000e+05 5.556507641251909902e-27
1.248981500000000000e+06 5.098219757074863405e-28
1.571566000000000000e+06 3.083489511841215653e-29
1.981000250000000000e+06 8.678609111185742695e-31
2.497963000000000000e+06 8.295731739983574277e-33
3.147267500000000000e+06 1.624163215028143236e-35
3.970272000000000000e+06 1.655988242245621629e-39
5.004197000000000000e+06 4.497651644170750283e-46
6.286264000000000000e+06 1.471066731081270715e-57
7.940544000000000000e+06 1.987012104654283469e-78
1.000839400000000000e+07 9.999999999999999821e-201
