1.211760009765625000e+03 7.198764838023629440e-12
1.526073364257812500e+03 4.697480782869341092e-12
1.923100463867187500e+03 3.099858795731163393e-12
2.423520019531250000e+03 2.061238028880468519e-12
3.056282226562500000e+03 1.382647146174945738e-12
3.850336669921875000e+03 9.289564235331289422e-13
4.838769042968750000e+03 6.299999367699036592e-13
6.120835937500000000e+03 4.239705695943964454e-13
7.692401855468750000e+03 2.861592289969206865e-13
9.718894531250000000e+03 1.920320524117586341e-13
1.224167187500000000e+04 1.284996562489644705e-13
1.542616113281250000e+04 8.400771728620020135e-14
1.943778906250000000e+04 5.368840528826368985e-14
2.448334375000000000e+04 3.284691830807903652e-14
3.085232226562500000e+04 1.901016354029138451e-14
3.891693750000000000e+04 1.027614650230669495e-14
4.921482812500000000e+04 5.112549451529833929e-15
6.162192968750000000e+04 2.354972179348973691e-15
7.775115625000000000e+04 9.270485605413360841e-16
9.801609375000000000e+04 3.023645165496350314e-16
1.236574296875000000e+05 7.696247905675611351e-17
1.559158906250000000e+05 1.471858912777508452e-17
1.964457500000000000e+05 2.031316187352674661e-18
2.473148593750000000e+05 2.035122756151328400e-19
3.118317812500000000e+05 1.509813337789696753e-20
3.928915000000000000e+05 9.485000799096295981e-22
4.962840000000000000e+05 5.711299763157688788e-23
6.244907500000000000e+05 4.161389554694081026e-24
7.857830000000000000e+05 3.811576433935614039e-25
9.925680000000000000e+05 3.814586594986430483e-26
1.248981500000000000e+06 3.449965877975965217e-27
1.571566000000000000e+06 2.057265658681561841e-28
1.981000250000000000e+06 5.709107097424614671e-30
2.497963000000000000e+06 5.357118302309142279e-32
3.147267500000000000e+06 1.026937279457256533e-34
3.970272000000000000e+06 1.028849469214537947e-38
5.004197000000000000e+06 2.715248955554934528e-45
6.286264000000000000e+06 8.715226652424801010e-57
7.940544000000000000e+06 1.149963698362911824e-77
1.000839400000000000e+07 9.999999999999999821e-201
