1.211760009765625000e+03 4.321749824903459316e-13
1.526073364257812500e+03 2.887714502311258140e-13
1.923100463867187500e+03 1.922697227731987570e-13
2.423520019531250000e+03 1.270370265533581820e-13
3.056282226562500000e+03 8.394643387490740717e-14
3.850336669921875000e+03 5.526702772918615219e-14
4.838769042968750000e+03 3.617821419074694859e-14
6.120835937500000000e+03 2.358952529661845682e-14
7.692401855468750000e+03 1.532715870380767361e-14
9.718894531250000000e+03 9.849385914022457409e-15
1.224167187500000000e+04 6.290364124949309345e-15
1.542616113281250000e+04 3.956121692041127669e-15
1.943778906250000000e+04 2.423689978813545063e-15
2.448334375000000000e+04 1.430254886593507535e-15
3.085232226562500000e+04 8.010331007905039605e-16
3.891693750000000000e+04 4.196941021981695143e-16
4.921482812500000000e+04 2.038746713800240427e-16
6.162192968750000000e+04 9.238737011292128589e-17
7.775115625000000000e+04 3.595139539660302382e-17
9.801609375000000000e+04 1.165993166944529626e-17
1.236574296875000000e+05 2.954366131533540945e-18
1.559158906250000000e+05 5.596130241289485982e-19
1.964457500000000000e+05 7.693540873079614043e-20
2.473148593750000000e+05 7.695535870034595341e-21
3.118317812500000000e+05 5.679773985018383919e-22
3.928915000000000000e+05 3.575814997742373845e-23
4.962840000000000000e+05 2.165843546548109981e-24
6.244907500000000000e+05 1.583297919330351398e-25
7.857830000000000000e+05 1.462145714001530598e-26
9.925680000000000000e+05 1.490555224399321838e-27
1.248981500000000000e+06 1.375439443937699620e-28
1.571566000000000000e+06 8.335057586695786885e-30
1.981000250000000000e+06 2.356443533500764213e-31
2.497963000000000000e+06 2.259871749857594476e-33
3.147267500000000000e+06 4.442778301198059876e-36
3.970272000000000000e+06 4.551296717397643540e-40
5.004197000000000000e+06 1.236854202146956289e-46
6.286264000000000000e+06 4.069752764799736494e-58
7.940544000000000000e+06 5.515132022760905173e-79
1.000839400000000000e+07 9.999999999999999821e-201
