1.211760009765625000e+03 7.659585424540713887e-13
1.526073364257812500e+03 5.112836978407262282e-13
1.923100463867187500e+03 3.413768547197610105e-13
2.423520019531250000e+03 2.272966406469398805e-13
3.056282226562500000e+03 1.511035809748333304e-13
3.850336669921875000e+03 9.995100759533664667e-14
4.838769042968750000e+03 6.611880524515819789e-14
6.120835937500000000e+03 4.313654051105776716e-14
7.692401855468750000e+03 2.822392395586067543e-14
9.718894531250000000e+03 1.827401789079638177e-14
1.224167187500000000e+04 1.176077806240522638e-14
1.542616113281250000e+04 7.442873013840086177e-15
1.943778906250000000e+04 4.582977414483795304e-15
2.448334375000000000e+04 2.713677522472092865e-15
3.085232226562500000e+04 1.517746927813586431e-15
3.891693750000000000e+04 7.986905944862134713e-16
4.921482812500000000e+04 3.889301423249689870e-16
6.162192968750000000e+04 1.757171549206542186e-16
7.775115625000000000e+04 6.873725912306491601e-17
9.801609375000000000e+04 2.229938309553557691e-17
1.236574296875000000e+05 5.660466201593674420e-18
1.559158906250000000e+05 1.073230457233600202e-18
1.964457500000000000e+05 1.480591498955968883e-19
2.473148593750000000e+05 1.477105226238867668e-20
3.118317812500000000e+05 1.096412066728232364e-21
3.928915000000000000e+05 6.909201860044587369e-23
4.962840000000000000e+05 4.178396796422724193e-24
6.244907500000000000e+05 3.053327247231159314e-25
7.857830000000000000e+05 2.827439895665353118e-26
9.925680000000000000e+05 2.879682134712298775e-27
1.248981500000000000e+06 2.648573474689950835e-28
1.571566000000000000e+06 1.604378136629882602e-29
1.981000250000000000e+06 4.521306291920165283e-31
2.497963000000000000e+06 4.342906584881682577e-33
3.147267500000000000e+06 8.594226877727395281e-36
3.970272000000000000e+06 8.771395786346165233e-40
5.004197000000000000e+06 2.373760589979006662e-46
6.286264000000000000e+06 7.821866289419981939e-58
7.940544000000000000e+06 1.060000551892343974e-78
1.000839400000000000e+07 9.999999999999999821e-201
