1.211760009765625000e+03 4.907116515884620111e-12
1.526073364257812500e+03 3.263512964940805807e-12
1.923100463867187500e+03 2.165977285118484488e-12
2.423520019531250000e+03 1.438507506560085365e-12
3.056282226562500000e+03 9.481009002342485058e-13
3.850336669921875000e+03 6.232254960975229121e-13
4.838769042968750000e+03 4.085841472175386346e-13
6.120835937500000000e+03 2.638124700480560289e-13
7.692401855468750000e+03 1.722128302564382968e-13
9.718894531250000000e+03 1.107817990608891506e-13
1.224167187500000000e+04 7.098177929546261958e-14
1.542616113281250000e+04 4.503573381212445876e-14
1.943778906250000000e+04 2.826427792217760696e-14
2.448334375000000000e+04 1.732309695510815042e-14
3.085232226562500000e+04 1.034488594423217791e-14
3.891693750000000000e+04 5.900461670838451198e-15
4.921482812500000000e+04 3.214220874586790551e-15
6.162192968750000000e+04 1.668819267950261000e-15
7.775115625000000000e+04 7.937877606078482269e-16
9.801609375000000000e+04 3.360384463332893812e-16
1.236574296875000000e+05 1.203798612884143174e-16
1.559158906250000000e+05 3.493468082356480387e-17
1.964457500000000000e+05 7.922158774265064682e-18
2.473148593750000000e+05 1.377920986690509402e-18
3.118317812500000000e+05 1.827195545961081938e-19
3.928915000000000000e+05 1.982218367988850656e-20
4.962840000000000000e+05 1.919689462200897123e-21
6.244907500000000000e+05 2.022815203642062823e-22
7.857830000000000000e+05 2.531769284457959204e-23
9.925680000000000000e+05 3.824326935425769252e-24
1.248981500000000000e+06 6.633525271454003266e-25
1.571566000000000000e+06 1.039746750600076111e-25
1.981000250000000000e+06 1.154021625804063833e-26
2.497963000000000000e+06 7.141016200777637868e-28
3.147267500000000000e+06 1.986870101709769252e-29
3.970272000000000000e+06 1.602105546134274251e-31
5.004197000000000000e+06 1.418172732396069028e-34
6.286264000000000000e+06 1.661495775945349452e-39
7.940544000000000000e+06 2.212165689005978252e-48
1.000839400000000000e+07 9.999999999999999821e-201
