1.211760009765625000e+03 3.948111511511229060e-12
1.526073364257812500e+03 2.709704704223578091e-12
1.923100463867187500e+03 1.852066967335943902e-12
2.423520019531250000e+03 1.264095139977003912e-12
3.056282226562500000e+03 8.540028658557516188e-13
3.850336669921875000e+03 5.793200748976587571e-13
4.838769042968750000e+03 3.882577903533093274e-13
6.120835937500000000e+03 2.582465181142966490e-13
7.692401855468750000e+03 1.679196200321864066e-13
9.718894531250000000e+03 1.039885738043977213e-13
1.224167187500000000e+04 5.995572494678248153e-14
1.542616113281250000e+04 3.131195371549992998e-14
1.943778906250000000e+04 1.465097805165669156e-14
2.448334375000000000e+04 6.146640527356022954e-15
3.085232226562500000e+04 2.273654619558862803e-15
3.891693750000000000e+04 7.278872324859022530e-16
4.921482812500000000e+04 1.908927778392767736e-16
6.162192968750000000e+04 4.213905883533210325e-17
7.775115625000000000e+04 6.782002519905239531e-18
9.801609375000000000e+04 7.886802967676935908e-19
1.236574296875000000e+05 6.270099288509124986e-20
1.559158906250000000e+05 3.388180438003488930e-21
1.964457500000000000e+05 1.296688815461829823e-22
2.473148593750000000e+05 3.856682617535204237e-24
3.118317812500000000e+05 9.887563577642684062e-26
3.928915000000000000e+05 2.614966486905332439e-27
4.962840000000000000e+05 6.619819290470030314e-29
6.244907500000000000e+05 1.364095842118741406e-30
7.857830000000000000e+05 1.573568752902213484e-32
9.925680000000000000e+05 6.143566431038216442e-35
1.248981500000000000e+06 5.923841016391677633e-38
1.571566000000000000e+06 6.423648110795955236e-42
1.981000250000000000e+06 1.413790406446093105e-47
2.497963000000000000e+06 1.273264885571193595e-56
3.147267500000000000e+06 1.901999501027437186e-72
3.970272000000000000e+06 4.637702845029792773e-101
5.004197000000000000e+06 2.260857522701639250e-150
6.286264000000000000e+06 9.999999999999999821e-201
7.940544000000000000e+06 9.999999999999999821e-201
1.000839400000000000e+07 9.999999999999999821e-201
