1.211760009765625000e+03 8.033223737932942971e-11
1.526073364257812500e+03 4.173340821833393216e-11
1.923100463867187500e+03 2.142434053758500318e-11
2.423520019531250000e+03 1.083551108837466632e-11
3.056282226562500000e+03 5.579959103372741575e-12
3.850336669921875000e+03 2.974853707964421394e-12
4.838769042968750000e+03 1.705490850122060356e-12
6.120835937500000000e+03 1.073664243561492402e-12
7.692401855468750000e+03 7.370254933251032743e-13
9.718894531250000000e+03 5.165900297424880126e-13
1.224167187500000000e+04 3.831312432665393521e-13
1.542616113281250000e+04 2.731987141023517908e-13
1.943778906250000000e+04 1.833500876806074665e-13
2.448334375000000000e+04 1.141059372584511270e-13
3.085232226562500000e+04 6.471517720649173032e-14
3.891693750000000000e+04 3.333447471342699383e-14
4.921482812500000000e+04 1.516750396893735991e-14
6.162192968750000000e+04 6.058441051753648541e-15
7.775115625000000000e+04 1.924803180567367161e-15
9.801609375000000000e+04 4.638001107049649985e-16
1.236574296875000000e+05 8.096133614218896276e-17
1.559158906250000000e+05 9.625032765335779373e-18
1.964457500000000000e+05 7.820944809767500900e-19
2.473148593750000000e+05 4.463014282257459413e-20
3.118317812500000000e+05 1.915433459902753458e-21
3.928915000000000000e+05 7.461512601789880729e-23
4.962840000000000000e+05 3.056018325319521712e-24
6.244907500000000000e+05 1.618099169776903665e-25
7.857830000000000000e+05 9.449563737582391923e-27
9.925680000000000000e+05 4.207955302864521861e-28
1.248981500000000000e+06 1.109557557765119636e-29
1.571566000000000000e+06 1.147263748542295993e-31
1.981000250000000000e+06 2.970693860566851854e-34
2.497963000000000000e+06 9.488183879159773668e-38
3.147267500000000000e+06 6.932057511712137593e-43
3.970272000000000000e+06 1.759265600415989747e-51
5.004197000000000000e+06 7.061352126072242117e-67
6.286264000000000000e+06 5.774557691596877498e-94
7.940544000000000000e+06 8.617503574290122677e-141
1.000839400000000000e+07 9.999999999999999821e-201
