1.211760009765625000e+03 7.111582564898777066e-13
1.526073364257812500e+03 4.905158880638300778e-13
1.923100463867187500e+03 3.366682084477643037e-13
2.423520019531250000e+03 2.310330237808621518e-13
3.056282226562500000e+03 1.575227392899030375e-13
3.850336669921875000e+03 1.073926108013506377e-13
4.838769042968750000e+03 7.295884075476456323e-14
6.120835937500000000e+03 4.900440010750847204e-14
7.692401855468750000e+03 3.284357636037595393e-14
9.718894531250000000e+03 2.183207863792657832e-14
1.224167187500000000e+04 1.412796459545363927e-14
1.542616113281250000e+04 8.910620310954190736e-15
1.943778906250000000e+04 5.285944017174961429e-15
2.448334375000000000e+04 2.916040618827085156e-15
3.085232226562500000e+04 1.481923175526806291e-15
3.891693750000000000e+04 6.883956638493760581e-16
4.921482812500000000e+04 2.843906994175755081e-16
6.162192968750000000e+04 1.049408539321613980e-16
7.775115625000000000e+04 3.084958522279205583e-17
9.801609375000000000e+04 6.994404895308746428e-18
1.236574296875000000e+05 1.148879912874871932e-18
1.559158906250000000e+05 1.317579891310466531e-19
1.964457500000000000e+05 1.040925175970488123e-20
2.473148593750000000e+05 5.859219473632757511e-22
3.118317812500000000e+05 2.535925989167025529e-23
3.928915000000000000e+05 1.020678610622200508e-24
4.962840000000000000e+05 4.386440096256037182e-26
6.244907500000000000e+05 2.441682579543591569e-27
7.857830000000000000e+05 1.521539923848012288e-28
9.925680000000000000e+05 7.262199482299849126e-30
1.248981500000000000e+06 2.091625557725988616e-31
1.571566000000000000e+06 2.373649134915095941e-33
1.981000250000000000e+06 6.606639628133228751e-36
2.497963000000000000e+06 2.280398739138968156e-39
3.147267500000000000e+06 1.800004849679874433e-44
3.970272000000000000e+06 4.923317911611911439e-53
5.004197000000000000e+06 2.139405941542333960e-68
6.286264000000000000e+06 1.898044032335463895e-95
7.940544000000000000e+06 3.055955049033976929e-142
1.000839400000000000e+07 9.999999999999999821e-201
