1.211760009765625000e+03 5.455119375526557057e-14
1.526073364257812500e+03 3.609643127889072675e-14
1.923100463867187500e+03 2.385714111144996812e-14
2.423520019531250000e+03 1.563053611024161713e-14
3.056282226562500000e+03 1.022171283065048886e-14
3.850336669921875000e+03 6.702613823097758530e-15
4.838769042968750000e+03 4.366539764513988510e-15
6.120835937500000000e+03 2.835326528932712313e-15
7.692401855468750000e+03 1.841681911845899051e-15
9.718894531250000000e+03 1.188337648785517997e-15
1.224167187500000000e+04 7.649124861575244836e-16
1.542616113281250000e+04 4.907197578541846021e-16
1.943778906250000000e+04 3.108065523152562655e-16
2.448334375000000000e+04 1.926670235614454571e-16
3.085232226562500000e+04 1.157777793481583770e-16
3.891693750000000000e+04 6.660186282974835482e-17
4.921482812500000000e+04 3.649228605217823568e-17
6.162192968750000000e+04 1.902949605596670832e-17
7.775115625000000000e+04 9.004820225692676170e-18
9.801609375000000000e+04 3.754989501834600973e-18
1.236574296875000000e+05 1.316338448710911865e-18
1.559158906250000000e+05 3.700345065587449550e-19
1.964457500000000000e+05 8.031832082320167738e-20
2.473148593750000000e+05 1.330762515559792719e-20
3.118317812500000000e+05 1.662266494326470038e-21
3.928915000000000000e+05 1.715793919742607714e-22
4.962840000000000000e+05 1.575963369142379292e-23
6.244907500000000000e+05 1.601009221469841652e-24
7.857830000000000000e+05 1.943883325814846355e-25
9.925680000000000000e+05 2.848424758709381166e-26
1.248981500000000000e+06 4.690736949556192424e-27
1.571566000000000000e+06 6.740679268035762237e-28
1.981000250000000000e+06 6.535299095367109851e-29
2.497963000000000000e+06 3.368084289919297074e-30
3.147267500000000000e+06 7.236615987178651276e-32
3.970272000000000000e+06 3.915082889863547342e-34
5.004197000000000000e+06 1.735090505035759480e-37
6.286264000000000000e+06 5.662149496781033247e-43
7.940544000000000000e+06 6.701531546028020288e-53
1.000839400000000000e+07 9.999999999999999821e-201
