1.211760009765625000e+03 2.179556828121341204e-14
1.526073364257812500e+03 1.433967817928535815e-14
1.923100463867187500e+03 9.417292543993407141e-15
2.423520019531250000e+03 6.165032170971794119e-15
3.056282226562500000e+03 4.024490800473501826e-15
3.850336669921875000e+03 2.622250671141754912e-15
4.838769042968750000e+03 1.712307379084413806e-15
6.120835937500000000e+03 1.107010096948511087e-15
7.692401855468750000e+03 7.178440678760372756e-16
9.718894531250000000e+03 4.623036805980214167e-16
1.224167187500000000e+04 2.976026071545352955e-16
1.542616113281250000e+04 1.894858470922098988e-16
1.943778906250000000e+04 1.195995801801353894e-16
2.448334375000000000e+04 7.401233222177480359e-17
3.085232226562500000e+04 4.446218902723952554e-17
3.891693750000000000e+04 2.556242925751294218e-17
4.921482812500000000e+04 1.390182325797266209e-17
6.162192968750000000e+04 7.239793236330192612e-18
7.775115625000000000e+04 3.413255666500653027e-18
9.801609375000000000e+04 1.420683375998249459e-18
1.236574296875000000e+05 4.961898825358889836e-19
1.559158906250000000e+05 1.386702459448603133e-19
1.964457500000000000e+05 3.004113817802868183e-20
2.473148593750000000e+05 4.945401240255985632e-21
3.118317812500000000e+05 6.183631358894471181e-22
3.928915000000000000e+05 6.331379902675936845e-23
4.962840000000000000e+05 5.823677137533949453e-24
6.244907500000000000e+05 5.865910613109753697e-25
7.857830000000000000e+05 7.091067343465424458e-26
9.925680000000000000e+05 1.031326205739603521e-26
1.248981500000000000e+06 1.699007084091219054e-27
1.571566000000000000e+06 2.427621446531720419e-28
1.981000250000000000e+06 2.341541836681783615e-29
2.497963000000000000e+06 1.196494279216086160e-30
3.147267500000000000e+06 2.554099760180701416e-32
3.970272000000000000e+06 1.375716626577051546e-34
5.004197000000000000e+06 6.035097408820035062e-38
6.286264000000000000e+06 1.951362255952785789e-43
7.940544000000000000e+06 2.294932639639799211e-53
1.000839400000000000e+07 9.999999999999999821e-201
