1.211760009765625000e+03 9.203957119895261896e-12
1.526073364257812500e+03 4.737038515777713404e-12
1.923100463867187500e+03 2.597603193384848413e-12
2.423520019531250000e+03 1.550599000577754260e-12
3.056282226562500000e+03 1.002419180976835534e-12
3.850336669921875000e+03 6.859399640055434175e-13
4.838769042968750000e+03 4.834364984117990946e-13
6.120835937500000000e+03 3.402318705975242798e-13
7.692401855468750000e+03 2.412262347571781127e-13
9.718894531250000000e+03 1.706187838004168791e-13
1.224167187500000000e+04 1.192308809214123130e-13
1.542616113281250000e+04 8.296608124187446362e-14
1.943778906250000000e+04 5.692132184441585464e-14
2.448334375000000000e+04 3.816048820056409125e-14
3.085232226562500000e+04 2.466889360473502176e-14
3.891693750000000000e+04 1.518781475217233686e-14
4.921482812500000000e+04 8.807671479898557544e-15
6.162192968750000000e+04 4.869951299592460990e-15
7.775115625000000000e+04 2.409996284084883871e-15
9.801609375000000000e+04 1.044668662768082070e-15
1.236574296875000000e+05 3.729341320482321519e-16
1.559158906250000000e+05 1.052973406147014488e-16
1.964457500000000000e+05 2.278744750557161065e-17
2.473148593750000000e+05 3.720117215040798142e-18
3.118317812500000000e+05 4.603552712459050010e-19
3.928915000000000000e+05 4.698957512680774424e-20
4.962840000000000000e+05 4.338910830211434885e-21
6.244907500000000000e+05 4.465444622164517485e-22
7.857830000000000000e+05 5.564302440862591921e-23
9.925680000000000000e+05 8.323728015135282419e-24
1.248981500000000000e+06 1.367683284300818486e-24
1.571566000000000000e+06 1.885242191311437541e-25
1.981000250000000000e+06 1.673034739156991621e-26
2.497963000000000000e+06 7.423223991440981692e-28
3.147267500000000000e+06 1.268025317295203304e-29
3.970272000000000000e+06 4.617792887418828706e-32
5.004197000000000000e+06 9.473707484658851568e-36
6.286264000000000000e+06 7.025831862054396665e-42
7.940544000000000000e+06 5.163408662847883006e-53
1.000839400000000000e+07 9.999999999999999821e-201
