1.211760009765625000e+03 5.741575415793932996e-13
1.526073364257812500e+03 3.985441590518620392e-13
1.923100463867187500e+03 2.770253556691394024e-13
2.423520019531250000e+03 1.918010008746780133e-13
3.056282226562500000e+03 1.323390839910305206e-13
3.850336669921875000e+03 9.093604094244919050e-14
4.838769042968750000e+03 6.269079753598169464e-14
6.120835937500000000e+03 4.265225624157368685e-14
7.692401855468750000e+03 2.922171461692645084e-14
9.718894531250000000e+03 1.969871412968449371e-14
1.224167187500000000e+04 1.339810929941643504e-14
1.542616113281250000e+04 8.937048049563317268e-15
1.943778906250000000e+04 5.889459433502227032e-15
2.448334375000000000e+04 3.786918676391855782e-15
3.085232226562500000e+04 2.345495859430869108e-15
3.891693750000000000e+04 1.385772099587210832e-15
4.921482812500000000e+04 7.761629736442669329e-16
6.162192968750000000e+04 4.150989130014743700e-16
7.775115625000000000e+04 1.996399562063715633e-16
9.801609375000000000e+04 8.472509627174210957e-17
1.236574296875000000e+05 3.001231824578630959e-17
1.559158906250000000e+05 8.387055618729128321e-18
1.964457500000000000e+05 1.822995800445728575e-18
2.473148593750000000e+05 2.972801632904284063e-19
3.118317812500000000e+05 3.682842169967241115e-20
3.928915000000000000e+05 3.764322616468549045e-21
4.962840000000000000e+05 3.486090425652635435e-22
6.244907500000000000e+05 3.609324520311626204e-23
7.857830000000000000e+05 4.516178989398170315e-24
9.925680000000000000e+05 6.788856182557145515e-25
1.248981500000000000e+06 1.124123247370535232e-25
1.571566000000000000e+06 1.571035159426197951e-26
1.981000250000000000e+06 1.411623061163711707e-27
2.497963000000000000e+06 6.345162415920507437e-29
3.147267500000000000e+06 1.102247320319196118e-30
3.970272000000000000e+06 4.095023881295943186e-33
5.004197000000000000e+06 8.612461349689862480e-37
6.286264000000000000e+06 6.567625436268240693e-43
7.940544000000000000e+06 4.978055531361035847e-54
1.000839400000000000e+07 9.999999999999999821e-201
