1.211760009765625000e+03 5.828757688918786937e-10
1.526073364257812500e+03 3.451412196255578416e-10
1.923100463867187500e+03 2.024717896958582636e-10
2.423520019531250000e+03 1.176960687185524335e-10
3.056282226562500000e+03 6.765094965213126077e-11
3.850336669921875000e+03 3.817745856807996367e-11
4.838769042968750000e+03 2.136477428465047881e-11
6.120835937500000000e+03 1.161226167039376095e-11
7.692401855468750000e+03 6.216968814473615011e-12
9.718894531250000000e+03 3.210735295153298599e-12
1.224167187500000000e+04 1.622523328002724732e-12
1.542616113281250000e+04 7.792019092073119948e-13
1.943778906250000000e+04 3.529121954353781877e-13
2.448334375000000000e+04 1.485637326892189726e-13
3.085232226562500000e+04 5.592772012321297518e-14
3.891693750000000000e+04 3.402565423093598429e-16
4.921482812500000000e+04 2.364054340210301378e-16
6.162192968750000000e+04 1.573577578698399735e-16
7.775115625000000000e+04 9.465001907792118668e-17
9.801609375000000000e+04 4.935442501266529278e-17
1.236574296875000000e+05 2.148810951325528186e-17
1.559158906250000000e+05 7.407545473476091459e-18
1.964457500000000000e+05 1.936933037973586659e-18
2.473148593750000000e+05 3.851802780174985510e-19
3.118317812500000000e+05 5.767088013410240188e-20
3.928915000000000000e+05 7.025876116353968542e-21
4.962840000000000000e+05 7.705307163996168582e-22
6.244907500000000000e+05 9.358949295255482079e-23
7.857830000000000000e+05 1.357936412853170377e-23
9.925680000000000000e+05 2.337727868080547595e-24
1.248981500000000000e+06 4.346609889832737334e-25
1.571566000000000000e+06 6.721786146402091075e-26
1.981000250000000000e+06 6.496080198133006870e-27
2.497963000000000000e+06 3.049374170757913948e-28
3.147267500000000000e+06 5.326059051782354527e-30
3.970272000000000000e+06 1.969096589729538697e-32
5.004197000000000000e+06 4.133981447851134525e-36
6.286264000000000000e+06 3.156533155415742413e-42
7.940544000000000000e+06 2.385759592423559992e-53
1.000839400000000000e+07 9.999999999999999821e-201
