1.211760009765625000e+03 4.483659760706759033e-11
1.526073364257812500e+03 3.026166567490564988e-11
1.923100463867187500e+03 2.032565640745243768e-11
2.423520019531250000e+03 1.370007149104843020e-11
3.056282226562500000e+03 9.184727471019280886e-12
3.850336669921875000e+03 6.153861194699819706e-12
4.838769042968750000e+03 4.117000340202282860e-12
6.120835937500000000e+03 2.736620296469601907e-12
7.692401855468750000e+03 1.808158837725878041e-12
9.718894531250000000e+03 1.186478328744197350e-12
1.224167187500000000e+04 7.766745078201484809e-13
1.542616113281250000e+04 5.032910017796514622e-13
1.943778906250000000e+04 3.204810192710185668e-13
2.448334375000000000e+04 1.990721412907308026e-13
3.085232226562500000e+04 1.188124049241240669e-13
3.891693750000000000e+04 6.757063495078060976e-14
4.921482812500000000e+04 3.597739131840521159e-14
6.162192968750000000e+04 1.812947905350884214e-14
7.775115625000000000e+04 8.217553353348295434e-15
9.801609375000000000e+04 3.211832946413961614e-15
1.236574296875000000e+05 1.043133431122974092e-15
1.559158906250000000e+05 2.676667279214577802e-16
1.964457500000000000e+05 5.235297503900736920e-17
2.473148593750000000e+05 7.717960348301812286e-18
3.118317812500000000e+05 8.568534909125711201e-19
3.928915000000000000e+05 7.817476970982838079e-20
4.962840000000000000e+05 6.467479917039309991e-21
6.244907500000000000e+05 5.990804549736599113e-22
7.857830000000000000e+05 6.701942288347645869e-23
9.925680000000000000e+05 8.960367222019596744e-24
1.248981500000000000e+06 1.307127279836314193e-24
1.571566000000000000e+06 1.586594652750405239e-25
1.981000250000000000e+06 1.209152113510798632e-26
2.497963000000000000e+06 4.546054946923363258e-28
3.147267500000000000e+06 6.368930531768091000e-30
3.970272000000000000e+06 1.773334876577488441e-32
5.004197000000000000e+06 2.370195363141786142e-36
6.286264000000000000e+06 8.348304633652918035e-43
7.940544000000000000e+06 1.616230060968730803e-54
1.000839400000000000e+07 9.999999999999999821e-201
