1.211760009765625000e+03 7.198764838023629117e-11
1.526073364257812500e+03 4.895269447411208144e-11
1.923100463867187500e+03 3.319595621757675849e-11
2.423520019531250000e+03 2.254284490799787495e-11
3.056282226562500000e+03 1.525849886314493573e-11
3.850336669921875000e+03 1.034789398344428310e-11
4.838769042968750000e+03 6.986424819737206322e-12
6.120835937500000000e+03 4.684305011974994168e-12
7.692401855468750000e+03 3.137802755272673176e-12
9.718894531250000000e+03 2.078275765381992860e-12
1.224167187500000000e+04 1.376385203731908547e-12
1.542616113281250000e+04 8.989417315023832802e-13
1.943778906250000000e+04 5.795933327241824274e-13
2.448334375000000000e+04 3.633211674868730701e-13
3.085232226562500000e+04 2.191141815448519501e-13
3.891693750000000000e+04 1.256630360396870246e-13
4.921482812500000000e+04 6.763749567860179677e-14
6.162192968750000000e+04 3.453864257639275229e-14
7.775115625000000000e+04 1.574391063024673889e-14
9.801609375000000000e+04 6.227822420485606062e-15
1.236574296875000000e+05 2.026469404410873628e-15
1.559158906250000000e+05 5.196542332868468451e-16
1.964457500000000000e+05 1.018055082475988251e-16
2.473148593750000000e+05 1.500872731939134401e-17
3.118317812500000000e+05 1.662804794246177913e-18
3.928915000000000000e+05 1.516275734640295646e-19
4.962840000000000000e+05 1.251961708711279273e-20
6.244907500000000000e+05 1.157314515290024205e-21
7.857830000000000000e+05 1.286112164489248671e-22
9.925680000000000000e+05 1.705574849933928455e-23
1.248981500000000000e+06 2.468512145196105954e-24
1.571566000000000000e+06 2.969980138153468181e-25
1.981000250000000000e+06 2.256516268171560652e-26
2.497963000000000000e+06 8.377926035115564239e-28
3.147267500000000000e+06 1.163022097105477231e-29
3.970272000000000000e+06 3.212078267008281105e-32
5.004197000000000000e+06 4.256234966129609797e-36
6.286264000000000000e+06 1.480432688367783983e-42
7.940544000000000000e+06 2.823155106497328206e-54
1.000839400000000000e+07 9.999999999999999821e-201
