1.211760009765625000e+03 2.204466049014156214e-15
1.526073364257812500e+03 1.473525550836908960e-15
1.923100463867187500e+03 9.731202295459853862e-16
2.423520019531250000e+03 6.414124379899945996e-16
3.056282226562500000e+03 4.236823289347060011e-16
3.850336669921875000e+03 2.794609343928728158e-16
4.838769042968750000e+03 1.842823101859026522e-16
6.120835937500000000e+03 1.204466283161747759e-16
7.692401855468750000e+03 7.902949891854071501e-17
9.718894531250000000e+03 5.129275435702688974e-17
1.224167187500000000e+04 3.298706322545332542e-17
1.542616113281250000e+04 2.062839054144176261e-17
1.943778906250000000e+04 1.234990506976410045e-17
2.448334375000000000e+04 6.899892302859369171e-18
3.085232226562500000e+04 3.572189348757430857e-18
3.891693750000000000e+04 1.698954958453219461e-18
4.921482812500000000e+04 7.258862421404434042e-19
6.162192968750000000e+04 2.787811923514874881e-19
7.775115625000000000e+04 8.627271847759771405e-20
9.801609375000000000e+04 2.088175047442918368e-20
1.236574296875000000e+05 3.692363277694588771e-21
1.559158906250000000e+05 4.605052501917847206e-22
1.964457500000000000e+05 3.998858459402410629e-23
2.473148593750000000e+05 2.456538666470504249e-24
3.118317812500000000e+05 1.158367479890736091e-25
3.928915000000000000e+05 5.009688447040228964e-27
4.962840000000000000e+05 2.282593094483583870e-28
6.244907500000000000e+05 1.355811564451623600e-29
7.857830000000000000e+05 9.367887183228561128e-31
9.925680000000000000e+05 5.340584954272888066e-32
1.248981500000000000e+06 1.945760657208293035e-33
1.571566000000000000e+06 3.033827674752526471e-35
1.981000250000000000e+06 1.288330616581073713e-37
2.497963000000000000e+06 8.357336788905004457e-41
3.147267500000000000e+06 2.001353524360965593e-45
3.970272000000000000e+06 4.835631131016286981e-53
5.004197000000000000e+06 1.291021243237659544e-66
6.286264000000000000e+06 1.267551450375844644e-90
7.940544000000000000e+06 1.357331651863005863e-132
1.000839400000000000e+07 9.999999999999999821e-201
