1.211760009765625000e+03 6.463942821685578186e-15
1.526073364257812500e+03 4.341461186693980906e-15
1.923100463867187500e+03 2.903665201064634237e-15
2.423520019531250000e+03 1.930464619193187946e-15
3.056282226562500000e+03 1.278947822774928481e-15
3.850336669921875000e+03 8.466137703907507880e-16
4.838769042968750000e+03 5.581477753515495652e-16
6.120835937500000000e+03 3.670050637854814086e-16
7.692401855468750000e+03 2.406096130440719919e-16
9.718894531250000000e+03 1.571129412737760616e-16
1.224167187500000000e+04 1.010078322852384825e-16
1.542616113281250000e+04 6.326039766042142877e-17
1.943778906250000000e+04 3.785079013273646067e-17
2.448334375000000000e+04 2.124801272072587336e-17
3.085232226562500000e+04 1.103603213437255153e-17
3.891693750000000000e+04 5.266760371204981485e-18
4.921482812500000000e+04 2.252750406642755718e-18
6.162192968750000000e+04 8.698652120556307090e-19
7.775115625000000000e+04 2.707234644098529625e-19
9.801609375000000000e+04 6.534759560233132387e-20
1.236574296875000000e+05 1.162008443274473563e-20
1.559158906250000000e+05 1.457983412046314656e-21
1.964457500000000000e+05 1.266305178810763454e-22
2.473148593750000000e+05 7.846473505255788795e-24
3.118317812500000000e+05 3.708504842336759889e-25
3.928915000000000000e+05 1.612642566761521228e-26
4.962840000000000000e+05 7.375821015222351436e-28
6.244907500000000000e+05 4.397806498616817975e-29
7.857830000000000000e+05 3.064802596982183330e-30
9.925680000000000000e+05 1.756203138601866086e-31
1.248981500000000000e+06 6.453554919993340961e-33
1.571566000000000000e+06 1.010321857724190355e-34
1.981000250000000000e+06 4.329769350661711002e-37
2.497963000000000000e+06 2.828637067014001916e-40
3.147267500000000000e+06 6.866470522690433551e-45
3.970272000000000000e+06 1.671769082451511107e-52
5.004197000000000000e+06 4.517117216745761078e-66
6.286264000000000000e+06 4.480834744959197270e-90
7.940544000000000000e+06 4.864283566857469403e-132
1.000839400000000000e+07 9.999999999999999821e-201
