1.211760009765625000e+03 2.578104362406386101e-14
1.526073364257812500e+03 1.473525550836908960e-14
1.923100463867187500e+03 8.240130975994233615e-15
2.423520019531250000e+03 4.508568981599574046e-15
3.056282226562500000e+03 2.394942378195888311e-15
3.850336669921875000e+03 1.226852706154243441e-15
4.838769042968750000e+03 6.050811683715422547e-16
6.120835937500000000e+03 2.810869139417216103e-16
7.692401855468750000e+03 1.247772728807559691e-16
9.718894531250000000e+03 5.108461790106888664e-17
1.224167187500000000e+04 1.898063234977809534e-17
1.542616113281250000e+04 3.187156051991659283e-20
1.943778906250000000e+04 2.255310299424618985e-20
2.448334375000000000e+04 1.582370805690529891e-20
3.085232226562500000e+04 1.100675565039024684e-20
3.891693750000000000e+04 7.524094007572730353e-21
4.921482812500000000e+04 5.018208797523230965e-21
6.162192968750000000e+04 3.318761779713703819e-21
7.775115625000000000e+04 2.108087055078739903e-21
9.801609375000000000e+04 1.284772424043037840e-21
1.236574296875000000e+05 7.378430893259790225e-22
1.559158906250000000e+05 3.887466842648446435e-22
1.964457500000000000e+05 1.828720475221823324e-22
2.473148593750000000e+05 7.521464561373751539e-23
3.118317812500000000e+05 2.640658823057154307e-23
3.928915000000000000e+05 8.025494462094119980e-24
4.962840000000000000e+05 2.143392995279745699e-24
6.244907500000000000e+05 5.548837694403602675e-25
7.857830000000000000e+05 1.475243155020842055e-25
9.925680000000000000e+05 4.183799725743451519e-26
1.248981500000000000e+06 1.377684590420229951e-26
1.571566000000000000e+06 4.985105878791697024e-27
1.981000250000000000e+06 1.806281811547357830e-27
2.497963000000000000e+06 5.906749551649406814e-28
3.147267500000000000e+06 1.558688170493507335e-28
3.970272000000000000e+06 2.930928568516494064e-29
5.004197000000000000e+06 3.479088304258730751e-30
6.286264000000000000e+06 1.985414925157733564e-31
7.940544000000000000e+06 2.315663494860946702e-33
1.000839400000000000e+07 9.999999999999999821e-201
