1.211760009765625000e+03 6.775308082845769493e-11
1.526073364257812500e+03 3.926104991156059602e-11
1.923100463867187500e+03 2.299388929491723916e-11
2.423520019531250000e+03 1.357552538658435365e-11
3.056282226562500000e+03 8.197122366608606772e-12
3.850336669921875000e+03 5.095554370608677997e-12
4.838769042968750000e+03 3.243734098486618843e-12
6.120835937500000000e+03 2.108151854562912351e-12
7.692401855468750000e+03 1.414534807343161164e-12
9.718894531250000000e+03 9.611361240353085540e-13
1.224167187500000000e+04 6.544620634891017217e-13
1.542616113281250000e+04 4.555873374932861836e-13
1.943778906250000000e+04 3.154334336308659817e-13
2.448334375000000000e+04 2.165026722514562015e-13
3.085232226562500000e+04 1.472394944460099039e-13
3.891693750000000000e+04 9.818942679882411596e-14
4.921482812500000000e+04 6.402542258908950157e-14
6.162192968750000000e+04 4.131968308517724479e-14
7.775115625000000000e+04 2.562136574634161419e-14
9.801609375000000000e+04 1.516262950897638998e-14
1.236574296875000000e+05 8.450376844878656272e-15
1.559158906250000000e+05 4.288943267204078194e-15
1.964457500000000000e+05 1.941979598309579673e-15
2.473148593750000000e+05 7.645218091634015872e-16
3.118317812500000000e+05 2.575530466434668175e-16
3.928915000000000000e+05 7.557340618471961920e-17
4.962840000000000000e+05 1.949892238761435423e-17
6.244907500000000000e+05 4.825076256003133153e-18
7.857830000000000000e+05 1.218679128060695664e-18
9.925680000000000000e+05 3.295458688085596096e-19
1.248981500000000000e+06 1.017823874129428613e-19
1.571566000000000000e+06 3.441190862895467884e-20
1.981000250000000000e+06 1.155122208213296353e-20
2.497963000000000000e+06 3.471510701407983923e-21
3.147267500000000000e+06 8.315323052409559316e-22
3.970272000000000000e+06 1.415219794512250385e-22
5.004197000000000000e+06 1.503781757884726353e-23
6.286264000000000000e+06 7.643381402015687910e-25
7.940544000000000000e+06 7.887290206738495972e-27
1.000839400000000000e+07 9.999999999999999821e-201
