1.211760009765625000e+03 5.604574700883449170e-14
1.526073364257812500e+03 3.223955232032431197e-14
1.923100463867187500e+03 2.040413384531904670e-14
2.423520019531250000e+03 1.376234454328046888e-14
3.056282226562500000e+03 9.480997263048371270e-15
3.850336669921875000e+03 6.584701084025433832e-15
4.838769042968750000e+03 4.552261804103951841e-15
6.120835937500000000e+03 3.152307227877334502e-15
7.692401855468750000e+03 2.170491377683666976e-15
9.718894531250000000e+03 1.472339356716516854e-15
1.224167187500000000e+04 9.884981680562358072e-16
1.542616113281250000e+04 6.416433990347438687e-16
1.943778906250000000e+04 3.949295819434782703e-16
2.448334375000000000e+04 2.262747232254845739e-16
3.085232226562500000e+04 1.194785521398986393e-16
3.891693750000000000e+04 5.734199103978503359e-17
4.921482812500000000e+04 2.441898599650475447e-17
6.162192968750000000e+04 9.309340984080491347e-18
7.775115625000000000e+04 2.850167061490810068e-18
9.801609375000000000e+04 6.769549689645927173e-19
1.236574296875000000e+05 1.167937562401105153e-19
1.559158906250000000e+05 1.413169402927154949e-20
1.964457500000000000e+05 1.178444421190525158e-21
2.473148593750000000e+05 7.049323684672962093e-23
3.118317812500000000e+05 3.234380091350066369e-24
3.928915000000000000e+05 1.379928352919013174e-25
4.962840000000000000e+05 6.268154654270837613e-27
6.244907500000000000e+05 3.723816521889548777e-28
7.857830000000000000e+05 2.505007454308033336e-29
9.925680000000000000e+05 1.330923882268378812e-30
1.248981500000000000e+06 4.319274788853670622e-32
1.571566000000000000e+06 5.639082419154527722e-34
1.981000250000000000e+06 1.863460085405017848e-36
2.497963000000000000e+06 8.191985722406331333e-40
3.147267500000000000e+06 9.689324509199759276e-45
3.970272000000000000e+06 5.680219882440335610e-53
5.004197000000000000e+06 1.000620266064072290e-67
6.286264000000000000e+06 9.138256947735895099e-94
7.940544000000000000e+06 5.510634043018621641e-139
1.000839400000000000e+07 9.999999999999999821e-201
