1.211760009765625000e+03 2.192011438567749300e-12
1.526073364257812500e+03 1.473525550836909011e-12
1.923100463867187500e+03 9.888157171193079076e-13
2.423520019531250000e+03 6.663216130005945748e-13
3.056282226562500000e+03 4.439176866894965064e-13
3.850336669921875000e+03 2.954746052072238641e-13
4.838769042968750000e+03 1.959928091149422329e-13
6.120835937500000000e+03 1.285636877869660319e-13
7.692401855468750000e+03 8.405547140689545058e-14
9.718894531250000000e+03 5.377060716186979481e-14
1.224167187500000000e+04 3.332622082938197053e-14
1.542616113281250000e+04 1.942594288628980626e-14
1.943778906250000000e+04 1.048849291779098715e-14
2.448334375000000000e+04 5.139936498198336647e-15
3.085232226562500000e+04 2.283868480017652785e-15
3.891693750000000000e+04 9.066597825506561749e-16
4.921482812500000000e+04 3.108183368839621931e-16
6.162192968750000000e+04 9.217513176455087208e-17
7.775115625000000000e+04 2.081235823251980016e-17
9.801609375000000000e+04 3.486486279941841263e-18
1.236574296875000000e+05 4.080707922614465654e-19
1.559158906250000000e+05 3.245678904510921551e-20
1.964457500000000000e+05 1.762037668757197794e-21
2.473148593750000000e+05 6.962383466859259078e-23
3.118317812500000000e+05 2.235588764383899762e-24
3.928915000000000000e+05 7.081857592370410477e-26
4.962840000000000000e+05 2.487652161310327626e-27
6.244907500000000000e+05 1.055630304560637451e-28
7.857830000000000000e+05 3.856291556878902889e-30
9.925680000000000000e+05 7.969654212781504920e-32
1.248981500000000000e+06 7.023628606064762347e-34
1.571566000000000000e+06 1.613824673483147852e-36
1.981000250000000000e+06 4.867234125301998399e-40
2.497963000000000000e+06 4.643317045822549484e-45
3.147267500000000000e+06 4.329269845024340110e-53
3.970272000000000000e+06 2.157684075045935135e-67
5.004197000000000000e+06 3.130667622511206130e-93
6.286264000000000000e+06 2.863990850474975128e-137
7.940544000000000000e+06 9.999999999999999821e-201
1.000839400000000000e+07 9.999999999999999821e-201
