1.211760009765625000e+03 1.282824875979989475e-12
1.526073364257812500e+03 8.574138607889932476e-13
1.923100463867187500e+03 5.728852964262656316e-13
2.423520019531250000e+03 3.817337838966023279e-13
3.056282226562500000e+03 2.533145420152522136e-13
3.850336669921875000e+03 1.673311093149662857e-13
4.838769042968750000e+03 1.103043790567401472e-13
6.120835937500000000e+03 7.202516352118746604e-14
7.692401855468750000e+03 4.669748411494190998e-14
9.718894531250000000e+03 2.968743381331402103e-14
1.224167187500000000e+04 1.827196245473011644e-14
1.542616113281250000e+04 1.058093910402168121e-14
1.943778906250000000e+04 5.685867213328799694e-15
2.448334375000000000e+04 2.776242016461075273e-15
3.085232226562500000e+04 1.232533981364898385e-15
3.891693750000000000e+04 4.898047101135727299e-16
4.921482812500000000e+04 1.675537259758577706e-16
6.162192968750000000e+04 4.966869431231710866e-17
7.775115625000000000e+04 1.121705021622820388e-17
9.801609375000000000e+04 1.879586178851328184e-18
1.236574296875000000e+05 2.202990871266504658e-19
1.559158906250000000e+05 1.753589550304479201e-20
1.964457500000000000e+05 9.492977940429405742e-22
2.473148593750000000e+05 3.765489058326382662e-23
3.118317812500000000e+05 1.207417094349879106e-24
3.928915000000000000e+05 3.834671004013540679e-26
4.962840000000000000e+05 1.346198597581514947e-27
6.244907500000000000e+05 5.722939572477612989e-29
7.857830000000000000e+05 2.084481922637244937e-30
9.925680000000000000e+05 4.323961328211241530e-32
1.248981500000000000e+06 3.818772886556692004e-34
1.571566000000000000e+06 8.878539051634279051e-37
1.981000250000000000e+06 2.684396179411842697e-40
2.497963000000000000e+06 2.568038611056961492e-45
3.147267500000000000e+06 2.407922421007774506e-53
3.970272000000000000e+06 1.206541707270584400e-67
5.004197000000000000e+06 1.746297257643534034e-93
6.286264000000000000e+06 1.609515519275192515e-137
7.940544000000000000e+06 9.999999999999999821e-201
1.000839400000000000e+07 9.999999999999999821e-201
