1.211760009765625000e+03 1.930464619193187818e-11
1.526073364257812500e+03 1.255958019840855115e-11
1.923100463867187500e+03 8.318608413860843905e-12
2.423520019531250000e+03 5.585892400575077846e-12
3.056282226562500000e+03 3.782435461670236460e-12
3.850336669921875000e+03 2.578544963214234587e-12
4.838769042968750000e+03 1.763623687743359545e-12
6.120835937500000000e+03 1.194683599702973066e-12
7.692401855468750000e+03 8.133145150019048743e-13
9.718894531250000000e+03 5.392207366091731507e-13
1.224167187500000000e+04 3.470523686370123231e-13
1.542616113281250000e+04 2.107921462129319440e-13
1.943778906250000000e+04 1.175815258678673940e-13
2.448334375000000000e+04 5.985320790665168634e-14
3.085232226562500000e+04 2.755742132913861771e-14
3.891693750000000000e+04 1.127403491363929600e-14
4.921482812500000000e+04 3.960360795793001026e-15
6.162192968750000000e+04 1.194228480800853325e-15
7.775115625000000000e+04 2.720923024338086332e-16
9.801609375000000000e+04 4.557753014002183726e-17
1.236574296875000000e+05 5.293092160492676529e-18
1.559158906250000000e+05 4.184003137568582375e-19
1.964457500000000000e+05 2.246598027665427516e-20
2.473148593750000000e+05 8.760999195797903857e-22
3.118317812500000000e+05 2.738471760381169516e-23
3.928915000000000000e+05 8.491820189946420592e-25
4.962840000000000000e+05 2.938091235786270966e-26
6.244907500000000000e+05 1.215754002443430850e-27
7.857830000000000000e+05 4.332744567767415777e-29
9.925680000000000000e+05 8.690314434150042511e-31
1.248981500000000000e+06 7.439843634572302590e-33
1.571566000000000000e+06 1.653878233114580669e-35
1.981000250000000000e+06 4.824848922469179959e-39
2.497963000000000000e+06 4.444317743858725721e-44
3.147267500000000000e+06 3.992410231722734889e-52
3.970272000000000000e+06 1.919898483102097781e-66
5.004197000000000000e+06 2.678259006541378771e-92
6.286264000000000000e+06 2.362200717995061987e-136
7.940544000000000000e+06 9.999999999999999821e-201
1.000839400000000000e+07 9.999999999999999821e-201
