1.211760009765625000e+03 6.426578990346354829e-12
1.526073364257812500e+03 4.301903453785605855e-12
1.923100463867187500e+03 2.895817457277973475e-12
2.423520019531250000e+03 1.955373705440997465e-12
3.056282226562500000e+03 1.323358621054338725e-12
3.850336669921875000e+03 8.934775860377593142e-13
4.838769042968750000e+03 6.013769818630182634e-13
6.120835937500000000e+03 4.006860632748655596e-13
7.692401855468750000e+03 2.665648051561267703e-13
9.718894531250000000e+03 1.726718089141734042e-13
1.224167187500000000e+04 1.088273487083611583e-13
1.542616113281250000e+04 6.456026125188227909e-14
1.943778906250000000e+04 3.532966035466438841e-14
2.448334375000000000e+04 1.758399328331010117e-14
3.085232226562500000e+04 7.908602422540465332e-15
3.891693750000000000e+04 3.164308958954222607e-15
4.921482812500000000e+04 1.086834979302860980e-15
6.162192968750000000e+04 3.238585710646381106e-16
7.775115625000000000e+04 7.297839899714732064e-17
9.801609375000000000e+04 1.227087349923665051e-17
1.236574296875000000e+05 1.428247772915062521e-18
1.559158906250000000e+05 1.135218498355004644e-19
1.964457500000000000e+05 6.145106369790728392e-21
2.473148593750000000e+05 2.425230240955975569e-22
3.118317812500000000e+05 7.717511324710566926e-24
3.928915000000000000e+05 2.424708406437531712e-25
4.962840000000000000e+05 8.445732646423950896e-27
6.244907500000000000e+05 3.558304397395406775e-28
7.857830000000000000e+05 1.289400960717038771e-29
9.925680000000000000e+05 2.632529396881550438e-31
1.248981500000000000e+06 2.299588032504166883e-33
1.571566000000000000e+06 5.223651735266033180e-36
1.981000250000000000e+06 1.561188304342150282e-39
2.497963000000000000e+06 1.468804371637745326e-44
3.147267500000000000e+06 1.347438453206423109e-52
3.970272000000000000e+06 6.649189700651759624e-67
5.004197000000000000e+06 9.482484590727584407e-93
6.286264000000000000e+06 8.591972551424925860e-137
7.940544000000000000e+06 9.999999999999999821e-201
1.000839400000000000e+07 9.999999999999999821e-201
