1.211760009765625000e+03 1.594190137140180850e-13
1.526073364257812500e+03 1.077948221753174986e-13
1.923100463867187500e+03 7.219924283728279860e-14
2.423520019531250000e+03 4.844843463652580826e-14
3.056282226562500000e+03 3.234406716944961720e-14
3.850336669921875000e+03 2.151891807280126417e-14
4.838769042968750000e+03 1.431603847287426291e-14
6.120835937500000000e+03 9.418344272007926256e-15
7.692401855468750000e+03 6.198075625049747864e-15
9.718894531250000000e+03 4.049556638191392890e-15
1.224167187500000000e+04 2.632550196992207982e-15
1.542616113281250000e+04 1.692395198575497386e-15
1.943778906250000000e+04 1.084572507929171032e-15
2.448334375000000000e+04 6.796750260320887519e-16
3.085232226562500000e+04 4.143964743447353342e-16
3.891693750000000000e+04 2.428585412317026005e-16
4.921482812500000000e+04 1.352833190512408055e-16
6.162192968750000000e+04 7.256949023747997569e-17
7.775115625000000000e+04 3.540723277427149634e-17
9.801609375000000000e+04 1.542785817609989417e-17
1.236574296875000000e+05 5.715109772425247068e-18
1.559158906250000000e+05 1.706291895371099745e-18
1.964457500000000000e+05 3.999366057410267785e-19
2.473148593750000000e+05 7.195819825035895366e-20
3.118317812500000000e+05 9.918577937568582988e-21
3.928915000000000000e+05 1.121164126610990074e-21
4.962840000000000000e+05 1.130037461417518640e-22
6.244907500000000000e+05 1.235746298960038094e-23
7.857830000000000000e+05 1.604927831546095064e-24
9.925680000000000000e+05 2.515299728773869085e-25
1.248981500000000000e+06 4.494393337519846429e-26
1.571566000000000000e+06 7.265225232205917577e-27
1.981000250000000000e+06 8.250712837168711587e-28
2.497963000000000000e+06 5.183760040345760376e-29
3.147267500000000000e+06 1.451342536162675501e-30
3.970272000000000000e+06 1.167801722407895053e-32
5.004197000000000000e+06 1.011805987120403961e-35
6.286264000000000000e+06 1.120181565704373567e-40
7.940544000000000000e+06 1.322523482788744962e-49
1.000839400000000000e+07 9.999999999999999821e-201
