1.211760009765625000e+03 8.431771272217989507e-13
1.526073364257812500e+03 5.755650138168330527e-13
1.923100463867187500e+03 3.978806099837215417e-13
2.423520019531250000e+03 2.758696213879297603e-13
3.056282226562500000e+03 1.915953297054289444e-13
3.850336669921875000e+03 1.324808221284375342e-13
4.838769042968750000e+03 9.167855848520537242e-14
6.120835937500000000e+03 6.257457926170128048e-14
7.692401855468750000e+03 4.286015523596104196e-14
9.718894531250000000e+03 2.899676433311622448e-14
1.224167187500000000e+04 1.946226435525437613e-14
1.542616113281250000e+04 1.259988043634632195e-14
1.943778906250000000e+04 7.845041581279286939e-15
2.448334375000000000e+04 4.588388326026124137e-15
3.085232226562500000e+04 2.480041579908745828e-15
3.891693750000000000e+04 1.229677208156154193e-15
4.921482812500000000e+04 5.457956420830646373e-16
6.162192968750000000e+04 2.185781415021325506e-16
7.775115625000000000e+04 7.127124194297662067e-17
9.801609375000000000e+04 1.839308903385277202e-17
1.236574296875000000e+05 3.500495399979241778e-18
1.559158906250000000e+05 4.727346035785846189e-19
1.964457500000000000e+05 4.458661790810994760e-20
2.473148593750000000e+05 2.993932391167436963e-21
3.118317812500000000e+05 1.519653506495399632e-22
3.928915000000000000e+05 6.975046992602588875e-24
4.962840000000000000e+05 3.321350580202550813e-25
6.244907500000000000e+05 2.041275432454571701e-26
7.857830000000000000e+05 1.503043692328379664e-27
9.925680000000000000e+05 9.710700949648560590e-29
1.248981500000000000e+06 4.264845858312697082e-30
1.571566000000000000e+06 8.617240604532971000e-32
1.981000250000000000e+06 5.235400523256623584e-34
2.497963000000000000e+06 5.745107037916579376e-37
3.147267500000000000e+06 3.430414388893727870e-41
3.970272000000000000e+06 5.054585170435480418e-48
5.004197000000000000e+06 4.418813256984427957e-60
6.286264000000000000e+06 1.917705001417989004e-81
7.940544000000000000e+06 4.211057615063252398e-119
1.000839400000000000e+07 9.999999999999999821e-201
