1.211760009765625000e+03 1.006332524069739197e-09
1.526073364257812500e+03 5.903991636574728902e-10
1.923100463867187500e+03 3.421616290984272173e-10
2.423520019531250000e+03 1.974055738439188096e-10
3.056282226562500000e+03 1.120914330907487483e-10
3.850336669921875000e+03 6.309532077520594034e-11
4.838769042968750000e+03 3.490452988729697890e-11
6.120835937500000000e+03 1.876469185645202892e-11
7.692401855468750000e+03 9.936126135015698924e-12
9.718894531250000000e+03 5.019062860289409753e-12
1.224167187500000000e+04 2.415854271354357853e-12
1.542616113281250000e+04 1.056130376503198894e-12
1.943778906250000000e+04 4.108953123488349304e-13
2.448334375000000000e+04 1.380501558839355383e-13
3.085232226562500000e+04 8.867906085936841036e-16
3.891693750000000000e+04 4.667459608781166504e-16
4.921482812500000000e+04 2.123974317046292212e-16
6.162192968750000000e+04 8.376053972536117525e-17
7.775115625000000000e+04 2.517749720096945252e-17
9.801609375000000000e+04 5.622785277493927733e-18
1.236574296875000000e+05 8.776454904089819172e-19
1.559158906250000000e+05 9.274854851910996057e-20
1.964457500000000000e+05 6.625152625754077308e-21
2.473148593750000000e+05 3.419626014375201778e-22
3.118317812500000000e+05 1.395270647702058395e-23
3.928915000000000000e+05 5.531509379897990919e-25
4.962840000000000000e+05 2.407349809550597515e-26
6.244907500000000000e+05 1.281597990517727203e-27
7.857830000000000000e+05 6.108799879853100343e-29
9.925680000000000000e+05 1.717176431814814124e-30
1.248981500000000000e+06 2.160744661950290574e-32
1.571566000000000000e+06 7.569628561059547504e-35
1.981000250000000000e+06 3.870003488130219223e-38
2.497963000000000000e+06 8.336742731395920565e-43
3.147267500000000000e+06 3.444948572899205790e-50
3.970272000000000000e+06 3.127523414240769438e-63
5.004197000000000000e+06 8.059562281943594754e-87
6.286264000000000000e+06 2.538915651641987673e-127
7.940544000000000000e+06 1.652635217803119842e-194
1.000839400000000000e+07 9.999999999999999821e-201
