1.211760009765625000e+03 2.727559687763277456e-13
1.526073364257812500e+03 1.799876847330989268e-13
1.923100463867187500e+03 1.208552543145820636e-13
2.423520019531250000e+03 8.220042894629057352e-14
3.056282226562500000e+03 5.629349095140850503e-14
3.850336669921875000e+03 3.852977204713953607e-14
4.838769042968750000e+03 2.641440236352151354e-14
6.120835937500000000e+03 1.789058303826029581e-14
7.692401855468750000e+03 1.216250392405878324e-14
9.718894531250000000e+03 8.160731883351921300e-15
1.224167187500000000e+04 5.437979599565210769e-15
1.542616113281250000e+04 3.542172941898264782e-15
1.943778906250000000e+04 2.219585510206288963e-15
2.448334375000000000e+04 1.319577699527429776e-15
3.085232226562500000e+04 7.340382604136710756e-16
3.891693750000000000e+04 3.763198457203259986e-16
4.921482812500000000e+04 1.740453130866875096e-16
6.162192968750000000e+04 7.370355754867164051e-17
7.775115625000000000e+04 2.586348650641068043e-17
9.801609375000000000e+04 7.325615978485000978e-18
1.236574296875000000e+05 1.564779873896680329e-18
1.559158906250000000e+05 2.416816842561106621e-19
1.964457500000000000e+05 2.642943596876222592e-20
2.473148593750000000e+05 2.069476930893733703e-21
3.118317812500000000e+05 1.212942646650547571e-22
3.928915000000000000e+05 6.260770111782886931e-24
4.962840000000000000e+05 3.246942889414207566e-25
6.244907500000000000e+05 2.136587430801406122e-26
7.857830000000000000e+05 1.752018755055838754e-27
9.925680000000000000e+05 1.401448601524744390e-28
1.248981500000000000e+06 8.593561466787557691e-30
1.571566000000000000e+06 2.807700100161917618e-31
1.981000250000000000e+06 3.314841103933082632e-33
2.497963000000000000e+06 9.422319627913967315e-36
3.147267500000000000e+06 2.749068564804791640e-39
3.970272000000000000e+06 8.384264332516691023e-45
5.004197000000000000e+06 2.541973904934192069e-54
6.286264000000000000e+06 3.535651545211127890e-71
7.940544000000000000e+06 2.386410297948208965e-101
1.000839400000000000e+07 9.999999999999999821e-201
