1.211760009765625000e+03 1.955373840086003128e-11
1.526073364257812500e+03 1.374631218565975444e-11
1.923100463867187500e+03 9.574239268355176745e-12
2.423520019531250000e+03 6.662868515301305116e-12
3.056282226562500000e+03 4.580676088872726410e-12
3.850336669921875000e+03 3.126825062733288251e-12
4.838769042968750000e+03 2.120155839214849762e-12
6.120835937500000000e+03 1.405562919463566052e-12
7.692401855468750000e+03 9.150107082633682733e-13
9.718894531250000000e+03 5.617416765430170249e-13
1.224167187500000000e+04 3.188191735574738803e-13
1.542616113281250000e+04 1.632378599425364694e-13
1.943778906250000000e+04 7.467978523477864745e-14
2.448334375000000000e+04 3.030896996706307079e-14
3.085232226562500000e+04 1.089071040247131480e-14
3.891693750000000000e+04 3.378151802506730905e-15
4.921482812500000000e+04 8.454116100981123775e-16
6.162192968750000000e+04 1.770801299628974423e-16
7.775115625000000000e+04 2.660485087670835301e-17
9.801609375000000000e+04 2.856075745121126467e-18
1.236574296875000000e+05 2.099553704664620347e-19
1.559158906250000000e+05 1.055878227708184418e-20
1.964457500000000000e+05 3.790896360357482088e-22
2.473148593750000000e+05 1.072457865273923573e-23
3.118317812500000000e+05 2.636210367513131561e-25
3.928915000000000000e+05 6.573616399700295567e-27
4.962840000000000000e+05 1.516366776196301021e-28
6.244907500000000000e+05 2.722454611998430729e-30
7.857830000000000000e+05 2.613155533810215231e-32
9.925680000000000000e+05 8.206967450251938990e-35
1.248981500000000000e+06 6.006758043235739750e-38
1.571566000000000000e+06 4.441035661555966312e-42
1.981000250000000000e+06 5.062938868180167820e-48
2.497963000000000000e+06 1.332345000987750760e-57
3.147267500000000000e+06 2.049354491052027761e-74
3.970272000000000000e+06 1.062797789925244618e-104
5.004197000000000000e+06 1.576657573453876515e-156
6.286264000000000000e+06 9.999999999999999821e-201
7.940544000000000000e+06 9.999999999999999821e-201
1.000839400000000000e+07 9.999999999999999821e-201
