1.211760009765625000e+03 1.257915655087173996e-10
1.526073364257812500e+03 7.239065122232331323e-11
1.923100463867187500e+03 4.135757454445227780e-11
2.423520019531250000e+03 2.347571430157562437e-11
3.056282226562500000e+03 1.317931590225234908e-11
3.850336669921875000e+03 7.278966979579369112e-12
4.838769042968750000e+03 3.973352085204989229e-12
6.120835937500000000e+03 2.084026681626774972e-12
7.692401855468750000e+03 1.063747016808237013e-12
9.718894531250000000e+03 4.993259347049039323e-13
1.224167187500000000e+04 2.128642985129242116e-13
1.542616113281250000e+04 7.892819601617147900e-14
1.943778906250000000e+04 2.514106797044132595e-14
2.448334375000000000e+04 6.785076231262983753e-15
3.085232226562500000e+04 4.943912420114676164e-19
3.891693750000000000e+04 2.119867736618902677e-19
4.921482812500000000e+04 7.580253138620093982e-20
6.162192968750000000e+04 2.310231998559013072e-20
7.775115625000000000e+04 5.114553228884449569e-21
9.801609375000000000e+04 8.169902131444407802e-22
1.236574296875000000e+05 8.899342863393245766e-23
1.559158906250000000e+05 6.614409587367361692e-24
1.964457500000000000e+05 3.485178911941556319e-25
2.473148593750000000e+05 1.438068501162760955e-26
3.118317812500000000e+05 5.153173739403698233e-28
3.928915000000000000e+05 1.871654669359111980e-29
4.962840000000000000e+05 6.288611379543188225e-31
6.244907500000000000e+05 1.646753033599050711e-32
7.857830000000000000e+05 2.333174583759120498e-34
9.925680000000000000e+05 1.078728634365396810e-36
1.248981500000000000e+06 1.175030916125927239e-39
1.571566000000000000e+06 1.310469539475530802e-43
1.981000250000000000e+06 2.272060905508413951e-49
2.497963000000000000e+06 9.240457264915044518e-59
3.147267500000000000e+06 2.235659444784029687e-75
3.970272000000000000e+06 1.809592170901941619e-105
5.004197000000000000e+06 4.189936464887270453e-157
6.286264000000000000e+06 9.999999999999999821e-201
7.940544000000000000e+06 9.999999999999999821e-201
1.000839400000000000e+07 9.999999999999999821e-201
