1.211760009765625000e+03 6.028031456061309787e-15
1.526073364257812500e+03 2.304237941912750370e-15
1.923100463867187500e+03 9.495769981860020104e-16
2.423520019531250000e+03 4.682933527849281288e-16
3.056282226562500000e+03 2.789984419960157811e-16
3.850336669921875000e+03 1.822635306219934123e-16
4.838769042968750000e+03 1.253755908007779639e-16
6.120835937500000000e+03 8.553174089706719420e-17
7.692401855468750000e+03 5.840422405881694512e-17
9.718894531250000000e+03 3.948419157511556814e-17
1.224167187500000000e+04 2.654437773301259375e-17
1.542616113281250000e+04 1.760158602243198505e-17
1.943778906250000000e+04 1.134645840155269654e-17
2.448334375000000000e+04 6.968731928833052409e-18
3.085232226562500000e+04 4.091962440372111989e-18
3.891693750000000000e+04 2.251505956247325258e-18
4.921482812500000000e+04 1.148005769716072693e-18
6.162192968750000000e+04 5.455257321209766559e-19
7.775115625000000000e+04 2.234921320572468187e-19
9.801609375000000000e+04 7.603014879025168996e-20
1.236574296875000000e+05 2.022088579897350851e-20
1.559158906250000000e+05 4.017529440507434071e-21
1.964457500000000000e+05 5.791691555395643858e-22
2.473148593750000000e+05 6.074424192012728389e-23
3.118317812500000000e+05 4.744937062756831784e-24
3.928915000000000000e+05 3.168284263560068401e-25
4.962840000000000000e+05 2.048347554076458077e-26
6.244907500000000000e+05 1.630615708458832173e-27
7.857830000000000000e+05 1.643691377283533425e-28
9.925680000000000000e+05 1.816276811649099684e-29
1.248981500000000000e+06 1.792390924684161560e-30
1.571566000000000000e+06 1.129761740691718420e-31
1.981000250000000000e+06 3.236543037928393004e-33
2.497963000000000000e+06 3.048093107515203729e-35
3.147267500000000000e+06 5.516710471395908577e-38
3.970272000000000000e+06 4.514442436161248540e-42
5.004197000000000000e+06 7.214026374861655057e-49
6.286264000000000000e+06 8.204156364384364332e-61
7.940544000000000000e+06 1.529551349451610841e-82
1.000839400000000000e+07 9.999999999999999821e-201
