1.211760009765625000e+03 3.312926378744438391e-18
1.526073364257812500e+03 1.048279922071895130e-18
1.923100463867187500e+03 2.778101300478055153e-19
2.423520019531250000e+03 6.146350255302182169e-20
3.056282226562500000e+03 1.051799436197369532e-20
3.850336669921875000e+03 1.222929495786278356e-22
4.838769042968750000e+03 8.420748635873146274e-23
6.120835937500000000e+03 5.743197587612869831e-23
7.692401855468750000e+03 3.919746581128653039e-23
9.718894531250000000e+03 2.647763435037161492e-23
1.224167187500000000e+04 1.785935091714211194e-23
1.542616113281250000e+04 1.186193840642155600e-23
1.943778906250000000e+04 7.613107572654712322e-24
2.448334375000000000e+04 4.732255170277329166e-24
3.085232226562500000e+04 2.781018917808453850e-24
3.891693750000000000e+04 1.534322593935469302e-24
4.921482812500000000e+04 7.841903593400070881e-25
6.162192968750000000e+04 3.750489408331714681e-25
7.775115625000000000e+04 1.541622028448831052e-25
9.801609375000000000e+04 5.286747555415174723e-26
1.236574296875000000e+05 1.414326001107978414e-26
1.559158906250000000e+05 2.828668687704213414e-27
1.964457500000000000e+05 4.140341483815893379e-28
2.473148593750000000e+05 4.365038489737790760e-29
3.118317812500000000e+05 3.464095156245785539e-30
3.928915000000000000e+05 2.353582595787479375e-31
4.962840000000000000e+05 1.553330228507980586e-32
6.244907500000000000e+05 1.255889459188429231e-33
7.857830000000000000e+05 1.296432635603913778e-34
9.925680000000000000e+05 1.469561973698571079e-35
1.248981500000000000e+06 1.490390703238471201e-36
1.571566000000000000e+06 9.741471758581482423e-38
1.981000250000000000e+06 2.898228434660617537e-39
2.497963000000000000e+06 2.832298905213242923e-41
3.147267500000000000e+06 5.391330687955092922e-44
3.970272000000000000e+06 4.647220154871873629e-48
5.004197000000000000e+06 7.907682757059888676e-55
6.286264000000000000e+06 9.616517460025217374e-67
7.940544000000000000e+06 1.929349762883313921e-88
1.000839400000000000e+07 9.999999999999999821e-201
