1.211760009765625000e+03 6.401669769453539041e-19
1.526073364257812500e+03 2.037223244781230009e-19
1.923100463867187500e+03 5.477725163089498858e-20
2.423520019531250000e+03 1.214324518524747299e-20
3.056282226562500000e+03 2.078908744784471702e-21
3.850336669921875000e+03 8.427238512629802018e-24
4.838769042968750000e+03 5.800960171379278593e-24
6.120835937500000000e+03 3.943826669605405226e-24
7.692401855468750000e+03 2.704625140978771519e-24
9.718894531250000000e+03 1.827111610142602544e-24
1.224167187500000000e+04 1.223243213502884394e-24
1.542616113281250000e+04 8.140733535374793500e-25
1.943778906250000000e+04 5.255972343428925931e-25
2.448334375000000000e+04 3.252074900122091493e-25
3.085232226562500000e+04 1.909582472173652025e-25
3.891693750000000000e+04 1.054534421239035890e-25
4.921482812500000000e+04 5.396085708518957450e-26
6.162192968750000000e+04 2.579007868200130069e-26
7.775115625000000000e+04 1.059326868710649400e-26
9.801609375000000000e+04 3.642374569951591613e-27
1.236574296875000000e+05 9.712841212428287110e-28
1.559158906250000000e+05 1.954104455757016849e-28
1.964457500000000000e+05 2.847980558231741589e-29
2.473148593750000000e+05 3.015844774727928291e-30
3.118317812500000000e+05 2.387023553043314108e-31
3.928915000000000000e+05 1.622256829687523697e-32
4.962840000000000000e+05 1.069692611573261511e-33
6.244907500000000000e+05 8.663225663825650087e-35
7.857830000000000000e+05 8.936124952555546762e-36
9.925680000000000000e+05 1.014697553268060762e-36
1.248981500000000000e+06 1.031507249872941911e-37
1.571566000000000000e+06 6.722549200810224575e-39
1.981000250000000000e+06 2.007333312722140092e-40
2.497963000000000000e+06 1.969122096005397046e-42
3.147267500000000000e+06 3.730048557364278629e-45
3.970272000000000000e+06 3.233137450603718058e-49
5.004197000000000000e+06 5.507631674653992470e-56
6.286264000000000000e+06 6.698330196237866431e-68
7.940544000000000000e+06 1.348997227256648278e-89
1.000839400000000000e+07 9.999999999999999821e-201
