1.211760009765625000e+03 7.510130099183822027e-15
1.526073364257812500e+03 5.043610945817609121e-15
1.923100463867187500e+03 3.374529828264304909e-15
2.423520019531250000e+03 2.254284490799787023e-15
3.056282226562500000e+03 1.501154045067506780e-15
3.850336669921875000e+03 9.955098778442300082e-16
4.838769042968750000e+03 6.640359718679424303e-16
6.120835937500000000e+03 4.381807090334433175e-16
7.692401855468750000e+03 2.890818342404441638e-16
9.718894531250000000e+03 1.885972162518344528e-16
1.224167187500000000e+04 1.211534508440951230e-16
1.542616113281250000e+04 7.536562828199235826e-17
1.943778906250000000e+04 4.400891268407192630e-17
2.448334375000000000e+04 2.384075156292021302e-17
3.085232226562500000e+04 1.185304825022289015e-17
3.891693750000000000e+04 5.371096891853266412e-18
4.921482812500000000e+04 2.148585872229871822e-18
6.162192968750000000e+04 7.609354757486871880e-19
7.775115625000000000e+04 2.120450472878140763e-19
9.801609375000000000e+04 4.499761951813621725e-20
1.236574296875000000e+05 6.864758185596933908e-21
1.559158906250000000e+05 7.268577060369094914e-22
1.964457500000000000e+05 5.285260724453954541e-23
2.473148593750000000e+05 2.750129940691698767e-24
3.118317812500000000e+05 1.116568884299717554e-25
3.928915000000000000e+05 4.303012523966701302e-27
4.962840000000000000e+05 1.805978247129432367e-28
6.244907500000000000e+05 9.776231174106185209e-30
7.857830000000000000e+05 5.573683773934053674e-31
9.925680000000000000e+05 2.259522342489808010e-32
1.248981500000000000e+06 5.000499966125903469e-34
1.571566000000000000e+06 3.880406330166093091e-36
1.981000250000000000e+06 6.375856730422057016e-39
2.497963000000000000e+06 9.689952768086087370e-43
3.147267500000000000e+06 1.689050071740084772e-48
3.970272000000000000e+06 2.314844685560419943e-58
5.004197000000000000e+06 3.599288083613076044e-76
6.286264000000000000e+06 2.473028968794681727e-107
7.940544000000000000e+06 1.592346743776696936e-160
1.000839400000000000e+07 9.999999999999999821e-201
