1.211760009765625000e+03 1.494553253568919863e-13
1.526073364257812500e+03 1.028501055617708207e-13
1.923100463867187500e+03 7.094360383141701014e-14
2.423520019531250000e+03 4.869752684545397020e-14
3.056282226562500000e+03 3.333154540857129034e-14
3.850336669921875000e+03 2.273211532085250220e-14
4.838769042968750000e+03 1.549417267691865743e-14
6.120835937500000000e+03 1.043756295675168320e-14
7.692401855468750000e+03 7.051252848702725169e-15
9.718894531250000000e+03 4.676597638765000324e-15
1.224167187500000000e+04 3.052591849699259235e-15
1.542616113281250000e+04 1.908552424102280015e-15
1.943778906250000000e+04 1.122164582685024800e-15
2.448334375000000000e+04 6.135184771805028887e-16
3.085232226562500000e+04 3.062867510036587926e-16
3.891693750000000000e+04 1.401155710918243715e-16
4.921482812500000000e+04 5.646752245454133410e-17
6.162192968750000000e+04 2.017499422291537702e-17
7.775115625000000000e+04 5.671204802461819294e-18
9.801609375000000000e+04 1.220988038386854087e-18
1.236574296875000000e+05 1.880346807359160641e-19
1.559158906250000000e+05 2.010318159939919838e-20
1.964457500000000000e+05 1.474403441692441435e-21
2.473148593750000000e+05 7.740818362060085804e-23
3.118317812500000000e+05 3.190196812284907087e-24
3.928915000000000000e+05 1.239189547718301746e-25
4.962840000000000000e+05 5.271786212718863972e-27
6.244907500000000000e+05 2.896526485413616536e-28
7.857830000000000000e+05 1.674784787840761651e-29
9.925680000000000000e+05 6.863299115312792478e-31
1.248981500000000000e+06 1.541137694478147642e-32
1.571566000000000000e+06 1.218953727628261650e-34
1.981000250000000000e+06 2.035832337725475261e-37
2.497963000000000000e+06 3.141664374027911023e-41
3.147267500000000000e+06 5.570271513185386051e-47
3.970272000000000000e+06 7.738677853917316992e-57
5.004197000000000000e+06 1.224123358386173033e-74
6.286264000000000000e+06 8.488978871607277434e-106
7.940544000000000000e+06 5.573213603218440886e-159
1.000839400000000000e+07 9.999999999999999821e-201
