1.211760009765625000e+03 1.357552538658435405e-12
1.526073364257812500e+03 7.871988848766305965e-13
1.923100463867187500e+03 4.967621816956522819e-13
2.423520019531250000e+03 3.325380989190846411e-13
3.056282226562500000e+03 2.291235121418826402e-13
3.850336669921875000e+03 1.595167402687407949e-13
4.838769042968750000e+03 1.116079239101987869e-13
6.120835937500000000e+03 7.729704642500069132e-14
7.692401855468750000e+03 5.351920444721736415e-14
9.718894531250000000e+03 3.664612575950279411e-14
1.224167187500000000e+04 2.458702384777225070e-14
1.542616113281250000e+04 1.588980855415387056e-14
1.943778906250000000e+04 9.654376856619766794e-15
2.448334375000000000e+04 5.394021510781603936e-15
3.085232226562500000e+04 2.788952529464210433e-15
3.891693750000000000e+04 1.295382191564611296e-15
4.921482812500000000e+04 5.304321372067497667e-16
6.162192968750000000e+04 1.909627343353984692e-16
7.775115625000000000e+04 5.401147430916017847e-17
9.801609375000000000e+04 1.165727803890897288e-17
1.236574296875000000e+05 1.800755408105862628e-18
1.559158906250000000e+05 1.925190680854516366e-19
1.964457500000000000e+05 1.420896865179409569e-20
2.473148593750000000e+05 7.507426853656264776e-22
3.118317812500000000e+05 3.090503161901003612e-23
3.928915000000000000e+05 1.209917353677711980e-24
4.962840000000000000e+05 5.120418093739808042e-26
6.244907500000000000e+05 2.812937891731667955e-27
7.857830000000000000e+05 1.626550985950947342e-28
9.925680000000000000e+05 6.665590910344932780e-30
1.248981500000000000e+06 1.491952448909695926e-31
1.571566000000000000e+06 1.172557564984971536e-33
1.981000250000000000e+06 1.952548287545796703e-36
2.497963000000000000e+06 2.990258862026565861e-40
3.147267500000000000e+06 5.255820701957178909e-46
3.970272000000000000e+06 7.231777557809194556e-56
5.004197000000000000e+06 1.129116769377096986e-73
6.286264000000000000e+06 7.699714307098334458e-105
7.940544000000000000e+06 4.904427970832228142e-158
1.000839400000000000e+07 9.999999999999999821e-201
