1.211760009765625000e+03 7.647130814094305569e-16
1.526073364257812500e+03 3.688758593705818826e-16
1.923100463867187500e+03 1.687264914132152455e-16
2.423520019531250000e+03 7.161401006684406657e-17
3.056282226562500000e+03 2.794898480130275763e-17
3.850336669921875000e+03 9.876309627678676292e-18
4.838769042968750000e+03 3.039138319427995012e-18
6.120835937500000000e+03 7.997034699900729346e-19
7.692401855468750000e+03 1.640809529286673695e-21
9.718894531250000000e+03 1.138200197756210625e-21
1.224167187500000000e+04 7.725300615094065502e-22
1.542616113281250000e+04 5.007640987378169351e-22
1.943778906250000000e+04 3.043141998510886232e-22
2.448334375000000000e+04 1.700271773614130817e-22
3.085232226562500000e+04 8.658842734143550292e-23
3.891693750000000000e+04 3.991382932850314479e-23
4.921482812500000000e+04 1.604842848818054218e-23
6.162192968750000000e+04 5.648290306984395581e-24
7.775115625000000000e+04 1.542224405597008223e-24
9.801609375000000000e+04 3.165170380393371907e-25
1.236574296875000000e+05 4.581526456562117832e-26
1.559158906250000000e+05 4.589743490657445423e-27
1.964457500000000000e+05 3.139574809109348892e-28
2.473148593750000000e+05 1.560625150741100974e-29
3.118317812500000000e+05 6.147729424727852996e-31
3.928915000000000000e+05 2.349960986231866022e-32
4.962840000000000000e+05 9.915430258773239193e-34
6.244907500000000000e+05 5.343372984978867987e-35
7.857830000000000000e+05 2.838347543387138031e-36
9.925680000000000000e+05 9.909362258964998767e-38
1.248981500000000000e+06 1.746140603787995889e-39
1.571566000000000000e+06 9.783038186298354669e-42
1.981000250000000000e+06 9.913484625979845110e-45
2.497963000000000000e+06 6.589849506234566612e-49
3.147267500000000000e+06 2.308956459330499153e-55
3.970272000000000000e+06 1.212697056219362687e-66
5.004197000000000000e+06 4.337719529965106713e-87
6.286264000000000000e+06 1.366465337501376759e-122
7.940544000000000000e+06 2.333630989219382437e-182
1.000839400000000000e+07 9.999999999999999821e-201
