1.211760009765625000e+03 2.690195856424055905e-12
1.526073364257812500e+03 1.898771179601923077e-12
1.923100463867187500e+03 1.357640853090044598e-12
2.423520019531250000e+03 9.899643220531787886e-13
3.056282226562500000e+03 7.203014522409165922e-13
3.850336669921875000e+03 5.236359188786684341e-13
4.838769042968750000e+03 3.772281011482681681e-13
6.120835937500000000e+03 2.665760318940661218e-13
7.692401855468750000e+03 1.811616154607970058e-13
9.718894531250000000e+03 1.139753754324771418e-13
1.224167187500000000e+04 6.551409256604889538e-14
1.542616113281250000e+04 3.362629183446873732e-14
1.943778906250000000e+04 1.535776116121763786e-14
2.448334375000000000e+04 6.236295970119132909e-15
3.085232226562500000e+04 2.217550620700032603e-15
3.891693750000000000e+04 6.705488147623704792e-16
4.921482812500000000e+04 1.647282121889257852e-16
6.162192968750000000e+04 3.385042130695877317e-17
7.775115625000000000e+04 4.950561726858687788e-18
9.801609375000000000e+04 5.154023342606203106e-19
1.236574296875000000e+05 3.639871203819337041e-20
1.559158906250000000e+05 1.750605263785948656e-21
1.964457500000000000e+05 6.061608877263841625e-23
2.473148593750000000e+05 1.659871311160338794e-24
3.118317812500000000e+05 3.918103264045032068e-26
3.928915000000000000e+05 8.723667880089872320e-28
4.962840000000000000e+05 1.552389194658975780e-29
6.244907500000000000e+05 1.902218817130213972e-31
7.857830000000000000e+05 1.078001436118118203e-33
9.925680000000000000e+05 1.672573109442112979e-36
1.248981500000000000e+06 4.834653485547334717e-40
1.571566000000000000e+06 8.299250776046465146e-45
1.981000250000000000e+06 6.144915755586262012e-52
2.497963000000000000e+06 8.097156115408030202e-64
3.147267500000000000e+06 8.881472822623926069e-85
3.970272000000000000e+06 7.645646747168747714e-122
5.004197000000000000e+06 1.868470260656503420e-183
6.286264000000000000e+06 9.999999999999999821e-201
7.940544000000000000e+06 9.999999999999999821e-201
1.000839400000000000e+07 9.999999999999999821e-201
