1.211760009765625000e+03 1.082305647792825902e-13
1.526073364257812500e+03 7.159949656415585316e-14
1.923100463867187500e+03 4.724276263353796429e-14
2.423520019531250000e+03 3.094416780254276305e-14
3.056282226562500000e+03 2.017830780592704400e-14
3.850336669921875000e+03 1.309089797196671401e-14
4.838769042968750000e+03 8.410331435436798665e-15
6.120835937500000000e+03 5.283488920422933169e-15
7.692401855468750000e+03 3.222673963473474513e-15
9.718894531250000000e+03 1.822055321539600427e-15
1.224167187500000000e+04 9.395431879627165171e-16
1.542616113281250000e+04 4.404994116616693968e-16
1.943778906250000000e+04 1.842931339346116801e-16
2.448334375000000000e+04 6.914989371384665894e-17
3.085232226562500000e+04 2.288381475906668348e-17
3.891693750000000000e+04 6.505324322321504064e-18
4.921482812500000000e+04 1.514046067912921001e-18
6.162192968750000000e+04 2.981321509603708869e-19
7.775115625000000000e+04 4.226795392522623784e-20
9.801609375000000000e+04 4.327805860203682729e-21
1.236574296875000000e+05 3.072762961269073108e-22
1.559158906250000000e+05 1.506788374679270713e-23
1.964457500000000000e+05 5.358133959206142516e-25
2.473148593750000000e+05 1.519281118138561348e-26
3.118317812500000000e+05 3.749087044811716953e-28
3.928915000000000000e+05 8.874075946987974110e-30
4.962840000000000000e+05 1.683947600986007972e-31
6.244907500000000000e+05 2.165165627468263572e-33
7.857830000000000000e+05 1.304421812105752837e-35
9.925680000000000000e+05 2.165888211946107151e-38
1.248981500000000000e+06 6.743615376836410260e-42
1.571566000000000000e+06 1.247635712690429134e-46
1.981000250000000000e+06 1.008298870111677475e-53
2.497963000000000000e+06 1.448271825520135278e-65
3.147267500000000000e+06 1.741958973715672266e-86
3.970272000000000000e+06 1.648690903504701033e-123
5.004197000000000000e+06 4.442257109772745962e-185
6.286264000000000000e+06 9.999999999999999821e-201
7.940544000000000000e+06 9.999999999999999821e-201
1.000839400000000000e+07 9.999999999999999821e-201
