1.211760009765625000e+03 5.355482491955295691e-12
1.526073364257812500e+03 3.579974828207792784e-12
1.923100463867187500e+03 2.385714111144996459e-12
2.423520019531250000e+03 1.587960942676991417e-12
3.056282226562500000e+03 1.046802827153276704e-12
3.850336669921875000e+03 6.895909825168505886e-13
4.838769042968750000e+03 4.546977768032851375e-13
6.120835937500000000e+03 2.945843981891781056e-13
7.692401855468750000e+03 1.903144059958516022e-13
9.718894531250000000e+03 1.193964275118842880e-13
1.224167187500000000e+04 7.191625245842147729e-14
1.542616113281250000e+04 4.026003070589282984e-14
1.943778906250000000e+04 2.054658393285230287e-14
2.448334375000000000e+04 9.504853964472977703e-15
3.085232226562500000e+04 3.969056203488315060e-15
3.891693750000000000e+04 1.464664471348859066e-15
4.921482812500000000e+04 4.608559925348440751e-16
6.162192968750000000e+04 1.232003694022560246e-16
7.775115625000000000e+04 2.478127610431524539e-17
9.801609375000000000e+04 3.640943339267728538e-18
1.236574296875000000e+05 3.693967456495507762e-19
1.559158906250000000e+05 2.529980255847059811e-20
1.964457500000000000e+05 1.199288253205051639e-21
2.473148593750000000e+05 4.253587415885956139e-23
3.118317812500000000e+05 1.243390178220719120e-24
3.928915000000000000e+05 3.708224324058226566e-26
4.962840000000000000e+05 1.224804918864980530e-27
6.244907500000000000e+05 4.465356959082979643e-29
7.857830000000000000e+05 1.227653679941488568e-30
9.925680000000000000e+05 1.656396038409987574e-32
1.248981500000000000e+06 8.245545875607134067e-35
1.571566000000000000e+06 8.738194492894070769e-38
1.981000250000000000e+06 8.462449583253453121e-42
2.497963000000000000e+06 1.037167168455008927e-47
3.147267500000000000e+06 1.732040123635726917e-57
3.970272000000000000e+06 3.757276556134754426e-75
5.004197000000000000e+06 7.758785283910774102e-107
6.286264000000000000e+06 8.639585758673331742e-160
7.940544000000000000e+06 9.999999999999999821e-201
1.000839400000000000e+07 9.999999999999999821e-201
