1.211760009765625000e+03 3.649200860797445825e-11
1.526073364257812500e+03 2.096559844143790211e-11
1.923100463867187500e+03 1.192857055572498472e-11
2.423520019531250000e+03 6.725489641060137742e-12
3.056282226562500000e+03 3.708423080841728233e-12
3.850336669921875000e+03 2.022282135566257477e-12
4.838769042968750000e+03 1.078485405796113271e-12
6.120835937500000000e+03 5.585344674229969148e-13
7.692401855468750000e+03 2.809100295734756755e-13
9.718894531250000000e+03 1.342359713061527180e-13
1.224167187500000000e+04 6.048590198932799526e-14
1.542616113281250000e+04 2.458496486504159757e-14
1.943778906250000000e+04 8.800066640105947220e-15
2.448334375000000000e+04 5.588548223637405673e-17
3.085232226562500000e+04 3.410373939929001377e-17
3.891693750000000000e+04 1.884916558799351789e-17
4.921482812500000000e+04 9.076949404559393294e-18
6.162192968750000000e+04 3.846376567999746586e-18
7.775115625000000000e+04 1.262069166713509881e-18
9.801609375000000000e+04 3.120533993357965513e-19
1.236574296875000000e+05 5.455645686877520439e-20
1.559158906250000000e+05 6.554786001931479350e-21
1.964457500000000000e+05 5.357751318724955418e-22
2.473148593750000000e+05 3.141870954942641343e-23
3.118317812500000000e+05 1.447662488504269480e-24
3.928915000000000000e+05 6.447644853771513866e-26
4.962840000000000000e+05 3.112636217082616756e-27
6.244907500000000000e+05 1.896002036446550294e-28
7.857830000000000000e+05 1.103833080180579707e-29
9.925680000000000000e+05 4.113328393229480119e-31
1.248981500000000000e+06 7.482918895944976831e-33
1.571566000000000000e+06 4.124121996115485318e-35
1.981000250000000000e+06 3.874966490400926119e-38
2.497963000000000000e+06 2.179552738124526332e-42
3.147267500000000000e+06 5.637332433999597705e-49
3.970272000000000000e+06 1.820808043044677384e-60
5.004197000000000000e+06 2.917542625665344724e-81
6.286264000000000000e+06 2.696078031824518525e-117
7.940544000000000000e+06 7.812701038242492871e-178
1.000839400000000000e+07 9.999999999999999821e-201
