1.211760009765625000e+03 5.579665479990634491e-13
1.526073364257812500e+03 3.253623531713712224e-13
1.923100463867187500e+03 1.875610765012020503e-13
2.423520019531250000e+03 1.064867822106074035e-13
3.056282226562500000e+03 5.974664069309416014e-14
3.850336669921875000e+03 3.299033200274978947e-14
4.838769042968750000e+03 1.790707450210361680e-14
6.120835937500000000e+03 9.376843530113847312e-15
7.692401855468750000e+03 4.805147749029966937e-15
9.718894531250000000e+03 2.332341401034515834e-15
1.224167187500000000e+04 1.037319860085230393e-15
1.542616113281250000e+04 4.136401842485044466e-16
1.943778906250000000e+04 1.416831397879089213e-16
2.448334375000000000e+04 4.815835187265172910e-20
3.085232226562500000e+04 2.684043890288090830e-20
3.891693750000000000e+04 1.321456388938274133e-20
4.921482812500000000e+04 5.570829813759238688e-21
6.162192968750000000e+04 1.997692822426311970e-21
7.775115625000000000e+04 5.379566574990133883e-22
9.801609375000000000e+04 1.058274478157070438e-22
1.236574296875000000e+05 1.440086541432581650e-23
1.559158906250000000e+05 1.329950316704441640e-24
1.964457500000000000e+05 8.383705463515403476e-26
2.473148593750000000e+05 3.944519288087807997e-27
3.118317812500000000e+05 1.521580604349970347e-28
3.928915000000000000e+05 5.944182719727917748e-30
4.962840000000000000e+05 2.529011618338765990e-31
6.244907500000000000e+05 1.166119520361584684e-32
7.857830000000000000e+05 3.932515866661608141e-34
9.925680000000000000e+05 6.322359533037504123e-36
1.248981500000000000e+06 3.547297822426814722e-38
1.571566000000000000e+06 3.947494451901694506e-41
1.981000250000000000e+06 3.670638987845887478e-45
2.497963000000000000e+06 4.117564989042154134e-51
3.147267500000000000e+06 5.600824297637672350e-61
3.970272000000000000e+06 8.048526346411376556e-79
5.004197000000000000e+06 8.009856472378383689e-111
6.286264000000000000e+06 2.956487727139249699e-164
7.940544000000000000e+06 9.999999999999999821e-201
1.000839400000000000e+07 9.999999999999999821e-201
