1.211760009765625000e+03 1.257915655087173963e-12
1.526073364257812500e+03 6.724814594423477818e-13
1.923100463867187500e+03 3.484398241277560958e-13
2.423520019531250000e+03 1.756099881789414445e-13
3.056282226562500000e+03 8.493147560343954411e-14
3.850336669921875000e+03 3.957812712679217107e-14
4.838769042968750000e+03 1.769654113487067888e-14
6.120835937500000000e+03 7.446050344543473088e-15
7.692401855468750000e+03 3.052151285996128459e-15
9.718894531250000000e+03 4.652372905016843140e-16
1.224167187500000000e+04 3.331934085905262698e-16
1.542616113281250000e+04 2.240414789100054146e-16
1.943778906250000000e+04 1.378421794102230728e-16
2.448334375000000000e+04 7.688277659512695122e-17
3.085232226562500000e+04 3.873276522828938588e-17
3.891693750000000000e+04 1.735313169633994485e-17
4.921482812500000000e+04 6.634896819118155642e-18
6.162192968750000000e+04 2.172727321960973942e-18
7.775115625000000000e+04 5.366312004429336902e-19
9.801609375000000000e+04 9.759619693803911788e-20
1.236574296875000000e+05 1.226228437653812456e-20
1.559158906250000000e+05 1.045065960491833562e-21
1.964457500000000000e+05 6.042664432623893012e-23
2.473148593750000000e+05 2.536231454440030111e-24
3.118317812500000000e+05 8.570071295396148270e-26
3.928915000000000000e+05 2.862363430448132047e-27
4.962840000000000000e+05 1.062254355587003073e-28
6.244907500000000000e+05 4.651732701116171317e-30
7.857830000000000000e+05 1.692551024331160080e-31
9.925680000000000000e+05 3.347775054725619486e-33
1.248981500000000000e+06 2.708886860114388698e-35
1.571566000000000000e+06 5.426064008317925435e-38
1.981000250000000000e+06 1.292584035531978425e-41
2.497963000000000000e+06 7.780310641665093859e-47
3.147267500000000000e+06 2.786423568149279885e-55
3.970272000000000000e+06 2.046520444645317596e-70
5.004197000000000000e+06 9.555369641765636205e-98
6.286264000000000000e+06 4.026104486271381311e-144
7.940544000000000000e+06 9.999999999999999821e-201
1.000839400000000000e+07 9.999999999999999821e-201
