1.211760009765625000e+03 1.407370980444066052e-08
1.526073364257812500e+03 7.960993747810144985e-09
1.923100463867187500e+03 4.441822983250223731e-09
2.423520019531250000e+03 2.453558257942309703e-09
3.056282226562500000e+03 1.323390839910305225e-09
3.850336669921875000e+03 7.055382974688939152e-10
4.838769042968750000e+03 3.680390611744432378e-10
6.120835937500000000e+03 1.866516853469499024e-10
7.692401855468750000e+03 9.260289375119345399e-11
9.718894531250000000e+03 4.503095050166404301e-11
1.224167187500000000e+04 2.181817876747229932e-11
1.542616113281250000e+04 1.075761786899944195e-11
1.943778906250000000e+04 5.771034307257731118e-12
2.448334375000000000e+04 3.473507127068168591e-12
3.085232226562500000e+04 2.141734560680122087e-12
3.891693750000000000e+04 1.684738498492079320e-12
4.921482812500000000e+04 1.301286309048314743e-12
6.162192968750000000e+04 9.974513374721498229e-13
7.775115625000000000e+04 7.392086679746499234e-13
9.801609375000000000e+04 5.307003031076718423e-13
1.236574296875000000e+05 3.641960923909033986e-13
1.559158906250000000e+05 2.335750855144716265e-13
1.964457500000000000e+05 1.372556070651531226e-13
2.473148593750000000e+05 7.254208562560844701e-14
3.118317812500000000e+05 3.362748642833897203e-14
3.928915000000000000e+05 1.380567365826891051e-14
4.962840000000000000e+05 4.992365339900712741e-15
6.244907500000000000e+05 1.706979814095975278e-15
7.857830000000000000e+05 5.706147816284756856e-16
9.925680000000000000e+05 1.929133413766782452e-16
1.248981500000000000e+06 7.065047058018562628e-17
1.571566000000000000e+06 2.744888636209405136e-17
1.981000250000000000e+06 1.048125008217661539e-17
2.497963000000000000e+06 3.703120585508059331e-18
3.147267500000000000e+06 1.129019880992220606e-18
3.970272000000000000e+06 2.738217635557066998e-19
5.004197000000000000e+06 4.862913124585834727e-20
6.286264000000000000e+06 5.447312867153641814e-21
7.940544000000000000e+06 2.399213606833476606e-22
1.000839400000000000e+07 9.999999999999999821e-201
