1.211760009765625000e+03 1.270370265533581819e-09
1.526073364257812500e+03 6.833598359921505101e-10
1.923100463867187500e+03 3.609962141864139844e-10
2.423520019531250000e+03 1.911782703523576691e-10
3.056282226562500000e+03 1.017233257542995758e-10
3.850336669921875000e+03 5.644306379751151658e-11
4.838769042968750000e+03 3.306113600380591286e-11
6.120835937500000000e+03 2.081030679429665408e-11
7.692401855468750000e+03 1.414548440563781116e-11
9.718894531250000000e+03 1.007761616399309073e-11
1.224167187500000000e+04 7.408319457203871695e-12
1.542616113281250000e+04 5.486385113189716379e-12
1.943778906250000000e+04 4.049032134930827693e-12
2.448334375000000000e+04 2.963239708401517206e-12
3.085232226562500000e+04 2.146591101634045897e-12
3.891693750000000000e+04 1.528461850441908711e-12
4.921482812500000000e+04 1.067646267196457942e-12
6.162192968750000000e+04 7.360502973070347059e-13
7.775115625000000000e+04 4.928057786497666156e-13
9.801609375000000000e+04 3.186771795900790344e-13
1.236574296875000000e+05 1.972346596071642609e-13
1.559158906250000000e+05 1.143027014219754709e-13
1.964457500000000000e+05 6.100249202895694898e-14
2.473148593750000000e+05 2.942109355094335413e-14
3.118317812500000000e+05 1.259586261405136543e-14
3.928915000000000000e+05 4.741018163265990851e-15
4.962840000000000000e+05 1.593974942605070595e-15
6.244907500000000000e+05 5.057717967691778638e-16
7.857830000000000000e+05 1.576506223601750152e-16
9.925680000000000000e+05 5.077479145034171363e-17
1.248981500000000000e+06 1.811737093147911565e-17
1.571566000000000000e+06 6.993825840204786826e-18
1.981000250000000000e+06 2.760329220115215853e-18
2.497963000000000000e+06 1.020143411985691231e-18
3.147267500000000000e+06 3.313627455595053438e-19
3.970272000000000000e+06 8.496772299425564050e-20
5.004197000000000000e+06 1.588254194818859854e-20
6.286264000000000000e+06 1.882640707628170610e-21
7.940544000000000000e+06 8.613916694137810231e-23
1.000839400000000000e+07 9.999999999999999821e-201
