1.211760009765625000e+03 5.243390997937627899e-08
1.526073364257812500e+03 3.085503166853124952e-08
1.923100463867187500e+03 1.812828814718731490e-08
2.423520019531250000e+03 1.058641887944651474e-08
3.056282226562500000e+03 6.123151647346187878e-09
3.850336669921875000e+03 3.527691487344469059e-09
4.838769042968750000e+03 2.011738936080643057e-09
6.120835937500000000e+03 1.129279681491453663e-09
7.692401855468750000e+03 6.258543031065828665e-10
9.718894531250000000e+03 3.416141072540030706e-10
1.224167187500000000e+04 1.824344891291469177e-10
1.542616113281250000e+04 9.574279903409504448e-11
1.943778906250000000e+04 4.871249388384213907e-11
2.448334375000000000e+04 2.379198687036072855e-11
3.085232226562500000e+04 1.117004419402331304e-11
3.891693750000000000e+04 4.955113230859054898e-12
4.921482812500000000e+04 2.049525936751095523e-12
6.162192968750000000e+04 4.608913076595451875e-14
7.775115625000000000e+04 3.626634075274691209e-14
9.801609375000000000e+04 2.775575435139397938e-14
1.236574296875000000e+05 2.036562531757696129e-14
1.559158906250000000e+05 1.403935354422090183e-14
1.964457500000000000e+05 8.954852996558423323e-15
2.473148593750000000e+05 5.165535508944253978e-15
3.118317812500000000e+05 2.646286732676846887e-15
3.928915000000000000e+05 1.203983167872289014e-15
4.962840000000000000e+05 4.902816185821774901e-16
6.244907500000000000e+05 1.896644237884416866e-16
7.857830000000000000e+05 7.242418382207578038e-17
9.925680000000000000e+05 2.824251317754569950e-17
1.248981500000000000e+06 1.207824728765274068e-17
1.571566000000000000e+06 5.640182129197409377e-18
1.981000250000000000e+06 2.600310134891145374e-18
2.497963000000000000e+06 1.111956319064403547e-18
3.147267500000000000e+06 4.107612981658688050e-19
3.970272000000000000e+06 1.168306191171015057e-19
5.004197000000000000e+06 2.355612963102128762e-20
6.286264000000000000e+06 2.870255505072457788e-21
7.940544000000000000e+06 1.300014421323866063e-22
1.000839400000000000e+07 9.999999999999999821e-201
