1.211760009765625000e+03 2.553195141513571296e-12
1.526073364257812500e+03 1.681203648605869505e-12
1.923100463867187500e+03 1.106531873919225525e-12
2.423520019531250000e+03 7.223674058916445961e-13
3.056282226562500000e+03 4.715814373560975515e-13
3.850336669921875000e+03 3.061252279573367412e-13
4.838769042968750000e+03 1.983660749546984804e-13
6.120835937500000000e+03 1.272218652407083701e-13
7.692401855468750000e+03 8.179162518004911001e-14
9.718894531250000000e+03 5.197803303987510488e-14
1.224167187500000000e+04 3.309295737388124310e-14
1.542616113281250000e+04 2.091462931729398832e-14
1.943778906250000000e+04 1.314205205674848048e-14
2.448334375000000000e+04 8.045031334857421527e-15
3.085232226562500000e+04 4.820775721396141999e-15
3.891693750000000000e+04 2.757423615495858921e-15
4.921482812500000000e+04 1.501167240153145708e-15
6.162192968750000000e+04 7.849651564443080744e-16
7.775115625000000000e+04 3.742044613828359741e-16
9.801609375000000000e+04 1.589682380058985391e-16
1.236574296875000000e+05 5.730625412048441703e-17
1.559158906250000000e+05 1.669432186208574121e-17
1.964457500000000000e+05 3.810817494034337726e-18
2.473148593750000000e+05 6.691646720875289264e-19
3.118317812500000000e+05 9.007138122932977136e-20
3.928915000000000000e+05 9.901300784588628719e-21
4.962840000000000000e+05 9.713281138846482432e-22
6.244907500000000000e+05 1.038135105495378303e-22
7.857830000000000000e+05 1.309182242902417303e-23
9.925680000000000000e+05 1.998581047402369555e-24
1.248981500000000000e+06 3.523034014681749624e-25
1.571566000000000000e+06 5.623459101239453894e-26
1.981000250000000000e+06 6.365420699356138909e-27
2.497963000000000000e+06 4.059499680657103552e-28
3.147267500000000000e+06 1.165750233264332863e-29
3.970272000000000000e+06 9.857353048506361345e-32
5.004197000000000000e+06 9.319401054421391144e-35
6.286264000000000000e+06 1.231081689759519516e-39
7.940544000000000000e+06 2.015124759112451520e-48
1.000839400000000000e+07 9.999999999999999821e-201
