1.211760009765625000e+03 2.192011438567748796e-13
1.526073364257812500e+03 1.463636117609815832e-13
1.923100463867187500e+03 9.809679733326467298e-14
2.423520019531250000e+03 6.476389567283798773e-14
3.056282226562500000e+03 4.305715028052419205e-14
3.850336669921875000e+03 2.836719441952861790e-14
4.838769042968750000e+03 1.862378015166314267e-14
6.120835937500000000e+03 1.205316539657510459e-14
7.692401855468750000e+03 7.771020387949743145e-15
9.718894531250000000e+03 4.876689807262694471e-15
1.224167187500000000e+04 2.919942876911971394e-15
1.542616113281250000e+04 1.633908349029738222e-15
1.943778906250000000e+04 8.286948443588768440e-16
2.448334375000000000e+04 3.823414093350940010e-16
3.085232226562500000e+04 1.592577726107020638e-16
3.891693750000000000e+04 5.852521131887281858e-17
4.921482812500000000e+04 1.829190643714539772e-17
6.162192968750000000e+04 4.900186014631566571e-18
7.775115625000000000e+04 9.811464030202802392e-19
9.801609375000000000e+04 1.445147136762143769e-19
1.236574296875000000e+05 1.462849795176412287e-20
1.559158906250000000e+05 1.004074372938736020e-21
1.964457500000000000e+05 4.758474940837283351e-23
2.473148593750000000e+05 1.667601263777364618e-24
3.118317812500000000e+05 4.837650569913642052e-26
3.928915000000000000e+05 1.420141073571796445e-27
4.962840000000000000e+05 4.582328266569432492e-29
6.244907500000000000e+05 1.634304396281573152e-30
7.857830000000000000e+05 4.364575533607820940e-32
9.925680000000000000e+05 5.709771139489334399e-34
1.248981500000000000e+06 2.715488264622077910e-36
1.571566000000000000e+06 2.747840810762374393e-39
1.981000250000000000e+06 2.479759211002997598e-43
2.497963000000000000e+06 2.813917551867451805e-49
3.147267500000000000e+06 4.200174101750006494e-59
3.970272000000000000e+06 7.720004193836472656e-77
5.004197000000000000e+06 1.249665364709545019e-108
6.286264000000000000e+06 9.998298980230905869e-162
7.940544000000000000e+06 9.999999999999999821e-201
1.000839400000000000e+07 9.999999999999999821e-201
