1.211760009765625000e+03 2.528285920620755711e-10
1.526073364257812500e+03 1.433967817928535608e-10
1.923100463867187500e+03 8.004698662394396709e-11
2.423520019531250000e+03 4.440068624144331756e-11
3.056282226562500000e+03 2.424552725869560534e-11
3.850336669921875000e+03 1.301177228881673230e-11
4.838769042968750000e+03 6.826612998082460685e-12
6.120835937500000000e+03 3.494434127195841452e-12
7.692401855468750000e+03 1.740770818769586299e-12
9.718894531250000000e+03 8.440444125076376163e-13
1.224167187500000000e+04 3.959980907879086751e-13
1.542616113281250000e+04 1.814377799138395549e-13
1.943778906250000000e+04 4.224522508646902353e-14
2.448334375000000000e+04 2.710599822935297332e-14
3.085232226562500000e+04 1.582369046091619299e-14
3.891693750000000000e+04 8.316798507413438730e-15
4.921482812500000000e+04 3.804526388873320629e-15
6.162192968750000000e+04 1.520048815138308355e-15
7.775115625000000000e+04 4.677891204530740916e-16
9.801609375000000000e+04 1.080796490912350346e-16
1.236574296875000000e+05 1.749569589958792037e-17
1.559158906250000000e+05 1.921912661336823745e-18
1.964457500000000000e+05 1.425850340103758826e-19
2.473148593750000000e+05 7.489409863869186203e-21
3.118317812500000000e+05 3.030288873716322581e-22
3.928915000000000000e+05 1.156191409539368137e-23
4.962840000000000000e+05 4.822250987898930560e-25
6.244907500000000000e+05 2.451024481838888445e-26
7.857830000000000000e+05 1.215404903253756733e-27
9.925680000000000000e+05 3.874041440611169659e-29
1.248981500000000000e+06 6.092126558705321808e-31
1.571566000000000000e+06 3.032109557640393939e-33
1.981000250000000000e+06 2.818150709817537716e-36
2.497963000000000000e+06 1.855744582174756406e-40
3.147267500000000000e+06 7.592736549018772449e-47
3.970272000000000000e+06 6.748656491708272460e-58
5.004197000000000000e+06 7.556600266565909557e-78
6.286264000000000000e+06 1.720567350296388293e-112
7.940544000000000000e+06 6.354637099332708045e-171
1.000839400000000000e+07 9.999999999999999821e-201
