1.211760009765625000e+03 1.240479200462203398e-13
1.526073364257812500e+03 6.625920262152543756e-14
1.923100463867187500e+03 3.445159518211145331e-14
2.423520019531250000e+03 1.718706315721389385e-14
3.056282226562500000e+03 8.244819613414382287e-15
3.850336669921875000e+03 3.751405690080705933e-15
4.838769042968750000e+03 1.591970899017527530e-15
6.120835937500000000e+03 6.231894134609692356e-16
7.692401855468750000e+03 2.178759050514270258e-16
9.718894531250000000e+03 6.619520202601774143e-17
1.224167187500000000e+04 7.334756113933313707e-19
1.542616113281250000e+04 4.541462689760475417e-19
1.943778906250000000e+04 2.528886975450709848e-19
2.448334375000000000e+04 1.263676575703383705e-19
3.085232226562500000e+04 5.617770655470655689e-20
3.891693750000000000e+04 2.165625791683536985e-20
4.921482812500000000e+04 6.934703791878387966e-21
6.162192968750000000e+04 1.869864296266714826e-21
7.775115625000000000e+04 3.674682940724921428e-22
9.801609375000000000e+04 5.239062247960626509e-23
1.236574296875000000e+05 5.082923966499343408e-24
1.559158906250000000e+05 3.342366853613248649e-25
1.964457500000000000e+05 1.529423377783597587e-26
2.473148593750000000e+05 5.394335405136898816e-28
3.118317812500000000e+05 1.625565774018936147e-29
3.928915000000000000e+05 4.968497598699380154e-31
4.962840000000000000e+05 1.533743002417858232e-32
6.244907500000000000e+05 4.190225078054708018e-34
7.857830000000000000e+05 6.881180902259928532e-36
9.925680000000000000e+05 4.282927400059450276e-38
1.248981500000000000e+06 7.385255536405290992e-41
1.571566000000000000e+06 1.770062429410340256e-44
1.981000250000000000e+06 1.432628620107888453e-49
2.497963000000000000e+06 1.496582783685395089e-57
3.147267500000000000e+06 2.121790371507813981e-71
3.970272000000000000e+06 1.404350654413174879e-96
5.004197000000000000e+06 1.313580254581847655e-140
6.286264000000000000e+06 9.999999999999999821e-201
7.940544000000000000e+06 9.999999999999999821e-201
1.000839400000000000e+07 9.999999999999999821e-201
