1.211760009765625000e+03 2.092374554996487808e-13
1.526073364257812500e+03 1.107616521434455255e-13
1.923100463867187500e+03 5.752396188721570802e-14
2.423520019531250000e+03 2.864510526202315431e-14
3.056282226562500000e+03 1.372490929658202676e-14
3.850336669921875000e+03 6.226237001282174012e-15
4.838769042968750000e+03 2.639811119659924026e-15
6.120835937500000000e+03 1.031317382276584179e-15
7.692401855468750000e+03 3.612153162694711931e-16
9.718894531250000000e+03 1.102294016346295489e-16
1.224167187500000000e+04 2.018082338610143813e-18
1.542616113281250000e+04 1.252586317087328837e-18
1.943778906250000000e+04 6.987191643317501910e-19
2.448334375000000000e+04 3.488938693861194038e-19
3.085232226562500000e+04 1.555375482024662576e-19
3.891693750000000000e+04 5.996453885338879403e-20
4.921482812500000000e+04 1.916168153019028163e-20
6.162192968750000000e+04 5.199134872546475003e-21
7.775115625000000000e+04 1.016830074008813992e-21
9.801609375000000000e+04 1.451690622886922646e-22
1.236574296875000000e+05 1.411322505591838750e-23
1.559158906250000000e+05 9.273698196295773912e-25
1.964457500000000000e+05 4.257385267964917378e-26
2.473148593750000000e+05 1.501832016202886404e-27
3.118317812500000000e+05 4.511774393195414805e-29
3.928915000000000000e+05 1.387038912970243166e-30
4.962840000000000000e+05 4.262157723661195989e-32
6.244907500000000000e+05 1.165457169187273255e-33
7.857830000000000000e+05 1.913303958189346243e-35
9.925680000000000000e+05 1.193602718049354757e-37
1.248981500000000000e+06 2.047208140920637870e-40
1.571566000000000000e+06 4.898139968597793046e-44
1.981000250000000000e+06 3.957636563048041880e-49
2.497963000000000000e+06 4.123563201856567152e-57
3.147267500000000000e+06 5.871255548555869816e-71
3.970272000000000000e+06 3.855804866941436903e-96
5.004197000000000000e+06 3.612345700100081283e-140
6.286264000000000000e+06 9.999999999999999821e-201
7.940544000000000000e+06 9.999999999999999821e-201
1.000839400000000000e+07 9.999999999999999821e-201
