1.211760009765625000e+03 1.320188707319212346e-14
1.526073364257812500e+03 9.019163103109134175e-15
1.923100463867187500e+03 6.136935633806641083e-15
2.423520019531250000e+03 4.159767459789449681e-15
3.056282226562500000e+03 2.809163089839990128e-15
3.850336669921875000e+03 1.887450462023904150e-15
4.838769042968750000e+03 1.265492491992448594e-15
6.120835937500000000e+03 8.358069780535351371e-16
7.692401855468750000e+03 5.466009547781416198e-16
9.718894531250000000e+03 3.424882191780918821e-16
1.224167187500000000e+04 2.018082338610143659e-16
1.542616113281250000e+04 1.085128253305600546e-16
1.943778906250000000e+04 5.280093685006975850e-17
2.448334375000000000e+04 2.318867790432134926e-17
3.085232226562500000e+04 9.158296423763640296e-18
3.891693750000000000e+04 3.153530784304114726e-18
4.921482812500000000e+04 9.048571833700963980e-19
6.162192968750000000e+04 2.202791353894690746e-19
7.775115625000000000e+04 3.936441177598476954e-20
9.801609375000000000e+04 5.109302192283583833e-21
1.236574296875000000e+05 4.560211927391255045e-22
1.559158906250000000e+05 2.767041411597853220e-23
1.964457500000000000e+05 1.183832518380572943e-24
2.473148593750000000e+05 3.923153021917743550e-26
3.118317812500000000e+05 1.116885327727296461e-27
3.928915000000000000e+05 3.279208415141589885e-29
4.962840000000000000e+05 9.791871647667729391e-31
6.244907500000000000e+05 2.596530158328855155e-32
7.857830000000000000e+05 4.128708541355957814e-34
9.925680000000000000e+05 2.474970341837633582e-36
1.248981500000000000e+06 4.094416281841275414e-39
1.571566000000000000e+06 9.401643067687709777e-43
1.981000250000000000e+06 7.222835959710605316e-48
2.497963000000000000e+06 7.108768222505626335e-56
3.147267500000000000e+06 9.518991050257657337e-70
3.970272000000000000e+06 5.851461060054895329e-95
5.004197000000000000e+06 5.090123486504658473e-139
6.286264000000000000e+06 9.999999999999999821e-201
7.940544000000000000e+06 9.999999999999999821e-201
1.000839400000000000e+07 9.999999999999999821e-201
