1.211760009765625000e+03 2.466012868388717206e-13
1.526073364257812500e+03 1.503193850518189103e-13
1.923100463867187500e+03 9.809679721557932342e-14
2.423520019531250000e+03 6.725372539779349491e-14
3.056282226562500000e+03 4.700040881419456499e-14
3.850336669921875000e+03 3.304996244705756843e-14
4.838769042968750000e+03 2.322660667121275962e-14
6.120835937500000000e+03 1.610516954787367654e-14
7.692401855468750000e+03 1.106580254603300508e-14
9.718894531250000000e+03 7.281472222861952617e-15
1.224167187500000000e+04 4.517636098106970972e-15
1.542616113281250000e+04 2.558759214584810606e-15
1.943778906250000000e+04 1.306128437870146820e-15
2.448334375000000000e+04 5.977998615701192587e-16
3.085232226562500000e+04 2.445623290815094759e-16
3.891693750000000000e+04 8.714271113945707117e-17
4.921482812500000000e+04 2.570098554446157109e-17
6.162192968750000000e+04 6.384902475057074973e-18
7.775115625000000000e+04 1.157776816940728540e-18
9.801609375000000000e+04 1.513326649333518538e-19
1.236574296875000000e+05 1.357248846373761062e-20
1.559158906250000000e+05 8.301124234793559306e-22
1.964457500000000000e+05 3.566203549158868794e-23
2.473148593750000000e+05 1.183075833172069656e-24
3.118317812500000000e+05 3.383830794896561190e-26
3.928915000000000000e+05 9.978399344054588323e-28
4.962840000000000000e+05 2.994601523315859224e-29
6.244907500000000000e+05 7.914267288434506228e-31
7.857830000000000000e+05 1.264347060090035786e-32
9.925680000000000000e+05 7.565334874695175111e-35
1.248981500000000000e+06 1.247457670916126974e-37
1.571566000000000000e+06 2.832099887056543660e-41
1.981000250000000000e+06 2.154912216078948711e-46
2.497963000000000000e+06 2.093623787815206799e-54
3.147267500000000000e+06 2.746701234349156440e-68
3.970272000000000000e+06 1.650727962204959864e-93
5.004197000000000000e+06 1.395679020493212750e-137
6.286264000000000000e+06 9.999999999999999821e-201
7.940544000000000000e+06 9.999999999999999821e-201
1.000839400000000000e+07 9.999999999999999821e-201
