1.211760009765625000e+03 1.880646177407557521e-12
1.526073364257812500e+03 1.058169355298988426e-12
1.923100463867187500e+03 5.815171546038888759e-13
2.423520019531250000e+03 3.157063841124370587e-13
3.056282226562500000e+03 1.668356707167155324e-13
3.850336669921875000e+03 8.648097733684179718e-14
4.838769042968750000e+03 4.376141008180237012e-14
6.120835937500000000e+03 2.087758141789275538e-14
7.692401855468750000e+03 9.530673563295748905e-15
9.718894531250000000e+03 3.952927726772526018e-15
1.224167187500000000e+04 1.868635761855081216e-16
1.542616113281250000e+04 1.166653155116541832e-16
1.943778906250000000e+04 6.536515483455433458e-17
2.448334375000000000e+04 3.284972976346432790e-17
3.085232226562500000e+04 1.457768239361252883e-17
3.891693750000000000e+04 5.558563399053324065e-18
4.921482812500000000e+04 1.744170925064860227e-18
6.162192968750000000e+04 4.577260956530768599e-19
7.775115625000000000e+04 8.635450863909928971e-20
9.801609375000000000e+04 1.172144079218462824e-20
1.236574296875000000e+05 1.081867040876200390e-21
1.559158906250000000e+05 6.759950075832206845e-23
1.964457500000000000e+05 2.990767324859301805e-24
2.473148593750000000e+05 1.020113408264241595e-25
3.118317812500000000e+05 2.991548396474270285e-27
3.928915000000000000e+05 8.726780618366779039e-29
4.962840000000000000e+05 2.288227456587215989e-30
6.244907500000000000e+05 4.500088717436173430e-32
7.857830000000000000e+05 4.588066710585038562e-34
9.925680000000000000e+05 1.508152525303140197e-36
1.248981500000000000e+06 1.146042265400214653e-39
1.571566000000000000e+06 8.486749980060922302e-44
1.981000250000000000e+06 9.053870008795683100e-50
2.497963000000000000e+06 1.920269120868954987e-59
3.147267500000000000e+06 1.854504257227121932e-76
3.970272000000000000e+06 4.122849853425494647e-107
5.004197000000000000e+06 1.707466878160438375e-159
6.286264000000000000e+06 9.999999999999999821e-201
7.940544000000000000e+06 9.999999999999999821e-201
1.000839400000000000e+07 9.999999999999999821e-201
