1.211760009765625000e+03 9.540231601948270843e-11
1.526073364257812500e+03 5.488635441036808818e-11
1.923100463867187500e+03 3.162640746024453220e-11
2.423520019531250000e+03 1.849509651291537899e-11
3.056282226562500000e+03 1.101165511010416300e-11
3.850336669921875000e+03 6.740744551077997298e-12
4.838769042968750000e+03 4.269852463923399548e-12
6.120835937500000000e+03 2.779547565054519536e-12
7.692401855468750000e+03 1.869305399125141804e-12
9.718894531250000000e+03 1.223224019543530568e-12
1.224167187500000000e+04 8.397951726573617575e-13
1.542616113281250000e+04 5.448071375637371757e-13
1.943778906250000000e+04 3.278749163201112673e-13
2.448334375000000000e+04 1.800128938045254465e-13
3.085232226562500000e+04 8.949643889263494635e-14
3.891693750000000000e+04 3.977820044584832218e-14
4.921482812500000000e+04 1.528645169632219026e-14
6.162192968750000000e+04 5.076794985960155834e-15
7.775115625000000000e+04 1.289196007333532850e-15
9.801609375000000000e+04 2.425384896545213923e-16
1.236574296875000000e+05 3.166682929340798965e-17
1.559158906250000000e+05 2.788105752815133439e-18
1.964457500000000000e+05 1.651015680447056779e-19
2.473148593750000000e+05 6.927615234155692637e-21
3.118317812500000000e+05 2.288584639977764755e-22
3.928915000000000000e+05 7.286086363643985653e-24
4.962840000000000000e+05 2.583893369973050257e-25
6.244907500000000000e+05 1.148533141087584572e-26
7.857830000000000000e+05 4.694957051022808926e-28
9.925680000000000000e+05 1.186777802353065766e-29
1.248981500000000000e+06 1.403667915625590141e-31
1.571566000000000000e+06 4.851514671714535266e-34
1.981000250000000000e+06 2.674652268508435960e-37
2.497963000000000000e+06 7.458772918205091986e-42
3.147267500000000000e+06 5.797738279059416597e-49
3.970272000000000000e+06 1.883455141793855636e-61
5.004197000000000000e+06 4.917162896448486359e-84
6.286264000000000000e+06 6.047852838394528986e-123
7.940544000000000000e+06 9.193309735613010779e-188
1.000839400000000000e+07 9.999999999999999821e-201
