1.211760009765625000e+03 3.562018587672591755e-12
1.526073364257812500e+03 2.126228143825070132e-12
1.923100463867187500e+03 1.255639005865787653e-12
2.423520019531250000e+03 7.348220163380522512e-13
3.056282226562500000e+03 4.217073795833583238e-13
3.850336669921875000e+03 2.410589183018720926e-13
4.838769042968750000e+03 1.353634971348558965e-13
6.120835937500000000e+03 7.470898604982763297e-14
7.692401855468750000e+03 4.060832932340242753e-14
9.718894531250000000e+03 2.126673884705756375e-14
1.224167187500000000e+04 1.096185079924613876e-14
1.542616113281250000e+04 5.406811723976252286e-15
1.943778906250000000e+04 2.560438965731244909e-15
2.448334375000000000e+04 1.137942718173322574e-15
3.085232226562500000e+04 4.729325256546968800e-16
3.891693750000000000e+04 3.894199604238941024e-19
4.921482812500000000e+04 2.979512827144342027e-19
6.162192968750000000e+04 2.208898323705815964e-19
7.775115625000000000e+04 1.541548590146456525e-19
9.801609375000000000e+04 9.928531547049191658e-20
1.236574296875000000e+05 5.725241008651549094e-20
1.559158906250000000e+05 2.825721321330004099e-20
1.964457500000000000e+05 1.152537567640366143e-20
2.473148593750000000e+05 3.772948630407716272e-21
3.118317812500000000e+05 9.895730587444783307e-22
3.928915000000000000e+05 2.129124178809672348e-22
4.962840000000000000e+05 3.979697278563230347e-23
6.244907500000000000e+05 7.472903672952496086e-24
7.857830000000000000e+05 1.524146953734178210e-24
9.925680000000000000e+05 3.583785599743373115e-25
1.248981500000000000e+06 1.002454401088187389e-25
1.571566000000000000e+06 2.817417309920066985e-26
1.981000250000000000e+06 6.587452426983207097e-27
2.497963000000000000e+06 1.057777469779129790e-27
3.147267500000000000e+06 9.689160079434603495e-29
3.970272000000000000e+06 4.207751096926961810e-30
5.004197000000000000e+06 5.819212696504979650e-32
6.286264000000000000e+06 9.671527493720409157e-35
7.940544000000000000e+06 1.607743357636151711e-39
1.000839400000000000e+07 9.999999999999999821e-201
