1.211760009765625000e+03 2.715105077316870306e-13
1.526073364257812500e+03 1.849324013466456173e-13
1.923100463867187500e+03 1.263486749652449133e-13
2.423520019531250000e+03 8.593681208021287002e-14
3.056282226562500000e+03 5.777489860802451832e-14
3.850336669921875000e+03 3.907897893479305104e-14
4.838769042968750000e+03 2.635505940693376279e-14
6.120835937500000000e+03 1.757854409019369801e-14
7.692401855468750000e+03 1.172769262796689066e-14
9.718894531250000000e+03 7.770536426522938673e-15
1.224167187500000000e+04 5.137334357232980645e-15
1.542616113281250000e+04 3.375582692659293722e-15
1.943778906250000000e+04 2.191153638550065623e-15
2.448334375000000000e+04 1.395138380675396992e-15
3.085232226562500000e+04 8.591920975264931850e-16
3.891693750000000000e+04 5.038620279202446407e-16
4.921482812500000000e+04 2.795663116113516891e-16
6.162192968750000000e+04 1.484125188209401113e-16
7.775115625000000000e+04 7.060290810126513265e-17
9.801609375000000000e+04 2.950024993247157428e-17
1.236574296875000000e+05 1.024756952886084401e-17
1.559158906250000000e+05 2.818594237475682468e-18
1.964457500000000000e+05 5.949587887842053544e-19
2.473148593750000000e+05 9.498907244633892418e-20
3.118317812500000000e+05 1.141166318561727436e-20
3.928915000000000000e+05 1.137516259180882797e-21
4.962840000000000000e+05 1.025928816243948099e-22
6.244907500000000000e+05 1.041577755164826650e-23
7.857830000000000000e+05 1.273954939214309619e-24
9.925680000000000000e+05 1.871167110894912138e-25
1.248981500000000000e+06 3.002310247706522256e-26
1.571566000000000000e+06 4.016102809348599549e-27
1.981000250000000000e+06 3.420001715755659653e-28
2.497963000000000000e+06 1.438279608788491282e-29
3.147267500000000000e+06 2.284364415991028622e-31
3.970272000000000000e+06 7.367338152119047237e-34
5.004197000000000000e+06 1.227725669957477450e-37
6.286264000000000000e+06 6.196830555984497649e-44
7.940544000000000000e+06 2.189531842747844578e-55
1.000839400000000000e+07 9.999999999999999821e-201
