1.211760009765625000e+03 2.690195856424055446e-09
1.526073364257812500e+03 1.710871948287149359e-09
1.923100463867187500e+03 1.106531873919225541e-09
2.423520019531250000e+03 7.223674058916445331e-10
3.056282226562500000e+03 4.789882731721819840e-10
3.850336669921875000e+03 3.202260692945828633e-10
4.838769042968750000e+03 2.157833335237830763e-10
6.120835937500000000e+03 1.453410570371825135e-10
7.692401855468750000e+03 9.842508347828247489e-11
9.718894531250000000e+03 6.567421183810689184e-11
1.224167187500000000e+04 4.381698682054669714e-11
1.542616113281250000e+04 2.824432736654983505e-11
1.943778906250000000e+04 1.732963563878072758e-11
2.448334375000000000e+04 9.925289016472760109e-12
3.085232226562500000e+04 5.244941269675706982e-12
3.891693750000000000e+04 2.524956457566079848e-12
4.921482812500000000e+04 1.075926883140880412e-12
6.162192968750000000e+04 4.127696729147386453e-13
7.775115625000000000e+04 1.266125252309933377e-13
9.801609375000000000e+04 3.005773027628970176e-14
1.236574296875000000e+05 5.273495864720130448e-15
1.559158906250000000e+05 6.496681268703400071e-16
1.964457500000000000e+05 5.522412379204357827e-17
2.473148593750000000e+05 3.319798910415066993e-18
3.118317812500000000e+05 1.509589182521568280e-19
3.928915000000000000e+05 6.192220800788928317e-21
4.962840000000000000e+05 2.667827816746121571e-22
6.244907500000000000e+05 1.492943629341655300e-23
7.857830000000000000e+05 9.951803792650468571e-25
9.925680000000000000e+05 5.703872511836953210e-26
1.248981500000000000e+06 2.200941163300846288e-27
1.571566000000000000e+06 3.806923005425802635e-29
1.981000250000000000e+06 1.950917876278608740e-31
2.497963000000000000e+06 1.707302808404324477e-34
3.147267500000000000e+06 7.183653485465132567e-39
3.970272000000000000e+06 5.420965942581235127e-46
5.004197000000000000e+06 1.343786500139048938e-58
6.286264000000000000e+06 6.585413621873028924e-81
7.940544000000000000e+06 4.176410095012694863e-120
1.000839400000000000e+07 9.999999999999999821e-201
