1.211760009765625000e+03 1.706281631157849834e-10
1.526073364257812500e+03 9.988327559364281888e-11
1.923100463867187500e+03 5.783787170769285722e-11
2.423520019531250000e+03 3.312926378744438816e-11
3.056282226562500000e+03 1.881386928645374626e-11
3.850336669921875000e+03 1.050435576143796902e-11
4.838769042968750000e+03 5.799956652517867044e-12
6.120835937500000000e+03 3.103893760455084485e-12
7.692401855468750000e+03 1.629981998755652001e-12
9.718894531250000000e+03 8.278650647197979031e-13
1.224167187500000000e+04 4.007504028766254545e-13
1.542616113281250000e+04 1.827574123717930802e-13
1.943778906250000000e+04 7.581715591966569328e-14
2.448334375000000000e+04 6.367166538869317887e-16
3.085232226562500000e+04 4.189924347614501247e-16
3.891693750000000000e+04 2.542863950172931569e-16
4.921482812500000000e+04 1.383334564038274727e-16
6.162192968750000000e+04 6.770543277447635332e-17
7.775115625000000000e+04 2.665526846968280371e-17
9.801609375000000000e+04 8.281802368996970643e-18
1.236574296875000000e+05 1.873831017920858523e-18
1.559158906250000000e+05 2.995080178114109452e-19
1.964457500000000000e+05 3.293181694020946509e-20
2.473148593750000000e+05 2.568146326924863017e-21
3.118317812500000000e+05 1.509589182521568272e-22
3.928915000000000000e+05 7.919405409047959456e-24
4.962840000000000000e+05 4.302213800042807378e-25
6.244907500000000000e+05 2.985887258683310872e-26
7.857830000000000000e+05 2.412047359913588115e-27
9.925680000000000000e+05 1.639863347153123935e-28
1.248981500000000000e+06 7.246636211140201698e-30
1.571566000000000000e+06 1.386015657315219616e-31
1.981000250000000000e+06 7.487016333999062224e-34
2.497963000000000000e+06 6.815846828072057953e-37
3.147267500000000000e+06 2.941495995441154544e-41
3.970272000000000000e+06 2.258735809408847423e-48
5.004197000000000000e+06 5.716786636184766176e-61
6.286264000000000000e+06 2.804111606733031844e-83
7.940544000000000000e+06 1.769910513706303479e-122
1.000839400000000000e+07 9.999999999999999821e-201
