1.211760009765625000e+03 2.839651181780946957e-12
1.526073364257812500e+03 1.829545147012269714e-12
1.923100463867187500e+03 1.169313824212514948e-12
2.423520019531250000e+03 7.472766267844598052e-13
3.056282226562500000e+03 4.775070679825615542e-13
3.850336669921875000e+03 3.029894541110298770e-13
4.838769042968750000e+03 1.918141790835774564e-13
6.120835937500000000e+03 1.203105085801604485e-13
7.692401855468750000e+03 7.569516643490457818e-14
9.718894531250000000e+03 4.714194272141871792e-14
1.224167187500000000e+04 2.935949560963622302e-14
1.542616113281250000e+04 1.801587568387843423e-14
1.943778906250000000e+04 1.095153959731270010e-14
2.448334375000000000e+04 6.513434554273462837e-15
3.085232226562500000e+04 3.689040727727192684e-15
3.891693750000000000e+04 1.997074939024703875e-15
4.921482812500000000e+04 1.013995594750625600e-15
6.162192968750000000e+04 4.897508892005604286e-16
7.775115625000000000e+04 2.112551199071272787e-16
9.801609375000000000e+04 7.891264672345490310e-17
1.236574296875000000e+05 2.414927004253457636e-17
1.559158906250000000e+05 5.817602817239199015e-18
1.964457500000000000e+05 1.064771436202373007e-18
2.473148593750000000e+05 1.460742288047476785e-19
3.118317812500000000e+05 1.507022132706160772e-20
3.928915000000000000e+05 1.292561142550462904e-21
4.962840000000000000e+05 1.012129847528099688e-22
6.244907500000000000e+05 9.035687029394671221e-24
7.857830000000000000e+05 9.914114050012592454e-25
9.925680000000000000e+05 1.293326522403441954e-25
1.248981500000000000e+06 1.804905672460483277e-26
1.571566000000000000e+06 2.040410158192023263e-27
1.981000250000000000e+06 1.408309346786756577e-28
2.497963000000000000e+06 4.573558467949651593e-30
3.147267500000000000e+06 5.202054902852707548e-32
3.970272000000000000e+06 1.025428956170615636e-34
5.004197000000000000e+06 7.203192433849977747e-39
6.286264000000000000e+06 7.385113876189396710e-46
7.940544000000000000e+06 1.405327762694445043e-58
1.000839400000000000e+07 9.999999999999999821e-201
