1.211760009765625000e+03 2.652832025084832132e-12
1.526073364257812500e+03 1.522972716972375814e-12
1.923100463867187500e+03 8.554040705479252224e-13
2.423520019531250000e+03 4.776240167480180773e-13
3.056282226562500000e+03 2.606676528998100215e-13
3.850336669921875000e+03 1.401754863303894185e-13
4.838769042968750000e+03 7.305126154154980110e-14
6.120835937500000000e+03 3.687650306872096915e-14
7.692401855468750000e+03 1.781143113079924999e-14
9.718894531250000000e+03 7.870162717765399609e-15
1.224167187500000000e+04 3.130014618329308279e-15
1.542616113281250000e+04 4.595803203537927120e-18
1.943778906250000000e+04 2.828766059071098619e-18
2.448334375000000000e+04 1.568168583967436963e-18
3.085232226562500000e+04 7.752757073445945166e-19
3.891693750000000000e+04 3.337670823556395344e-19
4.921482812500000000e+04 1.194001954256589814e-19
6.162192968750000000e+04 3.607233837030670802e-20
7.775115625000000000e+04 7.951324359437964816e-21
9.801609375000000000e+04 1.269489265526929393e-21
1.236574296875000000e+05 1.385011245822224333e-22
1.559158906250000000e+05 1.025021020789531939e-23
1.964457500000000000e+05 5.308802884994601559e-25
2.473148593750000000e+05 2.115421016097894428e-26
3.118317812500000000e+05 7.213209191870894192e-28
3.928915000000000000e+05 2.504443424153383615e-29
4.962840000000000000e+05 8.602754714985936236e-31
6.244907500000000000e+05 2.517761850173274391e-32
7.857830000000000000e+05 4.227316126524579806e-34
9.925680000000000000e+05 2.522529145896139745e-36
1.248981500000000000e+06 3.835112954375154933e-39
1.571566000000000000e+06 7.286201410529436970e-43
1.981000250000000000e+06 4.111089776749809465e-48
2.497963000000000000e+06 2.244813986446402681e-56
3.147267500000000000e+06 9.799244505098524089e-71
3.970272000000000000e+06 8.371765323829950725e-97
5.004197000000000000e+06 3.353525619552657285e-142
6.286264000000000000e+06 9.999999999999999821e-201
7.940544000000000000e+06 9.999999999999999821e-201
1.000839400000000000e+07 9.999999999999999821e-201
