1.211760009765625000e+03 7.373129384273337104e-16
1.526073364257812500e+03 4.915048313865395137e-16
1.923100463867187500e+03 3.272507577188175949e-16
2.423520019531250000e+03 2.160779881421325995e-16
3.056282226562500000e+03 1.426582966460803758e-16
3.850336669921875000e+03 9.393404718045148186e-17
4.838769042968750000e+03 6.179377480041732814e-17
6.120835937500000000e+03 4.016544298593224297e-17
7.692401855468750000e+03 2.568254850019606323e-17
9.718894531250000000e+03 1.578452212536249896e-17
1.224167187500000000e+04 8.964866492796619240e-18
1.542616113281250000e+04 4.643922350907699589e-18
1.943778906250000000e+04 2.165626352031420233e-18
2.448334375000000000e+04 9.092255627834357248e-19
3.085232226562500000e+04 3.403946810091719952e-19
3.891693750000000000e+04 1.104879687896264023e-19
4.921482812500000000e+04 2.969173793224338132e-20
6.162192968750000000e+04 6.731776422893329773e-21
7.775115625000000000e+04 1.114198081254050770e-21
9.801609375000000000e+04 1.339108697151665902e-22
1.236574296875000000e+05 1.100866832681333363e-23
1.559158906250000000e+05 6.217250933971034927e-25
1.964457500000000000e+05 2.495759121900518566e-26
2.473148593750000000e+05 7.865098163529480317e-28
3.118317812500000000e+05 2.161586812288874685e-29
3.928915000000000000e+05 6.039945703263688935e-31
4.962840000000000000e+05 1.595241190055496623e-32
6.244907500000000000e+05 3.353737573228050685e-34
7.857830000000000000e+05 3.824914420476016171e-36
9.925680000000000000e+05 1.462865603908036543e-38
1.248981500000000000e+06 1.344388176928291342e-41
1.571566000000000000e+06 1.315448785477749294e-45
1.981000250000000000e+06 2.287662218655869681e-51
2.497963000000000000e+06 1.244259863844478762e-60
3.147267500000000000e+06 6.831700200347144648e-77
3.970272000000000000e+06 2.852123461155023035e-106
5.004197000000000000e+06 9.306111864291043633e-157
6.286264000000000000e+06 9.999999999999999821e-201
7.940544000000000000e+06 9.999999999999999821e-201
1.000839400000000000e+07 9.999999999999999821e-201
