1.211760009765625000e+03 7.896223023022458827e-15
1.526073364257812500e+03 5.399630541992968372e-15
1.923100463867187500e+03 3.688437796830797894e-15
2.423520019531250000e+03 2.503266606142286337e-15
3.056282226562500000e+03 1.698077994679988063e-15
3.850336669921875000e+03 1.142864240695492929e-15
4.838769042968750000e+03 7.700932738946480584e-16
6.120835937500000000e+03 5.087622778218086000e-16
7.692401855468750000e+03 3.304739696716405914e-16
9.718894531250000000e+03 2.039416133011437626e-16
1.224167187500000000e+04 1.170171354507433371e-16
1.542616113281250000e+04 6.102394679247962275e-17
1.943778906250000000e+04 2.874756008234324930e-17
2.448334375000000000e+04 1.218255076263857240e-17
3.085232226562500000e+04 4.593277623256298075e-18
3.891693750000000000e+04 1.504865806363160600e-18
4.921482812500000000e+04 4.089411524733886321e-19
6.162192968750000000e+04 9.363289024569812662e-20
7.775115625000000000e+04 1.567431199052308834e-20
9.801609375000000000e+04 1.895498930475245372e-21
1.236574296875000000e+05 1.578233866321911398e-22
1.559158906250000000e+05 9.069709046216099211e-24
1.964457500000000000e+05 3.660916060333624685e-25
2.473148593750000000e+05 1.171998469610317355e-26
3.118317812500000000e+05 3.257253522187593218e-28
3.928915000000000000e+05 9.238615173335288414e-30
4.962840000000000000e+05 2.469262225220002709e-31
6.244907500000000000e+05 5.265367989968038857e-33
7.857830000000000000e+05 6.089666379968395563e-35
9.925680000000000000e+05 2.353305536721623552e-37
1.248981500000000000e+06 2.180930993858177820e-40
1.571566000000000000e+06 2.154791302264643382e-44
1.981000250000000000e+06 3.794998977134631041e-50
2.497963000000000000e+06 2.083411865041917814e-59
3.147267500000000000e+06 1.149591318853595543e-75
3.970272000000000000e+06 4.838995984656274881e-105
5.004197000000000000e+06 1.595333462449893460e-155
6.286264000000000000e+06 9.999999999999999821e-201
7.940544000000000000e+06 9.999999999999999821e-201
1.000839400000000000e+07 9.999999999999999821e-201
