1.211760009765625000e+03 3.499745535440553510e-16
1.526073364257812500e+03 2.324016808366937159e-16
1.923100463867187500e+03 1.538157038678374902e-16
2.423520019531250000e+03 1.015006111445752836e-16
3.056282226562500000e+03 6.663968874470881751e-17
3.850336669921875000e+03 4.383588868421068455e-17
4.838769042968750000e+03 2.887849777104930959e-17
6.120835937500000000e+03 1.871953070071629980e-17
7.692401855468750000e+03 1.197259981553257694e-17
9.718894531250000000e+03 7.291611105698426329e-18
1.224167187500000000e+04 4.148789347799082414e-18
1.542616113281250000e+04 2.148042927095282289e-18
1.943778906250000000e+04 9.976480947560474084e-19
2.448334375000000000e+04 4.179936771931709308e-19
3.085232226562500000e+04 1.558433479319100878e-19
3.891693750000000000e+04 5.049005101959188689e-20
4.921482812500000000e+04 1.359511810084403467e-20
6.162192968750000000e+04 3.059898374042422043e-21
7.775115625000000000e+04 5.067398053161079476e-22
9.801609375000000000e+04 6.063710508933247987e-23
1.236574296875000000e+05 4.978256207966030415e-24
1.559158906250000000e+05 2.797070576084964252e-25
1.964457500000000000e+05 1.119395487678934972e-26
2.473148593750000000e+05 3.530115872320233522e-28
3.118317812500000000e+05 9.618069761101873700e-30
3.928915000000000000e+05 2.680449276596311600e-31
4.962840000000000000e+05 7.089960844691097165e-33
6.244907500000000000e+05 1.482352007366798425e-34
7.857830000000000000e+05 1.688498405354873082e-36
9.925680000000000000e+05 6.423888086726592939e-39
1.248981500000000000e+06 5.857357526361964009e-42
1.571566000000000000e+06 5.705066495519722885e-46
1.981000250000000000e+06 9.887353656902486449e-52
2.497963000000000000e+06 5.353211042121595044e-61
3.147267500000000000e+06 2.908273980870671629e-77
3.970272000000000000e+06 1.209748996164068623e-106
5.004197000000000000e+06 3.921861428522654990e-157
6.286264000000000000e+06 9.999999999999999821e-201
7.940544000000000000e+06 9.999999999999999821e-201
1.000839400000000000e+07 9.999999999999999821e-201
