1.211760009765625000e+03 6.003122235168494284e-17
1.526073364257812500e+03 2.333906241594030689e-17
1.923100463867187500e+03 8.083172193054724643e-18
2.423520019531250000e+03 2.490812543425160348e-18
3.056282226562500000e+03 6.417155212453442718e-19
3.850336669921875000e+03 1.385527195911658866e-19
4.838769042968750000e+03 2.595959584580346291e-21
6.120835937500000000e+03 1.769713760652893546e-21
7.692401855468750000e+03 1.189706290817905846e-21
9.718894531250000000e+03 7.598920386015218948e-22
1.224167187500000000e+04 4.525952015780817701e-22
1.542616113281250000e+04 2.447060266378432546e-22
1.943778906250000000e+04 1.188835011869575489e-22
2.448334375000000000e+04 5.180263520770067976e-23
3.085232226562500000e+04 2.001356678704529037e-23
3.891693750000000000e+04 6.688292472725159396e-24
4.921482812500000000e+04 1.848936061714789356e-24
6.162192968750000000e+04 4.283857723659390530e-25
7.775115625000000000e+04 7.302089120083046156e-26
9.801609375000000000e+04 9.043698877242587295e-27
1.236574296875000000e+05 7.706067828769334477e-28
1.559158906250000000e+05 4.514084197048011241e-29
1.964457500000000000e+05 1.890299927306880934e-30
2.473148593750000000e+05 6.227124398772892489e-32
3.118317812500000000e+05 1.794711986349938017e-33
3.928915000000000000e+05 5.307289567660696722e-35
4.962840000000000000e+05 1.485224556258565877e-36
6.244907500000000000e+05 3.336968885361910431e-38
7.857830000000000000e+05 4.076553527086280441e-40
9.925680000000000000e+05 1.679115301877050813e-42
1.248981500000000000e+06 1.666854402448750488e-45
1.571566000000000000e+06 1.783346325398071891e-49
1.981000250000000000e+06 3.407259618040416308e-55
2.497963000000000000e+06 2.050858554650638097e-64
3.147267500000000000e+06 1.253850197413110193e-80
3.970272000000000000e+06 5.864478577431115752e-110
5.004197000000000000e+06 2.164040298601012625e-160
6.286264000000000000e+06 9.999999999999999821e-201
7.940544000000000000e+06 9.999999999999999821e-201
1.000839400000000000e+07 9.999999999999999821e-201
