1.211760009765625000e+03 5.019208009902287870e-15
1.526073364257812500e+03 2.937161668446724082e-15
1.923100463867187500e+03 1.695112657918813514e-15
2.423520019531250000e+03 9.590050043733901217e-16
3.056282226562500000e+03 5.283684359109076768e-16
3.850336669921875000e+03 2.845568902909471871e-16
4.838769042968750000e+03 1.481134276778991820e-16
6.120835937500000000e+03 7.389619624662211958e-17
7.692401855468750000e+03 3.521430002380484452e-17
9.718894531250000000e+03 1.586938949956909495e-17
1.224167187500000000e+04 1.289190640827108297e-21
1.542616113281250000e+04 9.829651888962188693e-22
1.943778906250000000e+04 7.105611340993923410e-22
2.448334375000000000e+04 4.786715900674526089e-22
3.085232226562500000e+04 2.965945101578342368e-22
3.891693750000000000e+04 1.675736534881092987e-22
4.921482812500000000e+04 8.457249088784329245e-23
6.162192968750000000e+04 3.815782357988452033e-23
7.775115625000000000e+04 1.380234702851264334e-23
9.801609375000000000e+04 3.875083604425799013e-24
1.236574296875000000e+05 7.882054667662900575e-25
1.559158906250000000e+05 1.119757474268893527e-25
1.964457500000000000e+05 1.093493649882319980e-26
2.473148593750000000e+05 7.513707137691229591e-28
3.118317812500000000e+05 3.886432901304039027e-29
3.928915000000000000e+05 1.809956423532875735e-30
4.962840000000000000e+05 8.723905418144793114e-32
6.244907500000000000e+05 5.351005637058580058e-33
7.857830000000000000e+05 3.802762952941122598e-34
9.925680000000000000e+05 2.249803758297603719e-35
1.248981500000000000e+06 8.711735979497406954e-37
1.571566000000000000e+06 1.461660527520539756e-38
1.981000250000000000e+06 6.870657006468563457e-41
2.497963000000000000e+06 5.111174935182197102e-44
3.147267500000000000e+06 1.526693688503401551e-48
3.970272000000000000e+06 5.472038294543894004e-56
5.004197000000000000e+06 3.008349695705743569e-69
6.286264000000000000e+06 1.006470576355887775e-92
7.940544000000000000e+06 7.702949159826917514e-134
1.000839400000000000e+07 9.999999999999999821e-201
