1.211760009765625000e+03 4.010384563743268143e-12
1.526073364257812500e+03 2.314127375139843662e-12
1.923100463867187500e+03 1.326268699945738102e-12
2.423520019531250000e+03 7.535039320076636327e-13
3.056282226562500000e+03 4.207197744789477240e-13
3.850336669921875000e+03 2.320429688895945398e-13
4.838769042968750000e+03 1.256870256096141803e-13
6.120835937500000000e+03 6.630457910822031370e-14
7.692401855468750000e+03 3.410031733000195557e-14
9.718894531250000000e+03 1.703050435652445097e-14
1.224167187500000000e+04 8.119720730011442425e-15
1.542616113281250000e+04 3.669911169699413522e-15
1.943778906250000000e+04 1.533714234531953496e-15
2.448334375000000000e+04 1.139923543827311384e-17
3.085232226562500000e+04 8.118327849322932138e-18
3.891693750000000000e+04 5.405123574383279335e-18
4.921482812500000000e+04 3.303322734488734376e-18
6.162192968750000000e+04 1.876261383762171938e-18
7.775115625000000000e+04 9.029984824636549051e-19
9.801609375000000000e+04 3.594886620625689929e-19
1.236574296875000000e+05 1.105054400434705004e-19
1.559158906250000000e+05 2.508997005030437706e-20
1.964457500000000000e+05 4.086181335149662124e-21
2.473148593750000000e+05 4.770333154596581106e-22
3.118317812500000000e+05 4.093849734077783261e-23
3.928915000000000000e+05 2.979333653740921937e-24
4.962840000000000000e+05 2.063979323663429978e-25
6.244907500000000000e+05 1.734735901599435412e-26
7.857830000000000000e+05 1.813311640552606384e-27
9.925680000000000000e+05 2.012149186031975983e-28
1.248981500000000000e+06 1.906146956662867121e-29
1.571566000000000000e+06 1.100432507290909529e-30
1.981000250000000000e+06 2.825582367075322372e-32
2.497963000000000000e+06 2.317513308406369122e-34
3.147267500000000000e+06 3.510601313055461106e-37
3.970272000000000000e+06 2.198030401651063622e-41
5.004197000000000000e+06 2.177769335303387027e-48
6.286264000000000000e+06 1.061260561717185508e-60
7.940544000000000000e+06 4.483605688915976732e-83
1.000839400000000000e+07 9.999999999999999821e-201
