1.211760009765625000e+03 5.230936387491219626e-11
1.526073364257812500e+03 3.560195961753605982e-11
1.923100463867187500e+03 2.424952830078302601e-11
2.423520019531250000e+03 1.650235884149015096e-11
3.056282226562500000e+03 1.120931793506116476e-11
3.850336669921875000e+03 7.604070241004345077e-12
4.838769042968750000e+03 5.145785090652676948e-12
6.120835937500000000e+03 3.450270971721005723e-12
7.692401855468750000e+03 2.311600066777413149e-12
9.718894531250000000e+03 1.544993455458971016e-12
1.224167187500000000e+04 1.021377010563016169e-12
1.542616113281250000e+04 6.609673374641836829e-13
1.943778906250000000e+04 4.133371554986505117e-13
2.448334375000000000e+04 2.453979932470294534e-13
3.085232226562500000e+04 1.361975693226327430e-13
3.891693750000000000e+04 6.983255066013547799e-14
4.921482812500000000e+04 3.269864034677371894e-14
6.162192968750000000e+04 1.399064369327473340e-14
7.775115625000000000e+04 4.993863294180526219e-15
9.801609375000000000e+04 1.426779156913547429e-15
1.236574296875000000e+05 3.094526936009648849e-16
1.559158906250000000e+05 4.849635963007020023e-17
1.964457500000000000e+05 5.380388105737224740e-18
2.473148593750000000e+05 4.260051724377040451e-19
3.118317812500000000e+05 2.507852872363852428e-20
3.928915000000000000e+05 1.278108774686429084e-21
4.962840000000000000e+05 6.414961488580875870e-23
6.244907500000000000e+05 4.007260184850388964e-24
7.857830000000000000e+05 3.169896887790100489e-25
9.925680000000000000e+05 2.537644033893637896e-26
1.248981500000000000e+06 1.636906458181289497e-27
1.571566000000000000e+06 5.932710210755676321e-29
1.981000250000000000e+06 8.374766054241241437e-31
2.497963000000000000e+06 3.125245213836139712e-33
3.147267500000000000e+06 1.486217638598601057e-36
3.970272000000000000e+06 1.208424747516293775e-41
5.004197000000000000e+06 2.596483217608408450e-50
6.286264000000000000e+06 1.291979636307312906e-65
7.940544000000000000e+06 4.086084178102450216e-93
1.000839400000000000e+07 9.999999999999999821e-201
