1.211760009765625000e+03 1.494553253568919893e-10
1.526073364257812500e+03 9.701533995778575800e-11
1.923100463867187500e+03 6.442997648848823089e-11
2.423520019531250000e+03 4.359113656242682483e-11
3.056282226562500000e+03 3.002319517408453440e-11
3.850336669921875000e+03 2.100918375865117758e-11
4.838769042968750000e+03 1.487599689843228660e-11
6.120835937500000000e+03 1.054797125640421835e-11
7.692401855468750000e+03 7.542084963638168359e-12
9.718894531250000000e+03 5.366493784226857476e-12
1.224167187500000000e+04 3.802740182525787876e-12
1.542616113281250000e+04 2.604097676255738174e-12
1.943778906250000000e+04 1.759185817520208116e-12
2.448334375000000000e+04 1.121081358623271732e-12
3.085232226562500000e+04 6.651509199477413442e-13
3.891693750000000000e+04 3.625920899660880564e-13
4.921482812500000000e+04 1.791885491003199531e-13
6.162192968750000000e+04 8.125878912760577023e-14
7.775115625000000000e+04 3.044645685806835998e-14
9.801609375000000000e+04 9.172151723015664807e-15
1.236574296875000000e+05 2.077802540275497736e-15
1.559158906250000000e+05 3.382638887559962186e-16
1.964457500000000000e+05 3.849210462997776137e-17
2.473148593750000000e+05 3.091973025757529097e-18
3.118317812500000000e+05 1.804543579745207383e-19
3.928915000000000000e+05 8.979533442668760275e-21
4.962840000000000000e+05 4.323126220565372879e-22
6.244907500000000000e+05 2.585329151516379323e-23
7.857830000000000000e+05 1.968174784060718896e-24
9.925680000000000000e+05 1.512720849578065230e-25
1.248981500000000000e+06 9.316983299711112418e-27
1.571566000000000000e+06 3.213551364159325403e-28
1.981000250000000000e+06 4.296369708648417525e-30
2.497963000000000000e+06 1.522555360586837022e-32
3.147267500000000000e+06 6.880637215734264232e-36
3.970272000000000000e+06 5.295660898206602191e-41
5.004197000000000000e+06 1.077264313688595010e-49
6.286264000000000000e+06 5.111745517563716867e-65
7.940544000000000000e+06 1.590167759311536532e-92
1.000839400000000000e+07 9.999999999999999821e-201
