1.211760009765625000e+03 6.289578275435869978e-11
1.526073364257812500e+03 4.311792887012699781e-11
1.923100463867187500e+03 2.958599407571262252e-11
2.423520019531250000e+03 2.030101502764449381e-11
3.056282226562500000e+03 1.392523197219052341e-11
3.850336669921875000e+03 9.524685920433274324e-12
4.838769042968750000e+03 6.517994448160056606e-12
6.120835937500000000e+03 4.411417885271857946e-12
7.692401855468750000e+03 2.977654323306498765e-12
9.718894531250000000e+03 1.995036594136208731e-12
1.224167187500000000e+04 1.328521409920868506e-12
1.542616113281250000e+04 8.664543177360000379e-13
1.943778906250000000e+04 5.449185337196741635e-13
2.448334375000000000e+04 3.259918605028959753e-13
3.085232226562500000e+04 1.819486908005197325e-13
3.891693750000000000e+04 9.422917893563152093e-14
4.921482812500000000e+04 4.433935631022515451e-14
6.162192968750000000e+04 1.907815049082918048e-14
7.775115625000000000e+04 6.830316247524331240e-15
9.801609375000000000e+04 1.978307234375927897e-15
1.236574296875000000e+05 4.298901807466546648e-16
1.559158906250000000e+05 6.758156430093483076e-17
1.964457500000000000e+05 7.496390542578541303e-18
2.473148593750000000e+05 5.932007508675557219e-19
3.118317812500000000e+05 3.479530184534349600e-20
3.928915000000000000e+05 1.763134668669997514e-21
4.962840000000000000e+05 8.832193353843232134e-23
6.244907500000000000e+05 5.504249161292936305e-24
7.857830000000000000e+05 4.314844718902345639e-25
9.925680000000000000e+05 3.441988020054438286e-26
1.248981500000000000e+06 2.203131962583622323e-27
1.571566000000000000e+06 7.937746531983290678e-29
1.981000250000000000e+06 1.107075238677095753e-30
2.497963000000000000e+06 4.102886024318213638e-33
3.147267500000000000e+06 1.942633240575640102e-36
3.970272000000000000e+06 1.563346701332268260e-41
5.004197000000000000e+06 3.415940686995459574e-50
6.286264000000000000e+06 1.692212458424252372e-65
7.940544000000000000e+06 5.311909431533185622e-93
1.000839400000000000e+07 9.999999999999999821e-201
