1.211760009765625000e+03 9.565140822841086365e-14
1.526073364257812500e+03 4.252456287650139910e-14
1.923100463867187500e+03 1.773590095785425254e-14
2.423520019531250000e+03 6.787762634743248649e-15
3.056282226562500000e+03 2.370215375878368348e-15
3.850336669921875000e+03 7.446032582223544240e-16
4.838769042968750000e+03 2.190883458236715408e-16
6.120835937500000000e+03 6.787759854580623305e-17
7.692401855468750000e+03 2.318436773443474167e-17
9.718894531250000000e+03 1.642618899369154141e-17
1.224167187500000000e+04 1.126653533962794729e-17
1.542616113281250000e+04 7.342609281214329539e-18
1.943778906250000000e+04 4.436010605563320619e-18
2.448334375000000000e+04 2.453765086900861984e-18
3.085232226562500000e+04 1.233583815705347580e-18
3.891693750000000000e+04 5.560374588925049871e-19
4.921482812500000000e+04 2.171664477626971678e-19
6.162192968750000000e+04 7.348151795565420828e-20
7.775115625000000000e+04 1.907351270568862276e-20
9.801609375000000000e+04 3.696215770503863464e-21
1.236574296875000000e+05 4.987186751321856908e-22
1.559158906250000000e+05 4.597150293474359093e-23
1.964457500000000000e+05 2.871044265119085780e-24
2.473148593750000000e+05 1.298899697248057926e-25
3.118317812500000000e+05 4.711742222243219970e-27
3.928915000000000000e+05 1.678004549398100206e-28
4.962840000000000000e+05 6.676273867099123321e-30
6.244907500000000000e+05 3.296548325444805492e-31
7.857830000000000000e+05 1.488378941493067835e-32
9.925680000000000000e+05 4.022371277640332952e-34
1.248981500000000000e+06 4.991358061773121899e-36
1.571566000000000000e+06 1.744296815807170324e-38
1.981000250000000000e+06 9.216614004735986752e-42
2.497963000000000000e+06 2.152603625987831080e-46
3.147267500000000000e+06 1.022620358903849025e-53
3.970272000000000000e+06 1.086445424305069591e-66
5.004197000000000000e+06 3.283530101588412945e-90
6.286264000000000000e+06 1.167603368192931540e-130
7.940544000000000000e+06 8.822367700517154750e-198
1.000839400000000000e+07 9.999999999999999821e-201
