1.211760009765625000e+03 3.288017157851623506e-10
1.526073364257812500e+03 1.849324013466456597e-10
1.923100463867187500e+03 1.043749923625936102e-10
2.423520019531250000e+03 5.965758403829271594e-11
3.056282226562500000e+03 3.436865763349150309e-11
3.850336669921875000e+03 2.046033622067915652e-11
4.838769042968750000e+03 1.263012856906610518e-11
6.120835937500000000e+03 8.082486455403037330e-12
7.692401855468750000e+03 5.405002856530843493e-12
9.718894531250000000e+03 3.692952891956283263e-12
1.224167187500000000e+04 2.516147572309514027e-12
1.542616113281250000e+04 1.748190466235294110e-12
1.943778906250000000e+04 1.160292890577749175e-12
2.448334375000000000e+04 7.260274537473371202e-13
3.085232226562500000e+04 4.248665197711167986e-13
3.891693750000000000e+04 2.264630178603518043e-13
4.921482812500000000e+04 1.101824362513817550e-13
6.162192968750000000e+04 4.852365667072407719e-14
7.775115625000000000e+04 1.756399615710449210e-14
9.801609375000000000e+04 5.060257874222036714e-15
1.236574296875000000e+05 1.084073724466235414e-15
1.559158906250000000e+05 1.654456235001337617e-16
1.964457500000000000e+05 1.757480796047560252e-17
2.473148593750000000e+05 1.307677804963214948e-18
3.118317812500000000e+05 7.138969341428901253e-20
3.928915000000000000e+05 3.414299491811575285e-21
4.962840000000000000e+05 1.632580585053424204e-22
6.244907500000000000e+05 9.864891772567394012e-24
7.857830000000000000e+05 7.300563147105542248e-25
9.925680000000000000e+05 5.159330027643147358e-26
1.248981500000000000e+06 2.814638593054903511e-27
1.571566000000000000e+06 8.006628731447198678e-29
1.981000250000000000e+06 8.064038169235676769e-31
2.497963000000000000e+06 1.868400776923217521e-33
3.147267500000000000e+06 4.104669231222147273e-37
3.970272000000000000e+06 7.666638288719096003e-43
5.004197000000000000e+06 9.291247159894417548e-53
6.286264000000000000e+06 2.504805905042290521e-70
7.940544000000000000e+06 1.034112299819053081e-101
1.000839400000000000e+07 9.999999999999999821e-201
