1.211760009765625000e+03 1.531917084908142858e-11
1.526073364257812500e+03 1.068058788526081665e-11
1.923100463867187500e+03 7.525986282859900265e-12
2.423520019531250000e+03 5.336708684277880933e-12
3.056282226562500000e+03 3.796571309867491438e-12
3.850336669921875000e+03 2.694131578272692487e-12
4.838769042968750000e+03 1.902924224689666461e-12
6.120835937500000000e+03 1.324626653168022245e-12
7.692401855468750000e+03 9.079090830721609419e-13
9.718894531250000000e+03 5.944739576718991909e-13
1.224167187500000000e+04 3.648802578061379225e-13
1.542616113281250000e+04 2.044761430665061463e-13
1.943778906250000000e+04 1.025546362951297658e-13
2.448334375000000000e+04 4.602863949049536454e-14
3.085232226562500000e+04 1.835557991644497071e-14
3.891693750000000000e+04 6.315168271669547528e-15
4.921482812500000000e+04 1.800366155118460095e-15
6.162192968750000000e+04 4.308344244283216564e-16
7.775115625000000000e+04 7.454168562445158544e-17
9.801609375000000000e+04 9.229845236750161129e-18
1.236574296875000000e+05 7.707377810630109470e-19
1.559158906250000000e+05 4.303053006288872658e-20
1.964457500000000000e+05 1.674101737597057774e-21
2.473148593750000000e+05 5.035038513879753521e-23
3.118317812500000000e+05 1.304334364341501213e-24
3.928915000000000000e+05 3.444809136085490579e-26
4.962840000000000000e+05 9.245070322726507471e-28
6.244907500000000000e+05 2.198955032836920619e-29
7.857830000000000000e+05 3.133623359491337857e-31
9.925680000000000000e+05 1.681440620761328912e-33
1.248981500000000000e+06 2.490117843054221869e-36
1.571566000000000000e+06 5.131782224732300492e-40
1.981000250000000000e+06 3.570036509424519705e-45
2.497963000000000000e+06 3.246650022645447257e-53
3.147267500000000000e+06 4.249531548167488210e-67
3.970272000000000000e+06 2.601676996949682853e-92
5.004197000000000000e+06 2.376095187035456922e-136
6.286264000000000000e+06 9.999999999999999821e-201
7.940544000000000000e+06 9.999999999999999821e-201
1.000839400000000000e+07 9.999999999999999821e-201
