1.211760009765625000e+03 2.466012868388717113e-09
1.526073364257812500e+03 1.414188951474348660e-09
1.923100463867187500e+03 8.083176100261009186e-10
2.423520019531250000e+03 4.564614728608408823e-10
3.056282226562500000e+03 2.552957913625252870e-10
3.850336669921875000e+03 1.407109271979777406e-10
4.838769042968750000e+03 7.670797098378012326e-11
6.120835937500000000e+03 4.064428815573399341e-11
7.692401855468750000e+03 2.113042580575296933e-11
9.718894531250000000e+03 1.063361978640706415e-11
1.224167187500000000e+04 5.112494722870540300e-12
1.542616113281250000e+04 2.319580570296924502e-12
1.943778906250000000e+04 9.624987840201817177e-13
2.448334375000000000e+04 3.624840380328351716e-13
3.085232226562500000e+04 2.517423295424720335e-14
3.891693750000000000e+04 1.421279508379502860e-14
4.921482812500000000e+04 7.116509908870378954e-15
6.162192968750000000e+04 3.160660983947316583e-15
7.775115625000000000e+04 1.119420764974729645e-15
9.801609375000000000e+04 3.064126333645057168e-16
1.236574296875000000e+05 6.080838434002578132e-17
1.559158906250000000e+05 8.454694523911127998e-18
1.964457500000000000e+05 8.129968677647269669e-19
2.473148593750000000e+05 5.547453457998170830e-20
3.118317812500000000e+05 2.886478546597625392e-21
3.928915000000000000e+05 1.368830714076974842e-22
4.962840000000000000e+05 6.856084598207817459e-24
6.244907500000000000e+05 4.445869188654611324e-25
7.857830000000000000e+05 3.432106062999944936e-26
9.925680000000000000e+05 2.231402253290621106e-27
1.248981500000000000e+06 9.503914545135653453e-29
1.571566000000000000e+06 1.785486772133535509e-30
1.981000250000000000e+06 9.481435274971716914e-33
2.497963000000000000e+06 8.072517131252300146e-36
3.147267500000000000e+06 2.880380675722646697e-40
3.970272000000000000e+06 1.357814921930877912e-47
5.004197000000000000e+06 1.247419023461936707e-60
6.286264000000000000e+06 1.181911001548361674e-83
7.940544000000000000e+06 5.170499395987785550e-124
1.000839400000000000e+07 9.999999999999999821e-201
