1.211760009765625000e+03 2.366375984817456067e-12
1.526073364257812500e+03 1.592198749562029178e-12
1.923100463867187500e+03 1.067293154985919787e-12
2.423520019531250000e+03 7.161401006684405667e-13
3.056282226562500000e+03 4.750380552215348527e-13
3.850336669921875000e+03 3.155324052569220099e-13
4.838769042968750000e+03 2.095947144668850074e-13
6.120835937500000000e+03 1.375793488746801836e-13
7.692401855468750000e+03 9.062341982617851254e-14
9.718894531250000000e+03 5.896976489531819403e-14
1.224167187500000000e+04 3.839854849436573947e-14
1.542616113281250000e+04 2.473719307229629145e-14
1.943778906250000000e+04 1.579158256402506539e-14
2.448334375000000000e+04 9.897190293393200132e-15
3.085232226562500000e+04 6.077041783542900852e-15
3.891693750000000000e+04 3.573050954144680497e-15
4.921482812500000000e+04 2.018236932902295785e-15
6.162192968750000000e+04 1.099244164855873860e-15
7.775115625000000000e+04 5.507826392325112755e-16
9.801609375000000000e+04 2.489157403659502938e-16
1.236574296875000000e+05 9.691261020230646499e-17
1.559158906250000000e+05 3.107799651934683216e-17
1.964457500000000000e+05 7.926152957658331640e-18
2.473148593750000000e+05 1.567288077671863929e-18
3.118317812500000000e+05 2.408348699457668523e-19
3.928915000000000000e+05 3.024732535065043843e-20
4.962840000000000000e+05 3.360402650056259627e-21
6.244907500000000000e+05 3.962127729752302523e-22
7.857830000000000000e+05 5.433874734712384571e-23
9.925680000000000000e+05 8.917385891628489026e-24
1.248981500000000000e+06 1.715899984284618219e-24
1.571566000000000000e+06 3.108113428139133138e-25
1.981000250000000000e+06 4.213195624454089406e-26
2.497963000000000000e+06 3.451862696189658414e-27
3.147267500000000000e+06 1.395060955437818073e-28
3.970272000000000000e+06 1.944284823421267034e-30
5.004197000000000000e+06 4.315862371284433633e-33
6.286264000000000000e+06 2.724114552739410256e-37
7.940544000000000000e+06 8.928878042393996253e-45
1.000839400000000000e+07 9.999999999999999821e-201
