1.211760009765625000e+03 2.453558257942309393e-10
1.526073364257812500e+03 1.453746684382722297e-10
1.923100463867187500e+03 8.710995603193903061e-11
2.423520019531250000e+03 5.380391712848110193e-11
3.056282226562500000e+03 3.412175635738883133e-11
3.850336669921875000e+03 2.230284951443336802e-11
4.838769042968750000e+03 1.506462010230736109e-11
6.120835937500000000e+03 1.038009065882443833e-11
7.692401855468750000e+03 7.316566146139521013e-12
9.718894531250000000e+03 5.183131967114810618e-12
1.224167187500000000e+04 3.679860897376716390e-12
1.542616113281250000e+04 2.600326988308310520e-12
1.943778906250000000e+04 1.824464393319401191e-12
2.448334375000000000e+04 1.258016356569858426e-12
3.085232226562500000e+04 8.389945745936095154e-13
3.891693750000000000e+04 5.376272931002743222e-13
4.921482812500000000e+04 3.249903112491444754e-13
6.162192968750000000e+04 1.899133403411319302e-13
7.775115625000000000e+04 1.016204131425297428e-13
9.801609375000000000e+04 4.867814829119167644e-14
1.236574296875000000e+05 1.992891361133483310e-14
1.559158906250000000e+05 6.662934102253903826e-15
1.964457500000000000e+05 1.754527062471941471e-15
2.473148593750000000e+05 3.568291095076823463e-16
3.118317812500000000e+05 5.521579945098070218e-17
3.928915000000000000e+05 6.903582749883063256e-18
4.962840000000000000e+05 7.535164716699970263e-19
6.244907500000000000e+05 8.756083380668072049e-20
7.857830000000000000e+05 1.162503763538712968e-20
9.925680000000000000e+05 1.844875572989369577e-21
1.248981500000000000e+06 3.401430057342959668e-22
1.571566000000000000e+06 5.841755358912104178e-23
1.981000250000000000e+06 7.451436889530372139e-24
2.497963000000000000e+06 5.615658311207294205e-25
3.147267500000000000e+06 2.124347137793851486e-26
3.970272000000000000e+06 2.776945932582114794e-28
5.004197000000000000e+06 5.767561532534650577e-31
6.286264000000000000e+06 3.408041185129304726e-35
7.940544000000000000e+06 1.042593543872352761e-42
1.000839400000000000e+07 9.999999999999999821e-201
