1.211760009765625000e+03 2.117283775889302966e-12
1.526073364257812500e+03 1.443857251155628969e-12
1.923100463867187500e+03 9.888157171193079076e-13
2.423520019531250000e+03 6.725489641060139761e-13
3.056282226562500000e+03 4.597301761031694452e-13
3.850336669921875000e+03 3.127886452112096525e-13
4.838769042968750000e+03 2.127140869721806366e-13
6.120835937500000000e+03 1.432542612594529736e-13
7.692401855468750000e+03 9.671581840467736350e-14
9.718894531250000000e+03 6.457905024994669826e-14
1.224167187500000000e+04 4.311288089135195850e-14
1.542616113281250000e+04 2.860340924055670626e-14
1.943778906250000000e+04 1.883246171079845388e-14
2.448334375000000000e+04 1.225180199052678283e-14
3.085232226562500000e+04 7.808102442635571231e-15
3.891693750000000000e+04 4.856124795810730137e-15
4.921482812500000000e+04 2.891549929265727315e-15
6.162192968750000000e+04 1.688961411218349400e-15
7.775115625000000000e+04 9.287263674114401768e-16
9.801609375000000000e+04 4.763524348102681992e-16
1.236574296875000000e+05 2.194333516884536598e-16
1.559158906250000000e+05 8.741528992529846755e-17
1.964457500000000000e+05 2.911775496732387410e-17
2.473148593750000000e+05 7.938144505759997322e-18
3.118317812500000000e+05 1.738298569498972183e-18
3.928915000000000000e+05 3.171890775003667978e-19
4.962840000000000000e+05 5.002363346083847119e-20
6.244907500000000000e+05 8.010644601608961674e-21
7.857830000000000000e+05 1.399164045438860872e-21
9.925680000000000000e+05 2.819063413002011841e-22
1.248981500000000000e+06 6.834758060365628273e-23
1.571566000000000000e+06 1.724804948706855649e-23
1.981000250000000000e+06 3.810525772994451907e-24
2.497963000000000000e+06 6.146831511563010828e-25
3.147267500000000000e+06 6.180140472340474012e-26
3.970272000000000000e+06 3.139011275207964913e-27
5.004197000000000000e+06 5.559734204194160506e-29
6.286264000000000000e+06 1.461309113388253612e-31
7.940544000000000000e+06 5.889671759183446574e-36
1.000839400000000000e+07 9.999999999999999821e-201
