1.211760009765625000e+03 1.656463189372219408e-11
1.526073364257812500e+03 9.988327559364282211e-12
1.923100463867187500e+03 6.238956310395632929e-12
2.423520019531250000e+03 4.047748395082491108e-12
3.056282226562500000e+03 2.710976011607304044e-12
3.850336669921875000e+03 1.853997859459926622e-12
4.838769042968750000e+03 1.288136626385785689e-12
6.120835937500000000e+03 8.925652766940100570e-13
7.692401855468750000e+03 6.218846741233817592e-13
9.718894531250000000e+03 4.284571603121464595e-13
1.224167187500000000e+04 2.956311832549848294e-13
1.542616113281250000e+04 2.030549188408121176e-13
1.943778906250000000e+04 1.381561740259394719e-13
2.448334375000000000e+04 9.279830220547512621e-14
3.085232226562500000e+04 6.114779021341111221e-14
3.891693750000000000e+04 3.927747996611619973e-14
4.921482812500000000e+04 2.428901940583210519e-14
6.162192968750000000e+04 1.463133986572300448e-14
7.775115625000000000e+04 8.251027838787829118e-15
9.801609375000000000e+04 4.316943940468057577e-15
1.236574296875000000e+05 2.013455699874531445e-15
1.559158906250000000e+05 8.074600350048005180e-16
1.964457500000000000e+05 2.691641266738874221e-16
2.473148593750000000e+05 7.351412085769040771e-17
3.118317812500000000e+05 1.613448395999046174e-17
3.928915000000000000e+05 2.926180926235777946e-18
4.962840000000000000e+05 4.638555102732295006e-19
6.244907500000000000e+05 7.408906039985752217e-20
7.857830000000000000e+05 1.290221501442858239e-20
9.925680000000000000e+05 2.593538339961850630e-21
1.248981500000000000e+06 6.239647200228253070e-22
1.571566000000000000e+06 1.567454321807282794e-22
1.981000250000000000e+06 3.416950341041973369e-23
2.497963000000000000e+06 5.481251029419246630e-24
3.147267500000000000e+06 5.427775545272937327e-25
3.970272000000000000e+06 2.691655177304076091e-26
5.004197000000000000e+06 4.659409967454871830e-28
6.286264000000000000e+06 1.183287425922275059e-30
7.940544000000000000e+06 4.661857451080056259e-35
1.000839400000000000e+07 9.999999999999999821e-201
