1.211760009765625000e+03 3.437472483208515432e-14
1.526073364257812500e+03 2.304237941912750685e-14
1.923100463867187500e+03 1.538157782185590233e-14
2.423520019531250000e+03 1.021278056605428436e-14
3.056282226562500000e+03 6.715687828232417976e-15
3.850336669921875000e+03 4.428831500232320671e-15
4.838769042968750000e+03 2.914867628341778883e-15
6.120835937500000000e+03 1.890515659522501896e-15
7.692401855468750000e+03 1.230447764019621529e-15
9.718894531250000000e+03 7.894509224335221696e-16
1.224167187500000000e+04 4.984878693797575506e-16
1.542616113281250000e+04 3.030461587671022729e-16
1.943778906250000000e+04 1.730505848033606321e-16
2.448334375000000000e+04 9.170777890967282635e-17
3.085232226562500000e+04 4.444780239029526598e-17
3.891693750000000000e+04 1.968967447578375922e-17
4.921482812500000000e+04 7.668734202352240984e-18
6.162192968750000000e+04 2.628357392843044539e-18
7.775115625000000000e+04 7.101923590611456724e-19
9.801609375000000000e+04 1.463155186848321314e-19
1.236574296875000000e+05 2.151601345401794635e-20
1.559158906250000000e+05 2.190562417424321016e-21
1.964457500000000000e+05 1.527799070849416955e-22
2.473148593750000000e+05 7.655501426019511336e-24
3.118317812500000000e+05 2.988937827831436087e-25
3.928915000000000000e+05 1.103776049762247146e-26
4.962840000000000000e+05 4.462977942522685588e-28
6.244907500000000000e+05 2.320086777903985999e-29
7.857830000000000000e+05 1.262458377659680976e-30
9.925680000000000000e+05 4.830484968833012417e-32
1.248981500000000000e+06 1.001055794586494511e-33
1.571566000000000000e+06 7.230597976438721640e-36
1.981000250000000000e+06 1.091698491595450281e-38
2.497963000000000000e+06 1.484867396776820018e-42
3.147267500000000000e+06 2.191414783089600603e-48
3.970272000000000000e+06 2.207125147838717874e-58
5.004197000000000000e+06 1.973157620500735994e-76
6.286264000000000000e+06 5.424845285409961103e-108
7.940544000000000000e+06 8.452135903099273111e-162
1.000839400000000000e+07 9.999999999999999821e-201
