1.211760009765625000e+03 1.245461044640766276e-10
1.526073364257812500e+03 6.952271558646623943e-11
1.923100463867187500e+03 3.806155736530669746e-11
2.423520019531250000e+03 2.055010723657264691e-11
3.056282226562500000e+03 1.081423260575661317e-11
3.850336669921875000e+03 5.604627473745325617e-12
4.838769042968750000e+03 2.840047496705197823e-12
6.120835937500000000e+03 1.410501917846866390e-12
7.692401855468750000e+03 6.992068246333723795e-13
9.718894531250000000e+03 3.495044860482389456e-13
1.224167187500000000e+04 1.827788854392444388e-13
1.542616113281250000e+04 7.611597964354994312e-14
1.943778906250000000e+04 5.266485306470506945e-14
2.448334375000000000e+04 3.357159763657665792e-14
3.085232226562500000e+04 1.950764660462959864e-14
3.891693750000000000e+04 1.021147255571682113e-14
4.921482812500000000e+04 4.673961276778478719e-15
6.162192968750000000e+04 1.871276187295863115e-15
7.775115625000000000e+04 5.835462593657425883e-16
9.801609375000000000e+04 1.369004331346777080e-16
1.236574296875000000e+05 2.261328243282595453e-17
1.559158906250000000e+05 2.545284172518599803e-18
1.964457500000000000e+05 1.936331423127832160e-19
2.473148593750000000e+05 1.034036922471829678e-20
3.118317812500000000e+05 4.243553706180434899e-22
3.928915000000000000e+05 1.615282024042313303e-23
4.962840000000000000e+05 6.546338095563252433e-25
6.244907500000000000e+05 3.342778381858809471e-26
7.857830000000000000e+05 1.725923021083502418e-27
9.925680000000000000e+05 6.178527285716642106e-29
1.248981500000000000e+06 1.194922233678949675e-30
1.571566000000000000e+06 8.033997751598580453e-33
1.981000250000000000e+06 1.120810451371329044e-35
2.497963000000000000e+06 1.416123535814930273e-39
3.147267500000000000e+06 1.976791685776702027e-45
3.970272000000000000e+06 1.839936153984898724e-55
5.004197000000000000e+06 1.524024555987780527e-73
6.286264000000000000e+06 3.891736835185407506e-105
7.940544000000000000e+06 5.649355085491224124e-159
1.000839400000000000e+07 9.999999999999999821e-201
