1.211760009765625000e+03 1.606644747586588594e-10
1.526073364257812500e+03 9.058720836017506465e-11
1.923100463867187500e+03 5.022556023463151256e-11
2.423520019531250000e+03 2.764923519102501350e-11
3.056282226562500000e+03 1.506095670555077994e-11
3.850336669921875000e+03 8.230858154884769372e-12
4.838769042968750000e+03 4.552219741044052521e-12
6.120835937500000000e+03 2.561179307857219202e-12
7.692401855468750000e+03 1.499684231215034399e-12
9.718894531250000000e+03 9.167437015436503952e-13
1.224167187500000000e+04 5.167118635585747876e-13
1.542616113281250000e+04 3.593572889460149011e-13
1.943778906250000000e+04 2.348274657572575377e-13
2.448334375000000000e+04 1.421790462607574180e-13
3.085232226562500000e+04 7.918464704316543328e-14
3.891693750000000000e+04 3.970437662728322606e-14
4.921482812500000000e+04 1.761047853358180166e-14
6.162192968750000000e+04 6.910710991682256583e-15
7.775115625000000000e+04 2.152928787967487927e-15
9.801609375000000000e+04 5.114468178453917419e-16
1.236574296875000000e+05 8.705889423460143812e-17
1.559158906250000000e+05 1.020984879487733842e-17
1.964457500000000000e+05 8.164106385394797730e-19
2.473148593750000000e+05 4.581270295595477454e-20
3.118317812500000000e+05 1.934443659661694807e-21
3.928915000000000000e+05 7.462194862223224725e-23
4.962840000000000000e+05 3.040470997428375958e-24
6.244907500000000000e+05 1.607181400525040777e-25
7.857830000000000000e+05 9.581465310262614157e-27
9.925680000000000000e+05 4.454587822037537484e-28
1.248981500000000000e+06 1.255444622385136541e-29
1.571566000000000000e+06 1.414349731770365568e-31
1.981000250000000000e+06 3.985832313556438019e-34
2.497963000000000000e+06 1.474239746905815118e-37
3.147267500000000000e+06 1.382531882715718406e-42
3.970272000000000000e+06 5.801220264431413809e-51
5.004197000000000000e+06 5.969014526964342970e-66
6.286264000000000000e+06 2.431598681195437377e-92
7.940544000000000000e+06 4.214864504701867805e-138
1.000839400000000000e+07 9.999999999999999821e-201
