1.211760009765625000e+03 6.252214444096648467e-12
1.526073364257812500e+03 3.362403591006135426e-12
1.923100463867187500e+03 1.781343596764566660e-12
2.423520019531250000e+03 9.150583900664740799e-13
3.056282226562500000e+03 4.585090264330965451e-13
3.850336669921875000e+03 2.219470922478950556e-13
4.838769042968750000e+03 1.048752301147568873e-13
6.120835937500000000e+03 4.749481995738257661e-14
7.692401855468750000e+03 2.105769346586280417e-14
9.718894531250000000e+03 5.232889040594737119e-15
1.224167187500000000e+04 3.149660002298032268e-15
1.542616113281250000e+04 1.697826552968513021e-15
1.943778906250000000e+04 8.143408422685399091e-16
2.448334375000000000e+04 3.469499267368717479e-16
3.085232226562500000e+04 1.290866836773413734e-16
3.891693750000000000e+04 4.113715805649794596e-17
4.921482812500000000e+04 1.057528497428812561e-17
6.162192968750000000e+04 2.292614204550549329e-18
7.775115625000000000e+04 3.548744527949943223e-19
9.801609375000000000e+04 3.969324141359913562e-20
1.236574296875000000e+05 3.053629781306088512e-21
1.559158906250000000e+05 1.628478387180841502e-22
1.964457500000000000e+05 6.249986460626943191e-24
2.473148593750000000e+05 1.901749020385241917e-25
3.118317812500000000e+05 4.886165182823108981e-27
3.928915000000000000e+05 1.094941402278471464e-28
4.962840000000000000e+05 1.779447010753560777e-30
6.244907500000000000e+05 1.831709502042771903e-32
7.857830000000000000e+05 8.079526373005081106e-35
9.925680000000000000e+05 8.758914932385793403e-38
1.248981500000000000e+06 1.455139471572576632e-41
1.571566000000000000e+06 8.992251912745342797e-47
1.981000250000000000e+06 8.485801699150143248e-55
2.497963000000000000e+06 2.184529020107621867e-68
3.147267500000000000e+06 2.816693444875326437e-92
3.970272000000000000e+06 7.606350787942068589e-134
5.004197000000000000e+06 9.999999999999999821e-201
6.286264000000000000e+06 9.999999999999999821e-201
7.940544000000000000e+06 9.999999999999999821e-201
1.000839400000000000e+07 9.999999999999999821e-201
