1.211760009765625000e+03 1.084796569882107710e-13
1.526073364257812500e+03 5.903985128913715031e-14
1.923100463867187500e+03 3.138931448043290442e-14
2.423520019531250000e+03 1.612245734879025593e-14
3.056282226562500000e+03 7.986931428189423348e-15
3.850336669921875000e+03 3.771930372648761882e-15
4.838769042968750000e+03 1.691535969592852919e-15
6.120835937500000000e+03 6.876115725173298520e-16
7.692401855468750000e+03 2.526923215903536394e-16
9.718894531250000000e+03 1.824864307459134524e-18
1.224167187500000000e+04 1.100852039638147537e-18
1.542616113281250000e+04 5.935846046368067759e-19
1.943778906250000000e+04 2.871504898357385549e-19
2.448334375000000000e+04 1.232448993483216205e-19
3.085232226562500000e+04 4.655585312953296617e-20
3.891693750000000000e+04 1.490476741177461243e-20
4.921482812500000000e+04 3.906380776216633718e-21
6.162192968750000000e+04 8.597303267064560434e-22
7.775115625000000000e+04 1.360668356438561540e-22
9.801609375000000000e+04 1.557959725483765927e-23
1.236574296875000000e+05 1.228237756480893563e-24
1.559158906250000000e+05 6.746553318320629703e-26
1.964457500000000000e+05 2.704188402390465044e-27
2.473148593750000000e+05 8.584283772572275877e-29
3.118317812500000000e+05 2.295280441753204525e-30
3.928915000000000000e+05 5.423301311754869947e-32
4.962840000000000000e+05 9.371382376382389385e-34
6.244907500000000000e+05 1.040038446075133309e-35
7.857830000000000000e+05 4.950461245887506833e-38
9.925680000000000000e+05 5.790615983077273637e-41
1.248981500000000000e+06 1.056227762939473030e-44
1.571566000000000000e+06 7.216352632171812557e-50
1.981000250000000000e+06 7.591558022333873147e-58
2.497963000000000000e+06 2.184529020107621893e-71
3.147267500000000000e+06 3.175423270401900876e-95
3.970272000000000000e+06 9.666404126343045998e-137
5.004197000000000000e+06 9.999999999999999821e-201
6.286264000000000000e+06 9.999999999999999821e-201
7.940544000000000000e+06 9.999999999999999821e-201
1.000839400000000000e+07 9.999999999999999821e-201
