1.211760009765625000e+03 1.006332524069738928e-12
1.526073364257812500e+03 6.625912958747383554e-13
1.923100463867187500e+03 4.488671970701904738e-13
2.423520019531250000e+03 3.087543955598442545e-13
3.056282226562500000e+03 2.129848380850513650e-13
3.850336669921875000e+03 1.482247716242532801e-13
4.838769042968750000e+03 1.021072621645140078e-13
6.120835937500000000e+03 6.828857197852520883e-14
7.692401855468750000e+03 4.387019472054751026e-14
9.718894531250000000e+03 2.598316729163668702e-14
1.224167187500000000e+04 1.406644272870966037e-14
1.542616113281250000e+04 6.808764582598665385e-15
1.943778906250000000e+04 2.938805794412636741e-15
2.448334375000000000e+04 1.139238565404653707e-15
3.085232226562500000e+04 3.842974058328721223e-16
3.891693750000000000e+04 1.108914695436031624e-16
4.921482812500000000e+04 2.594182150835576226e-17
6.162192968750000000e+04 5.084084277683857201e-18
7.775115625000000000e+04 7.192375273224752511e-19
9.801609375000000000e+04 7.368057937399339812e-20
1.236574296875000000e+05 5.225099848012640745e-21
1.559158906250000000e+05 2.588117436769551745e-22
1.964457500000000000e+05 9.381878130742430449e-24
2.473148593750000000e+05 2.720557626384443882e-25
3.118317812500000000e+05 6.642402490528212147e-27
3.928915000000000000e+05 1.441929874831508025e-28
4.962840000000000000e+05 2.264750740959077225e-30
6.244907500000000000e+05 2.243067991908310299e-32
7.857830000000000000e+05 9.480600310520413911e-35
9.925680000000000000e+05 1.001018849415519246e-37
1.248981500000000000e+06 1.631177432062489117e-41
1.571566000000000000e+06 9.866107114297400504e-47
1.981000250000000000e+06 9.170754302668990574e-55
2.497963000000000000e+06 2.332992157396489081e-68
3.147267500000000000e+06 3.055846661893042361e-92
3.970272000000000000e+06 8.240213353603907802e-134
5.004197000000000000e+06 9.999999999999999821e-201
6.286264000000000000e+06 9.999999999999999821e-201
7.940544000000000000e+06 9.999999999999999821e-201
1.000839400000000000e+07 9.999999999999999821e-201
