1.211760009765625000e+03 4.259476772671421577e-15
1.526073364257812500e+03 2.383350780683760397e-15
1.923100463867187500e+03 1.294809222317857118e-15
2.423520019531250000e+03 6.785126837907868353e-16
3.056282226562500000e+03 3.436352595955573881e-16
3.850336669921875000e+03 1.649975747291030320e-16
4.838769042968750000e+03 7.504268665102836650e-17
6.120835937500000000e+03 3.095433539511004249e-17
7.692401855468750000e+03 1.140625062734235178e-17
9.718894531250000000e+03 4.362755066177137128e-21
1.224167187500000000e+04 2.622168399971419803e-21
1.542616113281250000e+04 1.409763436012415840e-21
1.943778906250000000e+04 6.752523237543539194e-22
2.448334375000000000e+04 2.889523270435440193e-22
3.085232226562500000e+04 1.083481672832767047e-22
3.891693750000000000e+04 3.472810806943485139e-23
4.921482812500000000e+04 9.021365549494767156e-24
6.162192968750000000e+04 1.984809519680336435e-24
7.775115625000000000e+04 3.131245171720539147e-25
9.801609375000000000e+04 3.572391727223922586e-26
1.236574296875000000e+05 2.804815502829295722e-27
1.559158906250000000e+05 1.541238473581867576e-28
1.964457500000000000e+05 6.153408303398711403e-30
2.473148593750000000e+05 1.951934063978741258e-31
3.118317812500000000e+05 5.225240702627558948e-33
3.928915000000000000e+05 1.238877361263434769e-34
4.962840000000000000e+05 2.147608461254297607e-36
6.244907500000000000e+05 2.375013167902916415e-38
7.857830000000000000e+05 1.134869889387419152e-40
9.925680000000000000e+05 1.341643319008300028e-43
1.248981500000000000e+06 2.454841283896022992e-47
1.571566000000000000e+06 1.677238209430557668e-52
1.981000250000000000e+06 1.780876769148998811e-60
2.497963000000000000e+06 5.167931112293434207e-74
3.147267500000000000e+06 7.559898915726700715e-98
3.970272000000000000e+06 2.329444928807258197e-139
5.004197000000000000e+06 9.999999999999999821e-201
6.286264000000000000e+06 9.999999999999999821e-201
7.940544000000000000e+06 9.999999999999999821e-201
1.000839400000000000e+07 9.999999999999999821e-201
