1.211760009765625000e+03 2.665286635531239623e-15
1.526073364257812500e+03 1.789987414103896013e-15
1.923100463867187500e+03 1.192857055572498603e-15
2.423520019531250000e+03 7.908676893675817418e-16
3.056282226562500000e+03 5.234160769912428448e-16
3.850336669921875000e+03 3.436680681798237858e-16
4.838769042968750000e+03 2.258899899592493786e-16
6.120835937500000000e+03 1.472180930647864218e-16
7.692401855468750000e+03 9.606766328473830867e-17
9.718894531250000000e+03 6.139124560226262042e-17
1.224167187500000000e+04 3.810085661480198234e-17
1.542616113281250000e+04 2.236542582156292273e-17
1.943778906250000000e+04 1.212238314741587038e-17
2.448334375000000000e+04 5.981306316473480825e-18
3.085232226562500000e+04 2.688213792284895393e-18
3.891693750000000000e+04 1.081253257471793591e-18
4.921482812500000000e+04 3.746992669101020956e-19
6.162192968750000000e+04 1.122096741317390006e-19
7.775115625000000000e+04 2.557948128021650275e-20
9.801609375000000000e+04 4.318150166312868992e-21
1.236574296875000000e+05 5.100993161560371176e-22
1.559158906250000000e+05 4.102279860417855707e-23
1.964457500000000000e+05 2.260646429587758158e-24
2.473148593750000000e+05 9.142519202849882225e-26
3.118317812500000000e+05 3.013575763002362741e-27
3.928915000000000000e+05 9.869640776245908668e-29
4.962840000000000000e+05 3.601022038745463888e-30
6.244907500000000000e+05 1.557916783902069889e-31
7.857830000000000000e+05 5.674198425444500670e-33
9.925680000000000000e+05 1.137216310672948585e-34
1.248981500000000000e+06 9.476413242850364182e-37
1.571566000000000000e+06 1.980761308188579363e-39
1.981000250000000000e+06 5.111025993370659392e-43
2.497963000000000000e+06 3.614132102970974593e-48
3.147267500000000000e+06 1.845483522497145653e-56
3.970272000000000000e+06 2.780138692720473452e-71
5.004197000000000000e+06 4.749886966612750845e-98
6.286264000000000000e+06 1.546185276671029058e-143
7.940544000000000000e+06 9.999999999999999821e-201
1.000839400000000000e+07 9.999999999999999821e-201
