1.211760009765625000e+03 8.631045039360510977e-13
1.526073364257812500e+03 4.618365317052594246e-13
1.923100463867187500e+03 2.613298680958170971e-13
2.423520019531250000e+03 1.594189988016542676e-13
3.056282226562500000e+03 1.046832153982485619e-13
3.850336669921875000e+03 7.249554459893659755e-14
4.838769042968750000e+03 5.203259079061330697e-14
6.120835937500000000e+03 3.711173965406135245e-14
7.692401855468750000e+03 2.664224670042337532e-14
9.718894531250000000e+03 1.859882563812389404e-14
1.224167187500000000e+04 1.258586855143609190e-14
1.542616113281250000e+04 8.020421933813224166e-15
1.943778906250000000e+04 4.696743963841844855e-15
2.448334375000000000e+04 2.501573967718466958e-15
3.085232226562500000e+04 1.203295697498953413e-15
3.891693750000000000e+04 5.151853756189134846e-16
4.921482812500000000e+04 1.887143030015498780e-16
6.162192968750000000e+04 5.959322071763339443e-17
7.775115625000000000e+04 1.421541447559689500e-17
9.801609375000000000e+04 2.487534781405384675e-18
1.236574296875000000e+05 3.018955136433689417e-19
1.559158906250000000e+05 2.461367916250713373e-20
1.964457500000000000e+05 1.361946824382789064e-21
2.473148593750000000e+05 5.552524751469038472e-23
3.118317812500000000e+05 1.832415866630966920e-24
3.928915000000000000e+05 6.041936614327929178e-26
4.962840000000000000e+05 2.205371689265583561e-27
6.244907500000000000e+05 9.518041889815901331e-29
7.857830000000000000e+05 3.450974480972094972e-30
9.925680000000000000e+05 6.846806211545142624e-32
1.248981500000000000e+06 5.639941445571842638e-34
1.571566000000000000e+06 1.166242639400752603e-36
1.981000250000000000e+06 2.936398373261360186e-40
2.497963000000000000e+06 2.022645861136387341e-45
3.147267500000000000e+06 9.921713597891208927e-54
3.970272000000000000e+06 1.427766142193735028e-68
5.004197000000000000e+06 2.301257885972287307e-95
6.286264000000000000e+06 7.075763130528438706e-141
7.940544000000000000e+06 9.999999999999999821e-201
1.000839400000000000e+07 9.999999999999999821e-201
