1.211760009765625000e+03 3.225744105619584805e-09
1.526073364257812500e+03 1.859213446693549709e-09
1.923100463867187500e+03 1.051597667412597376e-09
2.423520019531250000e+03 5.978213014275679572e-10
3.056282226562500000e+03 3.352918790869806703e-10
3.850336669921875000e+03 1.853958086634496044e-10
4.838769042968750000e+03 1.019719650329364850e-10
6.120835937500000000e+03 5.444991028749868364e-11
7.692401855468750000e+03 2.897183264822733667e-11
9.718894531250000000e+03 1.477081122466549273e-11
1.224167187500000000e+04 7.353199256862855193e-12
1.542616113281250000e+04 3.474506188208057441e-12
1.943778906250000000e+04 1.524639294910835959e-12
2.448334375000000000e+04 6.193438013017519993e-13
3.085232226562500000e+04 2.308174302223423931e-13
3.891693750000000000e+04 3.231284762869094222e-14
4.921482812500000000e+04 1.705402427197741258e-14
6.162192968750000000e+04 7.975834394458515690e-15
7.775115625000000000e+04 3.033793157127654263e-15
9.801609375000000000e+04 8.977942059929395890e-16
1.236574296875000000e+05 1.937722685064643669e-16
1.559158906250000000e+05 2.940603635344613945e-17
1.964457500000000000e+05 3.094588636632460528e-18
2.473148593750000000e+05 2.302405691916915688e-19
3.118317812500000000e+05 1.289315267341447154e-20
3.928915000000000000e+05 6.475284993499217963e-22
4.962840000000000000e+05 3.357253191856727610e-23
6.244907500000000000e+05 2.251872396723465814e-24
7.857830000000000000e+05 1.839425331844273619e-25
9.925680000000000000e+05 1.368436716463946705e-26
1.248981500000000000e+06 7.210038872571349063e-28
1.571566000000000000e+06 1.863387128011913047e-29
1.981000250000000000e+06 1.501404351819507759e-31
2.497963000000000000e+06 2.353360944862601270e-34
3.147267500000000000e+06 2.433029233944195292e-38
3.970272000000000000e+06 9.313769338133984905e-45
5.004197000000000000e+06 4.647603703180784473e-56
6.286264000000000000e+06 4.267080958205950969e-76
7.940544000000000000e+06 1.466647919416828936e-111
1.000839400000000000e+07 9.999999999999999821e-201
