1.211760009765625000e+03 1.992737671425226093e-11
1.526073364257812500e+03 1.404299518247255445e-11
1.923100463867187500e+03 9.888157171193079884e-12
2.423520019531250000e+03 6.912308797756253375e-12
3.056282226562500000e+03 4.794790999661659886e-12
3.850336669921875000e+03 3.311749877339473798e-12
4.838769042968750000e+03 2.278701547775354753e-12
6.120835937500000000e+03 1.545514505114210258e-12
7.692401855468750000e+03 1.046184099799580999e-12
9.718894531250000000e+03 6.945340117826083924e-13
1.224167187500000000e+04 4.519974077028505664e-13
1.542616113281250000e+04 2.799606365351630485e-13
1.943778906250000000e+04 1.623202480695152205e-13
2.448334375000000000e+04 8.637933825106735194e-14
3.085232226562500000e+04 4.190355743805875228e-14
3.891693750000000000e+04 1.831579255688901471e-14
4.921482812500000000e+04 6.966386289909851205e-15
6.162192968750000000e+04 2.321308271193408659e-15
7.775115625000000000e+04 5.988909690430514509e-16
9.801609375000000000e+04 1.159835314290677213e-16
1.236574296875000000e+05 1.576457707183356361e-17
1.559158906250000000e+05 1.469999487740445494e-18
1.964457500000000000e+05 9.355107909953640804e-20
2.473148593750000000e+05 4.267299931886408659e-21
3.118317812500000000e+05 1.524060909182884217e-22
3.928915000000000000e+05 5.173284601252526345e-24
4.962840000000000000e+05 1.915561846125785609e-25
6.244907500000000000e+05 9.012078361195271062e-27
7.857830000000000000e+05 4.297602469068631734e-28
9.925680000000000000e+05 1.375178326212857573e-29
1.248981500000000000e+06 2.262851616105412954e-31
1.571566000000000000e+06 1.221026013640284536e-33
1.981000250000000000e+06 1.252377214064721971e-36
2.497963000000000000e+06 9.521259238720399201e-41
3.147267500000000000e+06 4.977965546426142282e-47
3.970272000000000000e+06 6.953906895487905309e-58
5.004197000000000000e+06 1.738113699153542678e-77
6.286264000000000000e+06 1.432742871030560972e-111
7.940544000000000000e+06 3.536111750894323056e-169
1.000839400000000000e+07 9.999999999999999821e-201
