1.211760009765625000e+03 4.458750539813944369e-11
1.526073364257812500e+03 2.858046202629977936e-11
1.923100463867187500e+03 1.883458508798681560e-11
2.423520019531250000e+03 1.270370265533581780e-11
3.056282226562500000e+03 8.740256059894120060e-12
3.850336669921875000e+03 6.114048421272796542e-12
4.838769042968750000e+03 4.333087207699420231e-12
6.120835937500000000e+03 3.076512074791887104e-12
7.692401855468750000e+03 2.167006633650239784e-12
9.718894531250000000e+03 1.530861772933340551e-12
1.224167187500000000e+04 1.049960970330241778e-12
1.542616113281250000e+04 6.861318446281598382e-13
1.943778906250000000e+04 4.180968419500417607e-13
2.448334375000000000e+04 2.338782171086983136e-13
3.085232226562500000e+04 1.187842450769684003e-13
3.891693750000000000e+04 5.426012570853463564e-14
4.921482812500000000e+04 2.159179408774420787e-14
6.162192968750000000e+04 7.497699288581393468e-15
7.775115625000000000e+04 2.014794191758323411e-15
9.801609375000000000e+04 4.050522241235022575e-16
1.236574296875000000e+05 5.743144437885782778e-17
1.559158906250000000e+05 5.510607064776882811e-18
1.964457500000000000e+05 3.540846380103124591e-19
2.473148593750000000e+05 1.605629020693887730e-20
3.118317812500000000e+05 5.625362871928593327e-22
3.928915000000000000e+05 1.870119549792309471e-23
4.962840000000000000e+05 6.750511566516105481e-25
6.244907500000000000e+05 3.197697853584376868e-26
7.857830000000000000e+05 1.527195141143221223e-27
9.925680000000000000e+05 4.976716464729366847e-29
1.248981500000000000e+06 8.480300697168020313e-31
1.571566000000000000e+06 4.823457207978092011e-33
1.981000250000000000e+06 5.538961172208739511e-36
2.497963000000000000e+06 4.904335955030480962e-40
3.147267500000000000e+06 3.462292031807565465e-46
3.970272000000000000e+06 8.839536230982598230e-57
5.004197000000000000e+06 6.694072423422925062e-76
6.286264000000000000e+06 3.320255917762896458e-109
7.940544000000000000e+06 1.204298552393446149e-165
1.000839400000000000e+07 9.999999999999999821e-201
