1.211760009765625000e+03 2.964197286245023830e-11
1.526073364257812500e+03 1.700982515060056105e-11
1.923100463867187500e+03 1.004511204692630122e-11
2.423520019531250000e+03 6.096531113637752107e-12
3.056282226562500000e+03 3.856478190649814820e-12
3.850336669921875000e+03 2.547094150881962524e-12
4.838769042968750000e+03 1.757162010628947249e-12
6.120835937500000000e+03 1.238494412895674282e-12
7.692401855468750000e+03 8.727640467068576909e-13
9.718894531250000000e+03 6.266059240175326490e-13
1.224167187500000000e+04 4.342914268301883749e-13
1.542616113281250000e+04 2.804626856688422323e-13
1.943778906250000000e+04 1.657646033475217823e-13
2.448334375000000000e+04 8.876845150473244713e-14
3.085232226562500000e+04 4.270956507760973057e-14
3.891693750000000000e+04 1.814336897948504561e-14
4.921482812500000000e+04 6.548578817287015662e-15
6.162192968750000000e+04 2.027412746639715078e-15
7.775115625000000000e+04 4.680408787482521291e-16
9.801609375000000000e+04 7.930482620571155715e-17
1.236574296875000000e+05 9.244434478220313849e-18
1.559158906250000000e+05 7.230441941740711406e-19
1.964457500000000000e+05 3.808240139057786747e-20
2.473148593750000000e+05 1.451995743840753966e-21
3.118317812500000000e+05 4.414047587975528525e-23
3.928915000000000000e+05 1.336346765900320486e-24
4.962840000000000000e+05 4.441148183077356696e-26
6.244907500000000000e+05 1.730637067166076139e-27
7.857830000000000000e+05 5.540158506982182851e-29
9.925680000000000000e+05 9.730265511829139407e-31
1.248981500000000000e+06 6.808401752911154619e-33
1.571566000000000000e+06 1.158773675433842027e-35
1.981000250000000000e+06 2.338696882015568493e-39
2.497963000000000000e+06 1.145795080412818340e-44
3.147267500000000000e+06 3.133018269076087719e-53
3.970272000000000000e+06 1.529177531596647081e-68
5.004197000000000000e+06 3.804831007974840525e-96
6.286264000000000000e+06 6.455537668934903693e-143
7.940544000000000000e+06 9.999999999999999821e-201
1.000839400000000000e+07 9.999999999999999821e-201
