1.211760009765625000e+03 6.351851327667909101e-14
1.526073364257812500e+03 3.481080495936858849e-14
1.923100463867187500e+03 1.859915277438698210e-14
2.423520019531250000e+03 9.652321987884081252e-15
3.056282226562500000e+03 4.819363270261483413e-15
3.850336669921875000e+03 2.300221948565711026e-15
4.838769042968750000e+03 1.049935456705594475e-15
6.120835937500000000e+03 4.423194331770265703e-16
7.692401855468750000e+03 1.747471888617962266e-16
9.718894531250000000e+03 6.160366674678394534e-17
1.224167187500000000e+04 4.833059448188973574e-19
1.542616113281250000e+04 3.308646755571558906e-19
1.943778906250000000e+04 2.076080954546632269e-19
2.448334375000000000e+04 1.182499445227275202e-19
3.085232226562500000e+04 6.068317371443715172e-20
3.891693750000000000e+04 2.769712365950374375e-20
4.921482812500000000e+04 1.075306408065879121e-20
6.162192968750000000e+04 3.589068510943279642e-21
7.775115625000000000e+04 9.015541516872068558e-22
9.801609375000000000e+04 1.670837568245334162e-22
1.236574296875000000e+05 2.133331033435456941e-23
1.559158906250000000e+05 1.848296251988381436e-24
1.964457500000000000e+05 1.085787544888593490e-25
2.473148593750000000e+05 4.623673597705194488e-27
3.118317812500000000e+05 1.608336879756600375e-28
3.928915000000000000e+05 5.515984523077917314e-30
4.962840000000000000e+05 2.066970470169085688e-31
6.244907500000000000e+05 9.070541541738599732e-33
7.857830000000000000e+05 3.288131169522657059e-34
9.925680000000000000e+05 6.451123169736939436e-36
1.248981500000000000e+06 5.199944380864181632e-38
1.571566000000000000e+06 1.019497993290351547e-40
1.981000250000000000e+06 2.372106837472933584e-44
2.497963000000000000e+06 1.358162272041056369e-49
3.147267500000000000e+06 4.321932367927437420e-58
3.970272000000000000e+06 2.456525292094613880e-73
5.004197000000000000e+06 7.107137165839797538e-101
6.286264000000000000e+06 1.403053273710707944e-147
7.940544000000000000e+06 9.999999999999999821e-201
1.000839400000000000e+07 9.999999999999999821e-201
