1.211760009765625000e+03 8.145315231950612836e-12
1.526073364257812500e+03 4.737038515777713404e-12
1.923100463867187500e+03 2.723167093971427663e-12
2.423520019531250000e+03 1.538144390131346403e-12
3.056282226562500000e+03 8.641544663593409598e-13
3.850336669921875000e+03 4.742724867439353921e-13
4.838769042968750000e+03 2.575934938861404421e-13
6.120835937500000000e+03 1.350390167660421492e-13
7.692401855468750000e+03 6.952409517859890838e-14
9.718894531250000000e+03 3.430700485265783238e-14
1.224167187500000000e+04 1.617268597124662076e-14
1.542616113281250000e+04 7.178857901390411173e-15
1.943778906250000000e+04 2.875843708487979189e-15
2.448334375000000000e+04 1.071194561386984772e-17
3.085232226562500000e+04 7.412318704596890204e-18
3.891693750000000000e+04 4.744687905195822265e-18
4.921482812500000000e+04 2.762204344456317833e-18
6.162192968750000000e+04 1.470428155395904638e-18
7.775115625000000000e+04 6.505560580553238557e-19
9.801609375000000000e+04 2.293982586717767598e-19
1.236574296875000000e+05 6.087825996052807437e-20
1.559158906250000000e+05 1.162899882655035432e-20
1.964457500000000000e+05 1.555084274254659502e-21
2.473148593750000000e+05 1.473138244532649125e-22
3.118317812500000000e+05 1.044076442828493043e-23
3.928915000000000000e+05 6.420588680881285884e-25
4.962840000000000000e+05 3.973197237184406451e-26
6.244907500000000000e+05 3.074040014200093513e-27
7.857830000000000000e+05 2.919770650087570770e-28
9.925680000000000000e+05 2.632172219539861069e-29
1.248981500000000000e+06 1.734363687646312072e-30
1.571566000000000000e+06 5.829035395460676844e-32
1.981000250000000000e+06 6.742898013905579272e-34
2.497963000000000000e+06 1.830170043208932854e-36
3.147267500000000000e+06 4.884850943340853536e-40
3.970272000000000000e+06 1.223895954511917604e-45
5.004197000000000000e+06 2.413269603426218693e-55
6.286264000000000000e+06 1.456144988929915964e-72
7.940544000000000000e+06 2.267940458983576218e-103
1.000839400000000000e+07 9.999999999999999821e-201
