1.211760009765625000e+03 4.807479632313357861e-13
1.526073364257812500e+03 3.164618632669872300e-13
1.923100463867187500e+03 2.079652103465211128e-13
2.423520019531250000e+03 1.357552538658435153e-13
3.056282226562500000e+03 8.839064545742775485e-14
3.850336669921875000e+03 5.722583383808143205e-14
4.838769042968750000e+03 3.710928393230145463e-14
6.120835937500000000e+03 2.372681846469076449e-14
7.692401855468750000e+03 1.519138569315580739e-14
9.718894531250000000e+03 9.586179681730036612e-15
1.224167187500000000e+04 5.999032156605590280e-15
1.542616113281250000e+04 3.674200777159393413e-15
1.943778906250000000e+04 2.157385705599557679e-15
2.448334375000000000e+04 1.195072855081735052e-15
3.085232226562500000e+04 6.156845337520715979e-16
3.891693750000000000e+04 2.929606955149789053e-16
4.921482812500000000e+04 1.264834724060458056e-16
6.162192968750000000e+04 4.926391400430854982e-17
7.775115625000000000e+04 1.580318830713629938e-17
9.801609375000000000e+04 4.017152482233554117e-18
1.236574296875000000e+05 7.580948752521528914e-19
1.559158906250000000e+05 1.022995893166454748e-19
1.964457500000000000e+05 9.637356923770546661e-21
2.473148593750000000e+05 6.472509842408723145e-22
3.118317812500000000e+05 3.273242268926004512e-23
3.928915000000000000e+05 1.475350655956939402e-24
4.962840000000000000e+05 6.846297608385059028e-26
6.244907500000000000e+05 4.085290566979660546e-27
7.857830000000000000e+05 2.974347271721434540e-28
9.925680000000000000e+05 1.982715805096548432e-29
1.248981500000000000e+06 9.398311957585850003e-31
1.571566000000000000e+06 2.178811066587869898e-32
1.981000250000000000e+06 1.616403022335953188e-34
2.497963000000000000e+06 2.439654083467456062e-37
3.147267500000000000e+06 2.568303788981436849e-41
3.970272000000000000e+06 1.149462970161397097e-47
5.004197000000000000e+06 8.691511042715244172e-59
6.286264000000000000e+06 1.659507857665486530e-78
7.940544000000000000e+06 1.749180766091963990e-113
1.000839400000000000e+07 9.999999999999999821e-201
