1.211760009765625000e+03 2.964197286245023911e-12
1.526073364257812500e+03 1.621867049243309421e-12
1.923100463867187500e+03 8.789473041060515183e-13
2.423520019531250000e+03 4.807479632313357861e-13
3.056282226562500000e+03 2.651719363722832519e-13
3.850336669921875000e+03 1.493359088514316381e-13
4.838769042968750000e+03 8.793964763789083431e-14
6.120835937500000000e+03 5.371180088580047833e-14
7.692401855468750000e+03 3.465045448052290396e-14
9.718894531250000000e+03 2.192008880524420156e-14
1.224167187500000000e+04 1.539145624018000004e-14
1.542616113281250000e+04 1.044442860512315169e-14
1.943778906250000000e+04 6.817892005516552107e-15
2.448334375000000000e+04 4.182754992786073175e-15
3.085232226562500000e+04 2.382986252397914278e-15
3.891693750000000000e+04 1.249448264315538856e-15
4.921482812500000000e+04 5.906135025061970024e-16
6.162192968750000000e+04 2.522614894738168674e-16
7.775115625000000000e+04 8.799502580109986867e-17
9.801609375000000000e+04 2.425169831866923078e-17
1.236574296875000000e+05 4.949697122398765057e-18
1.559158906250000000e+05 7.125019319817478898e-19
1.964457500000000000e+05 7.146345176524769957e-20
2.473148593750000000e+05 5.046363605945785174e-21
3.118317812500000000e+05 2.678107310939458932e-22
3.928915000000000000e+05 1.266317400800822716e-23
4.962840000000000000e+05 6.185605951072372782e-25
6.244907500000000000e+05 3.888882366644099703e-26
7.857830000000000000e+05 2.974347271721434540e-27
9.925680000000000000e+05 2.077827633385312247e-28
1.248981500000000000e+06 1.027032028354742641e-29
1.571566000000000000e+06 2.460959262261119314e-31
1.981000250000000000e+06 1.892936329619497268e-33
2.497963000000000000e+06 2.898183043200938167e-36
3.147267500000000000e+06 3.102930291993898956e-40
3.970272000000000000e+06 1.397452065764730685e-46
5.004197000000000000e+06 1.053845713929223113e-57
6.286264000000000000e+06 1.987434560078426717e-77
7.940544000000000000e+06 2.068596384247887357e-112
1.000839400000000000e+07 9.999999999999999821e-201
