1.211760009765625000e+03 2.453558257942310282e-08
1.526073364257812500e+03 1.443857251155629268e-08
1.923100463867187500e+03 8.475563289594066921e-09
2.423520019531250000e+03 4.950707652447046167e-09
3.056282226562500000e+03 2.873930853835064591e-09
3.850336669921875000e+03 1.658014922441326325e-09
4.838769042968750000e+03 9.450415763024967505e-10
6.120835937500000000e+03 5.325406606441275561e-10
7.692401855468750000e+03 2.961462604734545489e-10
9.718894531250000000e+03 1.613218406272687855e-10
1.224167187500000000e+04 8.630229074284076577e-11
1.542616113281250000e+04 4.504589712273226950e-11
1.943778906250000000e+04 2.264484493687476565e-11
2.448334375000000000e+04 1.074926486873147322e-11
3.085232226562500000e+04 4.749819385578961986e-12
3.891693750000000000e+04 1.912036304322392592e-12
4.921482812500000000e+04 6.906219314327184052e-13
6.162192968750000000e+04 7.898599618010577470e-15
7.775115625000000000e+04 4.665370408506998935e-15
9.801609375000000000e+04 2.398102929307155618e-15
1.236574296875000000e+05 1.017268566651082249e-15
1.559158906250000000e+05 3.400235782365663770e-16
1.964457500000000000e+05 8.628929667198169972e-17
2.473148593750000000e+05 1.640158660338336655e-17
3.118317812500000000e+05 2.330569288208829364e-18
3.928915000000000000e+05 2.697235059207983014e-19
4.962840000000000000e+05 2.800409435214273969e-20
6.244907500000000000e+05 3.274707631207426910e-21
7.857830000000000000e+05 4.518378165228511651e-22
9.925680000000000000e+05 7.464349269615688675e-23
1.248981500000000000e+06 1.370720923117297472e-23
1.571566000000000000e+06 2.152910911339030520e-24
1.981000250000000000e+06 2.204145576985298153e-25
2.497963000000000000e+06 1.162990214898560381e-26
3.147267500000000000e+06 2.416254296708259693e-28
3.970272000000000000e+06 1.133305404200703799e-30
5.004197000000000000e+06 3.354892590022207585e-34
6.286264000000000000e+06 4.409137156657235532e-40
7.940544000000000000e+06 8.319631797249032606e-51
1.000839400000000000e+07 9.999999999999999821e-201
