1.211760009765625000e+03 1.619099358032996314e-08
1.526073364257812500e+03 9.572971363826361054e-09
1.923100463867187500e+03 5.634680038822723049e-09
2.423520019531250000e+03 3.288017157851623920e-09
3.056282226562500000e+03 1.911015877034657317e-09
3.850336669921875000e+03 1.101423624600503016e-09
4.838769042968750000e+03 6.331466666317057431e-10
6.120835937500000000e+03 3.550271070960850718e-10
7.692401855468750000e+03 1.980845848199927353e-10
9.718894531250000000e+03 1.088922424234064328e-10
1.224167187500000000e+04 5.839542464793358030e-11
1.542616113281250000e+04 3.067780924737801648e-11
1.943778906250000000e+04 1.542585074558918477e-11
2.448334375000000000e+04 7.419329556135311083e-12
3.085232226562500000e+04 3.316158304977605487e-12
3.891693750000000000e+04 1.347470935509418582e-12
4.921482812500000000e+04 4.914855462956769223e-13
6.162192968750000000e+04 3.286480260640765347e-15
7.775115625000000000e+04 1.981966799418183057e-15
9.801609375000000000e+04 1.043579427496009146e-15
1.236574296875000000e+05 4.527404060370201403e-16
1.559158906250000000e+05 1.559801059472924292e-16
1.964457500000000000e+05 4.084595805579462058e-17
2.473148593750000000e+05 7.999882998086763387e-18
3.118317812500000000e+05 1.176765280992142845e-18
3.928915000000000000e+05 1.404654269061221516e-19
4.962840000000000000e+05 1.501796858001345817e-20
6.244907500000000000e+05 1.759718335631037207e-21
7.857830000000000000e+05 2.483240892460297834e-22
9.925680000000000000e+05 4.166991097115554973e-23
1.248981500000000000e+06 7.715200624403075861e-24
1.571566000000000000e+06 1.220467739603679985e-24
1.981000250000000000e+06 1.262051096499646623e-25
2.497963000000000000e+06 6.687193735666722730e-27
3.147267500000000000e+06 1.400361084851825632e-28
3.970272000000000000e+06 6.629676089729332459e-31
5.004197000000000000e+06 2.033088619041727281e-34
6.286264000000000000e+06 2.706297978913750938e-40
7.940544000000000000e+06 5.152804209909079144e-51
1.000839400000000000e+07 9.999999999999999821e-201
