1.211760009765625000e+03 9.216411730341671166e-12
1.526073364257812500e+03 5.963328235937289810e-12
1.923100463867187500e+03 3.939567380903909982e-12
2.423520019531250000e+03 2.640377414638424881e-12
3.056282226562500000e+03 1.787565238983322754e-12
3.850336669921875000e+03 1.215093734529761797e-12
4.838769042968750000e+03 8.296473751898465367e-13
6.120835937500000000e+03 5.621724759617503690e-13
7.692401855468750000e+03 3.825640403680177914e-13
9.718894531250000000e+03 2.561797810377844509e-13
1.224167187500000000e+04 1.725152413626746216e-13
1.542616113281250000e+04 1.153035383910607469e-13
1.943778906250000000e+04 7.661677068720563244e-14
2.448334375000000000e+04 5.039926513102699268e-14
3.085232226562500000e+04 3.270678915686823253e-14
3.891693750000000000e+04 2.080124621547533684e-14
4.921482812500000000e+04 1.282088764680663464e-14
6.162192968750000000e+04 7.749680733503114347e-15
7.775115625000000000e+04 4.439028232138121690e-15
9.801609375000000000e+04 2.418184965358617818e-15
1.236574296875000000e+05 1.214541704153205050e-15
1.559158906250000000e+05 5.452437239084567950e-16
1.964457500000000000e+05 2.127702335701024020e-16
2.473148593750000000e+05 7.069566614517531126e-17
3.118317812500000000e+05 1.947508672733192358e-17
3.928915000000000000e+05 4.553122064868675604e-18
4.962840000000000000e+05 9.285562220736028799e-19
6.244907500000000000e+05 1.857156595812556167e-19
7.857830000000000000e+05 3.896704866960581956e-20
9.925680000000000000e+05 9.033533863012674423e-21
1.248981500000000000e+06 2.495018352158579832e-21
1.571566000000000000e+06 7.466544474985428084e-22
1.981000250000000000e+06 2.100549024909857388e-22
2.497963000000000000e+06 4.895452515745184052e-23
3.147267500000000000e+06 8.164855573030751626e-24
3.970272000000000000e+06 8.377625701280292788e-25
5.004197000000000000e+06 4.286931988383541347e-26
6.286264000000000000e+06 6.818335021261148874e-28
7.940544000000000000e+06 8.270116657614904679e-31
1.000839400000000000e+07 9.999999999999999821e-201
