1.211760009765625000e+03 6.899854187309845720e-12
1.526073364257812500e+03 4.529360418008753717e-12
1.923100463867187500e+03 3.013533614077890689e-12
2.423520019531250000e+03 2.030101502764449381e-12
3.056282226562500000e+03 1.377709120652892537e-12
3.850336669921875000e+03 9.367980727503648975e-13
4.838769042968750000e+03 6.362709193185289487e-13
6.120835937500000000e+03 4.290263632339673550e-13
7.692401855468750000e+03 2.903562973049570821e-13
9.718894531250000000e+03 1.940755916952911819e-13
1.224167187500000000e+04 1.306186827460250516e-13
1.542616113281250000e+04 8.677079838242537858e-14
1.943778906250000000e+04 5.734649199921147077e-14
2.448334375000000000e+04 3.763145129783347903e-14
3.085232226562500000e+04 2.429100715159220528e-14
3.891693750000000000e+04 1.537964480825038135e-14
4.921482812500000000e+04 9.427941241361060069e-15
6.162192968750000000e+04 5.677573585507628663e-15
7.775115625000000000e+04 3.240490609460828376e-15
9.801609375000000000e+04 1.763259870573992356e-15
1.236574296875000000e+05 8.838811354832225358e-16
1.559158906250000000e+05 3.971974147677500285e-16
1.964457500000000000e+05 1.555547085764614216e-16
2.473148593750000000e+05 5.153163284648318292e-17
3.118317812500000000e+05 1.420723539944705257e-17
3.928915000000000000e+05 3.320818377716169206e-18
4.962840000000000000e+05 6.774239711036965606e-19
6.244907500000000000e+05 1.351658350798487468e-19
7.857830000000000000e+05 2.839459360420888576e-20
9.925680000000000000e+05 6.578265684860510215e-21
1.248981500000000000e+06 1.816101793748082228e-21
1.571566000000000000e+06 5.430214163625765879e-22
1.981000250000000000e+06 1.535216077464982433e-22
2.497963000000000000e+06 3.582843831085008112e-23
3.147267500000000000e+06 5.976141375132064718e-24
3.970272000000000000e+06 6.167242372929467818e-25
5.004197000000000000e+06 3.160871512172195692e-26
6.286264000000000000e+06 5.047338911842668961e-28
7.940544000000000000e+06 6.148984885245158352e-31
1.000839400000000000e+07 9.999999999999999821e-201
