1.211760009765625000e+03 1.955373840086003451e-12
1.526073364257812500e+03 1.285626319522135480e-12
1.923100463867187500e+03 8.710995603193901890e-13
2.423520019531250000e+03 5.990667624722086096e-13
3.056282226562500000e+03 4.152867263532136813e-13
3.850336669921875000e+03 2.880741194229038129e-13
4.838769042968750000e+03 1.998440039382392298e-13
6.120835937500000000e+03 1.371358831844175291e-13
7.692401855468750000e+03 9.437721706882941422e-14
9.718894531250000000e+03 6.401206812306031015e-14
1.224167187500000000e+04 4.266551706419918121e-14
1.542616113281250000e+04 2.738065923271235191e-14
1.943778906250000000e+04 1.655177923273148716e-14
2.448334375000000000e+04 9.290257707227324346e-15
3.085232226562500000e+04 4.780675746180177910e-15
3.891693750000000000e+04 2.240592038159856131e-15
4.921482812500000000e+04 9.203595063537453859e-16
6.162192968750000000e+04 3.348089075564722948e-16
7.775115625000000000e+04 9.618153958673644065e-17
9.801609375000000000e+04 2.108645441778958271e-17
1.236574296875000000e+05 3.320637914930995091e-18
1.559158906250000000e+05 3.640346872821280323e-19
1.964457500000000000e+05 2.748612111629496883e-20
2.473148593750000000e+05 1.486499151119791508e-21
3.118317812500000000e+05 6.234770261602438297e-23
3.928915000000000000e+05 2.457019839883684419e-24
4.962840000000000000e+05 1.048413607944379579e-25
6.244907500000000000e+05 5.767765892808196819e-27
7.857830000000000000e+05 3.433806331272887489e-28
9.925680000000000000e+05 1.500382405175571316e-29
1.248981500000000000e+06 3.717831238514344486e-31
1.571566000000000000e+06 3.384141669602092034e-33
1.981000250000000000e+06 6.920701339537856249e-36
2.497963000000000000e+06 1.474242696442077851e-39
3.147267500000000000e+06 4.812650400406010517e-45
3.970272000000000000e+06 2.276104335749930549e-54
5.004197000000000000e+06 3.705684493707058551e-71
6.286264000000000000e+06 1.321449489347029076e-100
7.940544000000000000e+06 4.107013610552850996e-151
1.000839400000000000e+07 9.999999999999999821e-201
