1.211760009765625000e+03 5.816303078472379088e-11
1.526073364257812500e+03 3.461301629482672536e-11
1.923100463867187500e+03 2.111043074889126473e-11
2.423520019531250000e+03 1.326390657736798082e-11
3.056282226562500000e+03 8.590317509394791316e-12
3.850336669921875000e+03 5.756116999244132008e-12
4.838769042968750000e+03 3.979530154011136714e-12
6.120835937500000000e+03 2.760780994960482945e-12
7.692401855468750000e+03 1.899920871408220572e-12
9.718894531250000000e+03 1.280637805368404221e-12
1.224167187500000000e+04 8.065643951144909258e-13
1.542616113281250000e+04 4.619821339642161066e-13
1.943778906250000000e+04 2.375358297200172569e-13
2.448334375000000000e+04 1.092165153983033969e-13
3.085232226562500000e+04 4.448812254188272890e-14
3.891693750000000000e+04 1.567654190599384422e-14
4.921482812500000000e+04 4.551100445003621715e-15
6.162192968750000000e+04 1.110372034438568842e-15
7.775115625000000000e+04 1.952459956065251967e-16
9.801609375000000000e+04 2.459843129587141786e-17
1.236574296875000000e+05 2.083548287219744478e-18
1.559158906250000000e+05 1.191863994631289715e-19
1.964457500000000000e+05 4.725649056236512718e-21
2.473148593750000000e+05 1.427584959557568907e-22
3.118317812500000000e+05 3.685823961657049822e-24
3.928915000000000000e+05 9.761227523151274650e-26
4.962840000000000000e+05 2.609112753294372688e-27
6.244907500000000000e+05 6.070414037154506205e-29
7.857830000000000000e+05 8.408175558930576559e-31
9.925680000000000000e+05 4.338354454482290704e-33
1.248981500000000000e+06 6.118769114092681878e-36
1.571566000000000000e+06 1.167637187139685554e-39
1.981000250000000000e+06 7.178715404042735153e-45
2.497963000000000000e+06 5.041367292623328522e-53
3.147267500000000000e+06 3.898323613834139345e-67
3.970272000000000000e+06 9.816042703400776571e-93
5.004197000000000000e+06 2.229512928219534221e-137
6.286264000000000000e+06 9.999999999999999821e-201
7.940544000000000000e+06 9.999999999999999821e-201
1.000839400000000000e+07 9.999999999999999821e-201
