1.211760009765625000e+03 9.639868485519530790e-11
1.526073364257812500e+03 5.498524874263901775e-11
1.923100463867187500e+03 3.154792996674457112e-11
2.423520019531250000e+03 1.855701483594206133e-11
3.056282226562500000e+03 1.115753883404151088e-11
3.850336669921875000e+03 7.009149271188434397e-12
4.838769042968750000e+03 4.570241661247164959e-12
6.120835937500000000e+03 3.078392967832043252e-12
7.692401855468750000e+03 2.119509715842336314e-12
9.718894531250000000e+03 1.395493213921623762e-12
1.224167187500000000e+04 8.993549892427067309e-13
1.542616113281250000e+04 5.257954934758199848e-13
1.943778906250000000e+04 2.752274655103009680e-13
2.448334375000000000e+04 1.287119778398431858e-13
3.085232226562500000e+04 5.322506760089807923e-14
3.891693750000000000e+04 1.900569999893339731e-14
4.921482812500000000e+04 5.570665155085602788e-15
6.162192968750000000e+04 1.370340090120614743e-15
7.775115625000000000e+04 2.435742123408136503e-16
9.801609375000000000e+04 3.109613012874311942e-17
1.236574296875000000e+05 2.681287549946720581e-18
1.559158906250000000e+05 1.547875317702973487e-19
1.964457500000000000e+05 6.220497227086837717e-21
2.473148593750000000e+05 1.893910307068358493e-22
3.118317812500000000e+05 4.869817692356940492e-24
3.928915000000000000e+05 1.279719986302903545e-25
4.962840000000000000e+05 3.396219393953009525e-27
6.244907500000000000e+05 7.881747257918352299e-29
7.857830000000000000e+05 1.081753580681127401e-30
9.925680000000000000e+05 5.593802918193777083e-33
1.248981500000000000e+06 7.860383496693371192e-36
1.571566000000000000e+06 1.498758180507656153e-39
1.981000250000000000e+06 9.201447368717760354e-45
2.497963000000000000e+06 6.457949837657981920e-53
3.147267500000000000e+06 5.005255010354944767e-67
3.970272000000000000e+06 1.255582541728897513e-92
5.004197000000000000e+06 2.855015166414459202e-137
6.286264000000000000e+06 9.999999999999999821e-201
7.940544000000000000e+06 9.999999999999999821e-201
1.000839400000000000e+07 9.999999999999999821e-201
