1.211760009765625000e+03 1.482098643122511955e-12
1.526073364257812500e+03 8.158782412352014517e-13
1.923100463867187500e+03 4.402584252918954822e-13
2.423520019531250000e+03 2.322734653232158057e-13
3.056282226562500000e+03 1.199663185566165305e-13
3.850336669921875000e+03 5.990732421196129221e-14
4.838769042968750000e+03 2.903389202963378410e-14
6.120835937500000000e+03 1.340728438472685889e-14
7.692401855468750000e+03 5.854326757481444420e-15
9.718894531250000000e+03 2.389478723375185718e-15
1.224167187500000000e+04 2.167370494258109858e-16
1.542616113281250000e+04 1.400072461911111972e-16
1.943778906250000000e+04 8.150875726145495217e-17
2.448334375000000000e+04 4.246700804923191215e-17
3.085232226562500000e+04 1.973588314821486049e-17
3.891693750000000000e+04 7.940494370274856929e-18
4.921482812500000000e+04 2.634996154098100540e-18
6.162192968750000000e+04 7.331690492553022160e-19
7.775115625000000000e+04 1.484251544726699112e-19
9.801609375000000000e+04 2.165338295128858764e-20
1.236574296875000000e+05 2.146297564975569878e-21
1.559158906250000000e+05 1.441069440315734151e-22
1.964457500000000000e+05 6.699534722799209896e-24
2.473148593750000000e+05 2.376853288349430322e-25
3.118317812500000000e+05 7.195663514652603692e-27
3.928915000000000000e+05 2.208655530317120404e-28
4.962840000000000000e+05 6.669165321170806870e-30
6.244907500000000000e+05 1.707828684100994698e-31
7.857830000000000000e+05 2.499207555118380224e-33
9.925680000000000000e+05 1.344321816574167811e-35
1.248981500000000000e+06 1.931553225298354071e-38
1.571566000000000000e+06 3.636310134847541199e-42
1.981000250000000000e+06 2.029283528511054418e-47
2.497963000000000000e+06 1.091454567506521203e-55
3.147267500000000000e+06 4.637413939809429120e-70
3.970272000000000000e+06 3.789566103630305679e-96
5.004197000000000000e+06 1.425247666447688541e-141
6.286264000000000000e+06 9.999999999999999821e-201
7.940544000000000000e+06 9.999999999999999821e-201
1.000839400000000000e+07 9.999999999999999821e-201
