1.211760009765625000e+03 4.097566836868122031e-13
1.526073364257812500e+03 2.363574541275310466e-13
1.923100463867187500e+03 1.341964187519060407e-13
2.423520019531250000e+03 7.535039320076637589e-14
3.056282226562500000e+03 4.103499208826356436e-14
3.850336669921875000e+03 2.198927052695722776e-14
4.838769042968750000e+03 1.141519917637159792e-14
6.120835937500000000e+03 5.719442206027235840e-15
7.692401855468750000e+03 2.764666264144500758e-15
9.718894531250000000e+03 1.260305066590444424e-15
1.224167187500000000e+04 5.424726212242173027e-16
1.542616113281250000e+04 7.235177129179001070e-19
1.943778906250000000e+04 5.503993443303478439e-19
2.448334375000000000e+04 4.056505762890250591e-19
3.085232226562500000e+04 2.851331609938218613e-19
3.891693750000000000e+04 1.888600658128708767e-19
4.921482812500000000e+04 1.165268034878559944e-19
6.162192968750000000e+04 6.746781493030080302e-20
7.775115625000000000e+04 3.428064263623865931e-20
9.801609375000000000e+04 1.481547740801701413e-20
1.236574296875000000e+05 5.130037438742059586e-21
1.559158906250000000e+05 1.362710110612770350e-21
1.964457500000000000e+05 2.675061908942672263e-22
2.473148593750000000e+05 3.854101246695056540e-23
3.118317812500000000e+05 4.113013721798779496e-24
3.928915000000000000e+05 3.615880375369437383e-25
4.962840000000000000e+05 2.922699183793683493e-26
6.244907500000000000e+05 2.701238178985345157e-27
7.857830000000000000e+05 3.072308294614531030e-28
9.925680000000000000e+05 4.079031003372673002e-29
1.248981500000000000e+06 5.531279513264201917e-30
1.571566000000000000e+06 5.667501396611628844e-31
1.981000250000000000e+06 3.245836506616458363e-32
2.497963000000000000e+06 7.887379612742958952e-34
3.147267500000000000e+06 5.784888441057193070e-36
3.970272000000000000e+06 5.341872968431047254e-39
5.004197000000000000e+06 8.621550370785216343e-44
6.286264000000000000e+06 5.231890184791209741e-52
7.940544000000000000e+06 4.777439897762724648e-67
1.000839400000000000e+07 9.999999999999999821e-201
