1.211760009765625000e+03 5.791393857579563364e-14
1.526073364257812500e+03 3.876657825020592823e-14
1.923100463867187500e+03 2.581907705811526259e-14
2.423520019531250000e+03 1.712508936381054141e-14
3.056282226562500000e+03 1.130807068480238939e-14
3.850336669921875000e+03 7.447046432713081231e-15
4.838769042968750000e+03 4.895421591220519960e-15
6.120835937500000000e+03 3.177291184304015818e-15
7.692401855468750000e+03 2.073319293392493230e-15
9.718894531250000000e+03 1.324261035957580067e-15
1.224167187500000000e+04 8.383160492482842905e-16
1.542616113281250000e+04 5.158115984243109873e-16
1.943778906250000000e+04 3.015307438571851000e-16
2.448334375000000000e+04 1.653109019591392666e-16
3.085232226562500000e+04 8.365644151441838532e-17
3.891693750000000000e+04 3.883086991832170354e-17
4.921482812500000000e+04 1.619541056713553703e-17
6.162192968750000000e+04 6.022985097814858636e-18
7.775115625000000000e+04 1.806147508187199726e-18
9.801609375000000000e+04 4.214741228194833490e-19
1.236574296875000000e+05 7.173062296576441836e-20
1.559158906250000000e+05 8.577532494885835288e-21
1.964457500000000000e+05 7.081330658551263935e-22
2.473148593750000000e+05 4.180475980010801601e-23
3.118317812500000000e+05 1.877112830113781798e-24
3.928915000000000000e+05 7.787865335660673738e-26
4.962840000000000000e+05 3.411772885621933572e-27
6.244907500000000000e+05 1.937107674653278680e-28
7.857830000000000000e+05 1.280073755808631207e-29
9.925680000000000000e+05 6.857010200432415304e-31
1.248981500000000000e+06 2.313458953855194403e-32
1.571566000000000000e+06 3.256507608810813552e-34
1.981000250000000000e+06 1.223469382935503301e-36
2.497963000000000000e+06 6.783883193722518844e-40
3.147267500000000000e+06 1.272531872819058492e-44
3.970272000000000000e+06 1.969566068759572705e-52
5.004197000000000000e+06 2.292468678332176882e-66
6.286264000000000000e+06 5.313826787038064761e-91
7.940544000000000000e+06 5.440076604809340182e-134
1.000839400000000000e+07 9.999999999999999821e-201
