1.211760009765625000e+03 7.858859191683237376e-13
1.526073364257812500e+03 4.618365317052594246e-13
1.923100463867187500e+03 2.668232887464799468e-13
2.423520019531250000e+03 1.531917084908142575e-13
3.056282226562500000e+03 8.641538732927590921e-14
3.850336669921875000e+03 4.781787709426293533e-14
4.838769042968750000e+03 2.591143530130096781e-14
6.120835937500000000e+03 1.362048081333426878e-14
7.692401855468750000e+03 7.002342519193514804e-15
9.718894531250000000e+03 3.433839663006282117e-15
1.224167187500000000e+04 1.599656162841058831e-15
1.542616113281250000e+04 6.914070361857787043e-16
1.943778906250000000e+04 5.147275913861639540e-19
2.448334375000000000e+04 3.605136382451366373e-19
3.085232226562500000e+04 2.329201607918566571e-19
3.891693750000000000e+04 1.376579337018614920e-19
4.921482812500000000e+04 7.261813125263998380e-20
6.162192968750000000e+04 3.429413963857847987e-20
7.775115625000000000e+04 1.297000753724083972e-20
9.801609375000000000e+04 3.802982754748795726e-21
1.236574296875000000e+05 8.098618721941144015e-22
1.559158906250000000e+05 1.203945551984876916e-22
1.964457500000000000e+05 1.231392231067422785e-23
2.473148593750000000e+05 8.904034942319077567e-25
3.118317812500000000e+05 4.867138405354311610e-26
3.928915000000000000e+05 2.429168358584314383e-27
4.962840000000000000e+05 1.264225432274976784e-28
6.244907500000000000e+05 8.477067530363432120e-30
7.857830000000000000e+05 6.439634845172255252e-31
9.925680000000000000e+05 3.889050561439280153e-32
1.248981500000000000e+06 1.441342373056509346e-33
1.571566000000000000e+06 2.154149443095352091e-35
1.981000250000000000e+06 8.543191380842738223e-38
2.497963000000000000e+06 4.955890716372139537e-41
3.147267500000000000e+06 9.805980902311566534e-46
3.970272000000000000e+06 1.593304626378616648e-53
5.004197000000000000e+06 1.945932715328475943e-67
6.286264000000000000e+06 4.761088303279968236e-92
7.940544000000000000e+06 5.145021602514596792e-135
1.000839400000000000e+07 9.999999999999999821e-201
