1.211760009765625000e+03 4.247022162225013588e-12
1.526073364257812500e+03 2.462468873546244073e-12
1.923100463867187500e+03 1.404746137812350184e-12
2.423520019531250000e+03 7.970950685700906272e-13
3.056282226562500000e+03 4.449157941924434119e-13
3.850336669921875000e+03 2.434008334060432658e-13
4.838769042968750000e+03 1.315839434073286277e-13
6.120835937500000000e+03 6.847185652996250320e-14
7.692401855468750000e+03 3.501171259596757797e-14
9.718894531250000000e+03 1.709220639433620271e-14
1.224167187500000000e+04 7.938143364474425596e-15
1.542616113281250000e+04 3.420452798061919905e-15
1.943778906250000000e+04 1.255271158348193639e-17
2.448334375000000000e+04 8.786387665773429690e-18
3.085232226562500000e+04 5.701243788140157472e-18
3.891693750000000000e+04 3.366453100215014685e-18
4.921482812500000000e+04 1.776270836395510128e-18
6.162192968750000000e+04 8.399400986748611146e-19
7.775115625000000000e+04 3.176328376467144750e-19
9.801609375000000000e+04 9.345529397314558392e-20
1.236574296875000000e+05 1.991958393719685266e-20
1.559158906250000000e+05 2.967362592825370414e-21
1.964457500000000000e+05 3.037214081989353777e-22
2.473148593750000000e+05 2.197591602785133938e-23
3.118317812500000000e+05 1.201945764736887590e-24
3.928915000000000000e+05 5.972041811801968556e-26
4.962840000000000000e+05 3.107984888956966742e-27
6.244907500000000000e+05 2.079280714994803266e-28
7.857830000000000000e+05 1.586349071615604335e-29
9.925680000000000000e+05 9.529311024813206510e-31
1.248981500000000000e+06 3.509355343094109498e-32
1.571566000000000000e+06 5.218502876230993862e-34
1.981000250000000000e+06 2.046147071461100881e-36
2.497963000000000000e+06 1.182101802019912221e-39
3.147267500000000000e+06 2.309805752343836582e-44
3.970272000000000000e+06 3.716162393885985578e-52
5.004197000000000000e+06 4.455462381476157114e-66
6.286264000000000000e+06 1.076583819501565311e-90
7.940544000000000000e+06 1.145182227656475027e-133
1.000839400000000000e+07 9.999999999999999821e-201
