1.211760009765625000e+03 1.196888063899776454e-11
1.526073364257812500e+03 6.902824392511158674e-12
1.923100463867187500e+03 3.931719637117248753e-12
2.423520019531250000e+03 2.216920659460564207e-12
3.056282226562500000e+03 1.234505533275370110e-12
3.850336669921875000e+03 6.741536770666579622e-13
4.838769042968750000e+03 3.616999392239365132e-13
6.120835937500000000e+03 1.881744546362998391e-13
7.692401855468750000e+03 9.603771443921833501e-14
9.718894531250000000e+03 4.665710394129612457e-14
1.224167187500000000e+04 2.176975680257380814e-14
1.542616113281250000e+04 9.328507631077964454e-15
1.943778906250000000e+04 9.165471949843953312e-17
2.448334375000000000e+04 6.431273446081581893e-17
3.085232226562500000e+04 4.182822075720919266e-17
3.891693750000000000e+04 2.466510192236742987e-17
4.921482812500000000e+04 1.306081497349639621e-17
6.162192968750000000e+04 6.145903161035569047e-18
7.775115625000000000e+04 2.335535570931723690e-18
9.801609375000000000e+04 6.847219558428487449e-19
1.236574296875000000e+05 1.458757409542193636e-19
1.559158906250000000e+05 2.163701890601832564e-20
1.964457500000000000e+05 2.211884168405289649e-21
2.473148593750000000e+05 1.591359436499580133e-22
3.118317812500000000e+05 8.680719411988635353e-24
3.928915000000000000e+05 4.317624823397368002e-25
4.962840000000000000e+05 2.236347021602869762e-26
6.244907500000000000e+05 1.487485434573205772e-27
7.857830000000000000e+05 1.121438848647070605e-28
9.925680000000000000e+05 6.697809300256536931e-30
1.248981500000000000e+06 2.438793073251412592e-31
1.571566000000000000e+06 3.580135694158472332e-33
1.981000250000000000e+06 1.381676630728887527e-35
2.497963000000000000e+06 7.840056625080516919e-39
3.147267500000000000e+06 1.507789866113337999e-43
3.970272000000000000e+06 2.369053526102316093e-51
5.004197000000000000e+06 2.787520054051749584e-65
6.286264000000000000e+06 6.532363898959323592e-90
7.940544000000000000e+06 6.749383177492266403e-133
1.000839400000000000e+07 9.999999999999999821e-201
