1.211760009765625000e+03 6.040486066507716716e-13
1.526073364257812500e+03 4.123893655697927220e-13
1.923100463867187500e+03 2.817340019411361596e-13
2.423520019531250000e+03 1.924237313969984213e-13
3.056282226562500000e+03 1.308575865271892329e-13
3.850336669921875000e+03 8.858065756806087225e-14
4.838769042968750000e+03 6.017938643984461858e-14
6.120835937500000000e+03 4.039346931983399106e-14
7.692401855468750000e+03 2.699227004605321242e-14
9.718894531250000000e+03 1.786212560128828698e-14
1.224167187500000000e+04 1.165463775784200078e-14
1.542616113281250000e+04 7.362204551978200035e-15
1.943778906250000000e+04 4.410053170069843539e-15
2.448334375000000000e+04 2.468340864869339818e-15
3.085232226562500000e+04 1.269171355852306449e-15
3.891693750000000000e+04 5.949622558300792785e-16
4.921482812500000000e+04 2.481554844964315757e-16
6.162192968750000000e+04 9.300800117033829565e-17
7.775115625000000000e+04 2.802642685118068890e-17
9.801609375000000000e+04 6.569629576330035904e-18
1.236574296875000000e+05 1.116703947994368868e-18
1.559158906250000000e+05 1.346131676224425743e-19
1.964457500000000000e+05 1.117496702992821709e-20
2.473148593750000000e+05 6.605404645153019289e-22
3.118317812500000000e+05 2.982606156939685404e-23
3.928915000000000000e+05 1.234759996223920809e-24
4.962840000000000000e+05 5.421447325097866543e-26
6.244907500000000000e+05 3.092263627428169558e-27
7.857830000000000000e+05 2.041835438713154112e-28
9.925680000000000000e+05 1.089389016917786586e-29
1.248981500000000000e+06 3.655578482389696956e-31
1.571566000000000000e+06 5.117369099559849916e-33
1.981000250000000000e+06 1.909034123373500789e-35
2.497963000000000000e+06 1.039924609337104803e-38
3.147267500000000000e+06 1.946225217252677226e-43
3.970272000000000000e+06 2.972929915108788462e-51
5.004197000000000000e+06 3.408238317453983577e-65
6.286264000000000000e+06 7.813712202216728240e-90
7.940544000000000000e+06 7.911162249027821674e-133
1.000839400000000000e+07 9.999999999999999821e-201
