1.211760009765625000e+03 4.172294499546568844e-15
1.526073364257812500e+03 2.749262437131951012e-15
1.923100463867187500e+03 1.797133327145408866e-15
2.423520019531250000e+03 1.176960687185524321e-15
3.056282226562500000e+03 7.703319814403269662e-16
3.850336669921875000e+03 5.017161226445467344e-16
4.838769042968750000e+03 3.274919992165737621e-16
6.120835937500000000e+03 2.120417778011967233e-16
7.692401855468750000e+03 1.379015341765534627e-16
9.718894531250000000e+03 8.892903681343485275e-17
1.224167187500000000e+04 5.736579492835074800e-17
1.542616113281250000e+04 3.683904573275036667e-17
1.943778906250000000e+04 2.342684133276621181e-17
2.448334375000000000e+04 1.473798402817100697e-17
3.085232226562500000e+04 9.069602564762817336e-18
3.891693750000000000e+04 5.404881562728798048e-18
4.921482812500000000e+04 3.077413434242478412e-18
6.162192968750000000e+04 1.695409473569277801e-18
7.775115625000000000e+04 8.621972640372710912e-19
9.801609375000000000e+04 3.994872683484255672e-19
1.236574296875000000e+05 1.609241251611918058e-19
1.559158906250000000e+05 5.398239923443697707e-20
1.964457500000000000e+05 1.453889341789347717e-20
2.473148593750000000e+05 3.084081337472692640e-21
3.118317812500000000e+05 5.072206562895581023e-22
3.928915000000000000e+05 6.865791124841411474e-23
4.962840000000000000e+05 8.145709377752978895e-24
6.244907500000000000e+05 1.016607766802556683e-24
7.857830000000000000e+05 1.448645395757113807e-25
9.925680000000000000e+05 2.459881463288175612e-26
1.248981500000000000e+06 4.943985458924195673e-27
1.571566000000000000e+06 9.645879311478948777e-28
1.981000250000000000e+06 1.460262499329767954e-28
2.497963000000000000e+06 1.387933979483260074e-29
3.147267500000000000e+06 6.907567839394965005e-31
3.970272000000000000e+06 1.304342495878697440e-32
5.004197000000000000e+06 4.862665251846031547e-35
6.286264000000000000e+06 8.099758863370552481e-39
7.940544000000000000e+06 1.722163572119005655e-45
1.000839400000000000e+07 9.999999999999999821e-201
