1.211760009765625000e+03 6.650761978381692620e-12
1.526073364257812500e+03 3.668979727251632708e-12
1.923100463867187500e+03 2.056108872105227695e-12
2.423520019531250000e+03 1.170733381962320378e-12
3.056282226562500000e+03 6.863855475654193650e-13
3.850336669921875000e+03 4.233191000068468513e-13
4.838769042968750000e+03 2.738168929742341986e-13
6.120835937500000000e+03 1.845864594267104002e-13
7.692401855468750000e+03 1.290913307200764082e-13
9.718894531250000000e+03 9.154442398119541686e-14
1.224167187500000000e+04 6.494020685314514225e-14
1.542616113281250000e+04 4.559758744138729860e-14
1.943778906250000000e+04 3.089582471514978687e-14
2.448334375000000000e+04 1.980797695202768434e-14
3.085232226562500000e+04 1.185077211464195368e-14
3.891693750000000000e+04 6.560214771043344364e-15
4.921482812500000000e+04 3.302469425689349951e-15
6.162192968750000000e+04 1.525716203327594531e-15
7.775115625000000000e+04 5.874405058758649110e-16
9.801609375000000000e+04 1.820234572973288058e-16
1.236574296875000000e+05 4.245881351143621794e-17
1.559158906250000000e+05 7.142248636106582198e-18
1.964457500000000000e+05 8.540775720586045925e-19
2.473148593750000000e+05 7.217442123330394584e-20
3.118317812500000000e+05 4.486150504829443696e-21
3.928915000000000000e+05 2.405474667257773375e-22
4.962840000000000000e+05 1.280911639306706252e-23
6.244907500000000000e+05 8.644556096564777738e-25
7.857830000000000000e+05 7.234024725501224512e-26
9.925680000000000000e+05 6.118022574614770487e-27
1.248981500000000000e+06 4.078112794256621728e-28
1.571566000000000000e+06 1.516725814156159536e-29
1.981000250000000000e+06 2.153905344046973761e-31
2.497963000000000000e+06 7.924921460994470554e-34
3.147267500000000000e+06 3.539478606522302799e-37
3.970272000000000000e+06 2.446537599872215385e-42
5.004197000000000000e+06 3.662043413838107892e-51
6.286264000000000000e+06 9.328475230682042276e-67
7.940544000000000000e+06 9.085540617712197245e-95
1.000839400000000000e+07 9.999999999999999821e-201
