1.211760009765625000e+03 1.029996283917913851e-13
1.526073364257812500e+03 6.853377226375692022e-14
1.923100463867187500e+03 4.543843652476819466e-14
2.423520019531250000e+03 3.001561117584246876e-14
3.056282226562500000e+03 1.970272183299297424e-14
3.850336669921875000e+03 1.293475027798698607e-14
4.838769042968750000e+03 8.451523689751418732e-15
6.120835937500000000e+03 5.471053937614113569e-15
7.692401855468750000e+03 3.545604075923190825e-15
9.718894531250000000e+03 2.257683429265967895e-15
1.224167187500000000e+04 1.437700639525539564e-15
1.542616113281250000e+04 8.939775961018878375e-16
1.943778906250000000e+04 5.387147265574616621e-16
2.448334375000000000e+04 3.092102376147698506e-16
3.085232226562500000e+04 1.667498023210682117e-16
3.891693750000000000e+04 8.377571565724270241e-17
4.921482812500000000e+04 3.844280815841508345e-17
6.162192968750000000e+04 1.622807234448441672e-17
7.775115625000000000e+04 5.748749335576645111e-18
9.801609375000000000e+04 1.657920662007517141e-18
1.236574296875000000e+05 3.625329461361092144e-19
1.559158906250000000e+05 5.747488760942371848e-20
1.964457500000000000e+05 6.504893136027743778e-21
2.473148593750000000e+05 5.275907984890638403e-22
3.118317812500000000e+05 3.198381222955325023e-23
3.928915000000000000e+05 1.692086346821031639e-24
4.962840000000000000e+05 8.912491988703619316e-26
6.244907500000000000e+05 5.910807587394718804e-27
7.857830000000000000e+05 4.947407714566927853e-28
9.925680000000000000e+05 4.140336207471856779e-29
1.248981500000000000e+06 2.769464658786213724e-30
1.571566000000000000e+06 1.032807386005893158e-31
1.981000250000000000e+06 1.476071778218526409e-33
2.497963000000000000e+06 5.477519245099119536e-36
3.147267500000000000e+06 2.504631047835698028e-39
3.970272000000000000e+06 1.766943822129932928e-44
5.004197000000000000e+06 2.761651088233876084e-53
6.286264000000000000e+06 7.296656653040338319e-69
7.940544000000000000e+06 7.461098844067188309e-97
1.000839400000000000e+07 9.999999999999999821e-201
