1.211760009765625000e+03 6.463942821685577019e-09
1.526073364257812500e+03 3.728316326614193201e-09
1.923100463867187500e+03 2.142434053758500318e-09
2.423520019531250000e+03 1.220551823747951147e-09
3.056282226562500000e+03 6.913235730874727582e-10
3.850336669921875000e+03 3.864782007246274202e-10
4.838769042968750000e+03 2.142734058734843688e-10
6.120835937500000000e+03 1.166235113553110356e-10
7.692401855468750000e+03 6.257669502153815834e-11
9.718894531250000000e+03 3.290398058036399369e-11
1.224167187500000000e+04 1.686732021845083849e-11
1.542616113281250000e+04 8.374720522234062707e-12
1.943778906250000000e+04 3.990626811362519331e-12
2.448334375000000000e+04 1.820101615271460172e-12
3.085232226562500000e+04 7.784642539446447351e-13
3.891693750000000000e+04 3.094114508759520279e-13
4.921482812500000000e+04 2.537608988319600227e-14
6.162192968750000000e+04 1.772297772682269657e-14
7.775115625000000000e+04 1.131616870152804218e-14
9.801609375000000000e+04 6.573309945869296638e-15
1.236574296875000000e+05 3.282963965851853499e-15
1.559158906250000000e+05 1.356895740716590200e-15
1.964457500000000000e+05 4.475764846632574755e-16
2.473148593750000000e+05 1.154035275667437636e-16
3.118317812500000000e+05 2.302189891467268268e-17
3.928915000000000000e+05 3.731962219972125387e-18
4.962840000000000000e+05 5.271909421168823739e-19
6.244907500000000000e+05 7.729942170918774317e-20
7.857830000000000000e+05 1.284640900219751816e-20
9.925680000000000000e+05 2.535913317507444526e-21
1.248981500000000000e+06 5.962506765032124002e-22
1.571566000000000000e+06 1.389211125651543520e-22
1.981000250000000000e+06 2.588837068846111078e-23
2.497963000000000000e+06 3.123638585329858691e-24
3.147267500000000000e+06 2.040285645139572037e-25
3.970272000000000000e+06 5.289384529784934506e-27
5.004197000000000000e+06 2.967856324338876214e-29
6.286264000000000000e+06 9.137054596326948877e-33
7.940544000000000000e+06 5.469396893679447947e-39
1.000839400000000000e+07 9.999999999999999821e-201
