1.211760009765625000e+03 6.264669054543055516e-13
1.526073364257812500e+03 4.094225356016647077e-13
1.923100463867187500e+03 2.660385143678137533e-13
2.423520019531250000e+03 1.724963546827461228e-13
3.056282226562500000e+03 1.111055742462009842e-13
3.850336669921875000e+03 7.133776118852149438e-14
4.838769042968750000e+03 4.584889470655341638e-14
6.120835937500000000e+03 2.909423750513044492e-14
7.692401855468750000e+03 1.840029464896638850e-14
9.718894531250000000e+03 1.154743469424095085e-14
1.224167187500000000e+04 7.239404590108825747e-15
1.542616113281250000e+04 4.513964612100550071e-15
1.943778906250000000e+04 2.791132047253554018e-15
2.448334375000000000e+04 1.705969830815494054e-15
3.085232226562500000e+04 1.017991716696843049e-15
3.891693750000000000e+04 5.872292796868790288e-16
4.921482812500000000e+04 3.252081421924148029e-16
6.162192968750000000e+04 1.737884223698147758e-16
7.775115625000000000e+04 8.683198756123004977e-17
9.801609375000000000e+04 3.942647207858468123e-17
1.236574296875000000e+05 1.565991367668370657e-17
1.559158906250000000e+05 5.216441291542040541e-18
1.964457500000000000e+05 1.400769297387501352e-18
2.473148593750000000e+05 2.988983331714831073e-19
3.118317812500000000e+05 4.964096953476297425e-20
3.928915000000000000e+05 6.834113939625795717e-21
4.962840000000000000e+05 8.166506869535004326e-22
6.244907500000000000e+05 1.019291394106446379e-22
7.857830000000000000e+05 1.444755563145691868e-23
9.925680000000000000e+05 2.439723502015783009e-24
1.248981500000000000e+06 4.927691541348860658e-25
1.571566000000000000e+06 9.834514404364888752e-26
1.981000250000000000e+06 1.556384190199150534e-26
2.497963000000000000e+06 1.618406948196267169e-27
3.147267500000000000e+06 9.100035089826055722e-29
3.970272000000000000e+06 2.073579317324325855e-30
5.004197000000000000e+06 1.060559608697465818e-32
6.286264000000000000e+06 3.123933686095972525e-36
7.940544000000000000e+06 1.982862922179860615e-42
1.000839400000000000e+07 9.999999999999999821e-201
