1.211760009765625000e+03 2.266739101246194726e-13
1.526073364257812500e+03 1.463636117609815832e-13
1.923100463867187500e+03 9.495769981860022707e-14
2.423520019531250000e+03 6.090304508293348851e-14
3.056282226562500000e+03 3.896102136900114701e-14
3.850336669921875000e+03 2.481143012765610189e-14
4.838769042968750000e+03 1.578200049082722911e-14
6.120835937500000000e+03 9.936421792006415965e-15
7.692401855468750000e+03 6.277286020969343420e-15
9.718894531250000000e+03 3.926748625864193581e-15
1.224167187500000000e+04 2.450070601074245816e-15
1.542616113281250000e+04 1.530653226997378402e-15
1.943778906250000000e+04 9.457554870859149132e-16
2.448334375000000000e+04 5.742630838942298296e-16
3.085232226562500000e+04 3.417872641579445549e-16
3.891693750000000000e+04 1.971167289709172509e-16
4.921482812500000000e+04 1.088954536735207089e-16
6.162192968750000000e+04 5.833096552808633193e-17
7.775115625000000000e+04 2.890664876231916969e-17
9.801609375000000000e+04 1.311984469847639373e-17
1.236574296875000000e+05 5.196563282845714825e-18
1.559158906250000000e+05 1.723288640955852417e-18
1.964457500000000000e+05 4.626445209299755773e-19
2.473148593750000000e+05 9.830078871682468185e-20
3.118317812500000000e+05 1.633115954259593340e-20
3.928915000000000000e+05 2.231137197936656457e-21
4.962840000000000000e+05 2.663469895454812628e-22
6.244907500000000000e+05 3.315538921349964636e-23
7.857830000000000000e+05 4.691731983411268089e-24
9.925680000000000000e+05 7.931287513721558676e-25
1.248981500000000000e+06 1.594108213626356807e-25
1.571566000000000000e+06 3.163550088117377355e-26
1.981000250000000000e+06 5.008166948660631691e-27
2.497963000000000000e+06 5.183429246670562874e-28
3.147267500000000000e+06 2.906955653694434093e-29
3.970272000000000000e+06 6.560476936167359542e-31
5.004197000000000000e+06 3.352736827495214499e-33
6.286264000000000000e+06 9.823236562059012914e-37
7.940544000000000000e+06 6.212970489496895788e-43
1.000839400000000000e+07 9.999999999999999821e-201
