1.211760009765625000e+03 1.145824161069505068e-12
1.526073364257812500e+03 6.319347832112649705e-13
1.923100463867187500e+03 3.586418910504156523e-13
2.423520019531250000e+03 2.142192968676231969e-13
3.056282226562500000e+03 1.348059110993335100e-13
3.850336669921875000e+03 8.935204531932006199e-14
4.838769042968750000e+03 6.170545877155438894e-14
6.120835937500000000e+03 4.279092309415668105e-14
7.692401855468750000e+03 3.038999690284985247e-14
9.718894531250000000e+03 2.128663661626776942e-14
1.224167187500000000e+04 1.439112712930693179e-14
1.542616113281250000e+04 9.194900754814542196e-15
1.943778906250000000e+04 5.480933548035755923e-15
2.448334375000000000e+04 2.970671531742902117e-15
3.085232226562500000e+04 1.459634181979786318e-15
3.891693750000000000e+04 6.413626008513068960e-16
4.921482812500000000e+04 2.434193572144967792e-16
6.162192968750000000e+04 8.002344924955151715e-17
7.775115625000000000e+04 2.003518205351371593e-17
9.801609375000000000e+04 3.724519622372195269e-18
1.236574296875000000e+05 4.793654530565098540e-19
1.559158906250000000e+05 4.191976816417499285e-20
1.964457500000000000e+05 2.472983329931308835e-21
2.473148593750000000e+05 1.066061125505637589e-22
3.118317812500000000e+05 3.673249223967520414e-24
3.928915000000000000e+05 1.243048156626708426e-25
4.962840000000000000e+05 4.649713728809866217e-27
6.244907500000000000e+05 2.137533594051365261e-28
7.857830000000000000e+05 8.855992067594894309e-30
9.925680000000000000e+05 2.172296742582461048e-31
1.248981500000000000e+06 2.390385539776390924e-33
1.571566000000000000e+06 7.328413140273935158e-36
1.981000250000000000e+06 3.303172154543839674e-39
2.497963000000000000e+06 6.357578611191994508e-44
3.147267500000000000e+06 2.364604972442826398e-51
3.970272000000000000e+06 1.749287787651870501e-64
5.004197000000000000e+06 3.075571702526775215e-88
6.286264000000000000e+06 5.087123267627068352e-129
7.940544000000000000e+06 1.362032196021950057e-196
1.000839400000000000e+07 9.999999999999999821e-201
