1.211760009765625000e+03 5.978213014275678441e-12
1.526073364257812500e+03 3.481080495936859177e-12
1.923100463867187500e+03 2.016870153171921553e-12
2.423520019531250000e+03 1.158278771515912723e-12
3.056282226562500000e+03 6.567573944330990487e-13
3.850336669921875000e+03 3.676637830426505181e-13
4.838769042968750000e+03 2.042897527297425079e-13
6.120835937500000000e+03 1.109416198961428808e-13
7.692401855468750000e+03 5.902578671355057934e-14
9.718894531250000000e+03 3.070327108307601071e-14
1.224167187500000000e+04 1.547686128045203403e-14
1.542616113281250000e+04 7.494960724415535006e-15
1.943778906250000000e+04 3.426571059496898229e-15
2.448334375000000000e+04 1.461830920393267635e-15
3.085232226562500000e+04 8.772423879602976533e-19
3.891693750000000000e+04 6.586038361356428000e-19
4.921482812500000000e+04 4.668413386706505705e-19
6.162192968750000000e+04 3.144813508476770503e-19
7.775115625000000000e+04 1.890963175994911383e-19
9.801609375000000000e+04 9.847521021226967795e-20
1.236574296875000000e+05 4.214003117608952003e-20
1.559158906250000000e+05 1.412214927158983051e-20
1.964457500000000000e+05 3.586355023605571154e-21
2.473148593750000000e+05 6.826835239187224543e-22
3.118317812500000000e+05 9.721997210053462563e-23
3.928915000000000000e+05 1.146244372007857790e-23
4.962840000000000000e+05 1.231429834798452244e-24
6.244907500000000000e+05 1.498065146668400094e-25
7.857830000000000000e+05 2.218687513641411772e-26
9.925680000000000000e+05 3.873082025807935831e-27
1.248981500000000000e+06 7.105396501262237873e-28
1.571566000000000000e+06 1.024232879921080354e-28
1.981000250000000000e+06 8.637264075134165346e-30
2.497963000000000000e+06 3.213657758620475353e-31
3.147267500000000000e+06 3.740639702363799273e-33
3.970272000000000000e+06 6.931578342211677911e-36
5.004197000000000000e+06 4.190335839044725627e-40
6.286264000000000000e+06 3.247210748021002222e-47
7.940544000000000000e+06 3.651377997517023202e-60
1.000839400000000000e+07 9.999999999999999821e-201
