1.211760009765625000e+03 4.097566836868122031e-13
1.526073364257812500e+03 2.383353407729496723e-13
1.923100463867187500e+03 1.373355162665705371e-13
2.423520019531250000e+03 7.784131529004789427e-14
3.056282226562500000e+03 4.355338510451078316e-14
3.850336669921875000e+03 2.398830211394239088e-14
4.838769042968750000e+03 1.291255282469783693e-14
6.120835937500000000e+03 6.755839869355858554e-15
7.692401855468750000e+03 3.452636885923516504e-15
9.718894531250000000e+03 1.691948085293417958e-15
1.224167187500000000e+04 7.931043941033803075e-16
1.542616113281250000e+04 3.531900864774915209e-16
1.943778906250000000e+04 1.471743859161279904e-16
2.448334375000000000e+04 4.897937574192937769e-19
3.085232226562500000e+04 3.806993901118022224e-19
3.891693750000000000e+04 2.865959965426070200e-19
4.921482812500000000e+04 2.071828280765613198e-19
6.162192968750000000e+04 1.452700970923412992e-19
7.775115625000000000e+04 9.480648115773993165e-20
9.801609375000000000e+04 5.686884456392681771e-20
1.236574296875000000e+05 3.004491760562558666e-20
1.559158906250000000e+05 1.343344657921490177e-20
1.964457500000000000e+05 4.894878264218009759e-21
2.473148593750000000e+05 1.426125822993200617e-21
3.118317812500000000e+05 3.249004034024941325e-22
3.928915000000000000e+05 6.050472954240634186e-23
4.962840000000000000e+05 9.700907941262247913e-24
6.244907500000000000e+05 1.566307301105040544e-24
7.857830000000000000e+05 2.768721136314832645e-25
9.925680000000000000e+05 5.620436723512330003e-26
1.248981500000000000e+06 1.329347510659930865e-26
1.571566000000000000e+06 3.102044262053407258e-27
1.981000250000000000e+06 6.086473980210972682e-28
2.497963000000000000e+06 8.246033941333391247e-29
3.147267500000000000e+06 6.539295021735759138e-30
3.970272000000000000e+06 2.369628035288292604e-31
5.004197000000000000e+06 2.466994925141560878e-33
6.286264000000000000e+06 2.489674246263098857e-36
7.940544000000000000e+06 1.584324807726568044e-41
1.000839400000000000e+07 9.999999999999999821e-201
