1.211760009765625000e+03 2.740014298209685994e-14
1.526073364257812500e+03 1.780097980876802885e-14
1.923100463867187500e+03 1.153618336076900826e-14
2.423520019531250000e+03 7.410380138352250515e-15
3.056282226562500000e+03 4.759350432755137180e-15
3.850336669921875000e+03 3.034944482907124753e-15
4.838769042968750000e+03 1.928020294759912220e-15
6.120835937500000000e+03 1.205275884830773642e-15
7.692401855468750000e+03 7.481286132206620494e-16
9.718894531250000000e+03 4.459638802794768965e-16
1.224167187500000000e+04 2.503908747052942885e-16
1.542616113281250000e+04 1.291817364663607017e-16
1.943778906250000000e+04 5.998755048050847647e-17
2.448334375000000000e+04 2.514154152102471044e-17
3.085232226562500000e+04 9.440932363497261453e-18
3.891693750000000000e+04 3.092721394240904003e-18
4.921482812500000000e+04 8.437351442780787812e-19
6.162192968750000000e+04 1.948264576130743597e-19
7.775115625000000000e+04 3.307038038039316913e-20
9.801609375000000000e+04 4.063632268076665457e-21
1.236574296875000000e+05 3.434586884683075560e-22
1.559158906250000000e+05 1.965635453832152458e-23
1.964457500000000000e+05 7.888782128053446636e-25
2.473148593750000000e+05 2.440923703222019469e-26
3.118317812500000000e+05 6.475177895474054228e-28
3.928915000000000000e+05 1.774225947482811877e-29
4.962840000000000000e+05 4.964882998759292643e-31
6.244907500000000000e+05 1.245458471255911537e-32
7.857830000000000000e+05 1.896562654525412581e-34
9.925680000000000000e+05 1.105103242874170243e-36
1.248981500000000000e+06 1.805271963614414904e-39
1.571566000000000000e+06 4.185107171102330328e-43
1.981000250000000000e+06 3.501982540876671087e-48
2.497963000000000000e+06 4.365192847413098280e-56
3.147267500000000000e+06 9.805000837952719567e-70
3.970272000000000000e+06 1.579133269376948891e-94
5.004197000000000000e+06 6.472444662861607169e-138
6.286264000000000000e+06 9.999999999999999821e-201
7.940544000000000000e+06 9.999999999999999821e-201
1.000839400000000000e+07 9.999999999999999821e-201
