1.211760009765625000e+03 3.736383133922298925e-12
1.526073364257812500e+03 2.699815270996484003e-12
1.923100463867187500e+03 1.954088201926178891e-12
2.423520019531250000e+03 1.419803925667490035e-12
3.056282226562500000e+03 1.026913786320610567e-12
3.850336669921875000e+03 7.401348480896084730e-13
4.838769042968750000e+03 5.255410158297179937e-13
6.120835937500000000e+03 3.691615793295068607e-13
7.692401855468750000e+03 2.563919032520938667e-13
9.718894531250000000e+03 1.688601100087339573e-13
1.224167187500000000e+04 1.040719273466449369e-13
1.542616113281250000e+04 5.877430837134421013e-14
1.943778906250000000e+04 2.975221463429245713e-14
2.448334375000000000e+04 1.348106795351497323e-14
3.085232226562500000e+04 5.438228520149920143e-15
3.891693750000000000e+04 1.901845914849291552e-15
4.921482812500000000e+04 5.503991875757936358e-16
6.162192968750000000e+04 1.338538743014032103e-16
7.775115625000000000e+04 2.363684238726818875e-17
9.801609375000000000e+04 2.996067858666694541e-18
1.236574296875000000e+05 2.585587879480517496e-19
1.559158906250000000e+05 1.477921393858760881e-20
1.964457500000000000e+05 5.940540387926887822e-22
2.473148593750000000e+05 1.822333449665753861e-23
3.118317812500000000e+05 4.768635683769678629e-25
3.928915000000000000e+05 1.278352541647872002e-26
4.962840000000000000e+05 3.485981679979929138e-28
6.244907500000000000e+05 8.446921314953458291e-30
7.857830000000000000e+05 1.218278094052782442e-31
9.925680000000000000e+05 6.652288148281768527e-34
1.248981500000000000e+06 1.045951444099716577e-36
1.571566000000000000e+06 2.284301523669399235e-40
1.981000250000000000e+06 1.791013928048354681e-45
2.497963000000000000e+06 2.074368501869861008e-53
3.147267500000000000e+06 4.303632104322959841e-67
3.970272000000000000e+06 6.399645354843424584e-92
5.004197000000000000e+06 2.404288570137537926e-135
6.286264000000000000e+06 9.999999999999999821e-201
7.940544000000000000e+06 9.999999999999999821e-201
1.000839400000000000e+07 9.999999999999999821e-201
