1.211760009765625000e+03 2.154647607228526272e-14
1.526073364257812500e+03 1.038390488844801683e-14
1.923100463867187500e+03 4.763580478503332763e-15
2.423520019531250000e+03 2.061238028880468229e-15
3.056282226562500000e+03 8.246502621829139585e-16
3.850336669921875000e+03 3.022055159658014724e-16
4.838769042968750000e+03 1.010531976440748577e-16
6.120835937500000000e+03 3.007741456222084899e-17
7.692401855468750000e+03 8.863587648396153477e-18
9.718894531250000000e+03 1.891770398624220750e-18
1.224167187500000000e+04 1.326499981681730563e-18
1.542616113281250000e+04 9.119971915652623313e-19
1.943778906250000000e+04 6.193253269623894074e-19
2.448334375000000000e+04 4.098738255534764542e-19
3.085232226562500000e+04 2.600686411251778154e-19
3.891693750000000000e+04 1.570924322134435157e-19
4.921482812500000000e+04 8.874228768134522611e-20
6.162192968750000000e+04 4.762686613030830486e-20
7.775115625000000000e+04 2.264845868319695244e-20
9.801609375000000000e+04 9.321460356166690431e-21
1.236574296875000000e+05 3.132126240534416669e-21
1.559158906250000000e+05 8.193301571385061782e-22
1.964457500000000000e+05 1.606592801926470012e-22
2.473148593750000000e+05 2.375632162043028309e-23
3.118317812500000000e+05 2.639325179593815404e-24
3.928915000000000000e+05 2.441614439760077553e-25
4.962840000000000000e+05 2.079934351423691913e-26
6.244907500000000000e+05 2.023498786017472918e-27
7.857830000000000000e+05 2.432053077489303026e-28
9.925680000000000000e+05 3.486258631388010870e-29
1.248981500000000000e+06 5.280369148055944605e-30
1.571566000000000000e+06 6.433545251663206164e-31
1.981000250000000000e+06 4.678088304187020030e-32
2.497963000000000000e+06 1.577096245108101956e-33
3.147267500000000000e+06 1.818460292268385010e-35
3.970272000000000000e+06 3.452745465178326177e-38
5.004197000000000000e+06 2.053851166039314362e-42
6.286264000000000000e+06 1.416464260115505788e-49
7.940544000000000000e+06 1.182486731529213734e-62
1.000839400000000000e+07 9.999999999999999821e-201
