1.211760009765625000e+03 4.757661190527727502e-16
1.526073364257812500e+03 2.136117577052163843e-16
1.923100463867187500e+03 8.946427916793738293e-17
2.423520019531250000e+03 3.437472483208515491e-17
3.056282226562500000e+03 1.170311467726527337e-17
3.850336669921875000e+03 3.511894587458178368e-18
4.838769042968750000e+03 8.918090213451618671e-19
6.120835937500000000e+03 1.665189618740516699e-20
7.692401855468750000e+03 1.199357413134124766e-20
9.718894531250000000e+03 8.522513080374517846e-21
1.224167187500000000e+04 5.969038338087456594e-21
1.542616113281250000e+04 4.060035803846089965e-21
1.943778906250000000e+04 2.626027034421670978e-21
2.448334375000000000e+04 1.591009812499411468e-21
3.085232226562500000e+04 8.915308539468940252e-22
3.891693750000000000e+04 4.563257427734550770e-22
4.921482812500000000e+04 2.102830845065951001e-22
6.162192968750000000e+04 8.643223212607668583e-23
7.775115625000000000e+04 2.874677089805337424e-23
9.801609375000000000e+04 7.451093141873708586e-24
1.236574296875000000e+05 1.408695675315850504e-24
1.559158906250000000e+05 1.872853595442417473e-25
1.964457500000000000e+05 1.714558621775393513e-26
2.473148593750000000e+05 1.111969461136272262e-27
3.118317812500000000e+05 5.494316414414820604e-29
3.928915000000000000e+05 2.481917602655422087e-30
4.962840000000000000e+05 1.182412322383757023e-31
6.244907500000000000e+05 7.340945565375862586e-33
7.857830000000000000e+05 5.366065971005613975e-34
9.925680000000000000e+05 3.344040469523479334e-35
1.248981500000000000e+06 1.371552150546189697e-36
1.571566000000000000e+06 2.494784410598610143e-38
1.981000250000000000e+06 1.295363881747653469e-40
2.497963000000000000e+06 1.102467074973739802e-43
3.147267500000000000e+06 4.082314924787435748e-48
3.970272000000000000e+06 2.181327338115284177e-55
5.004197000000000000e+06 2.518848796377838021e-68
6.286264000000000000e+06 3.044324274855957898e-91
7.940544000000000000e+06 1.844476149449493725e-131
1.000839400000000000e+07 9.999999999999999821e-201
