1.211760009765625000e+03 2.752468908656094328e-16
1.526073364257812500e+03 1.246068586613762016e-16
1.923100463867187500e+03 5.226597361916341365e-17
2.423520019531250000e+03 2.011419587094837641e-17
3.056282226562500000e+03 6.863852068100730745e-18
3.850336669921875000e+03 2.065589785257209867e-18
4.838769042968750000e+03 5.207416313449022926e-19
6.120835937500000000e+03 6.823336159631998378e-21
7.692401855468750000e+03 4.910908820500248128e-21
9.718894531250000000e+03 3.498391445289357621e-21
1.224167187500000000e+04 2.447908651781320739e-21
1.542616113281250000e+04 1.666363901351796517e-21
1.943778906250000000e+04 1.077344424378121272e-21
2.448334375000000000e+04 6.540302727767260368e-22
3.085232226562500000e+04 3.655276501182265541e-22
3.891693750000000000e+04 1.877955941413834359e-22
4.921482812500000000e+04 8.598241677603000212e-23
6.162192968750000000e+04 3.542821181417830817e-23
7.775115625000000000e+04 1.176324919570650147e-23
9.801609375000000000e+04 3.051141060285511798e-24
1.236574296875000000e+05 5.770709476951773615e-25
1.559158906250000000e+05 7.678899193241008358e-26
1.964457500000000000e+05 7.033510466785035574e-27
2.473148593750000000e+05 4.553088658159941808e-28
3.118317812500000000e+05 2.249200813232951062e-29
3.928915000000000000e+05 1.019359015376334153e-30
4.962840000000000000e+05 4.835424193773832648e-32
6.244907500000000000e+05 3.007134327985293235e-33
7.857830000000000000e+05 2.203628106874894509e-34
9.925680000000000000e+05 1.371914038778863563e-35
1.248981500000000000e+06 5.631169398583950070e-37
1.571566000000000000e+06 1.021061248461492841e-38
1.981000250000000000e+06 5.310821696521261720e-41
2.497963000000000000e+06 4.521041450312480516e-44
3.147267500000000000e+06 1.675248025290740481e-48
3.970272000000000000e+06 8.967679056696167762e-56
5.004197000000000000e+06 1.032909218658538113e-68
6.286264000000000000e+06 1.246049005522438969e-91
7.940544000000000000e+06 7.556762891077925175e-132
1.000839400000000000e+07 9.999999999999999821e-201
