1.211760009765625000e+03 1.444734811783289243e-13
1.526073364257812500e+03 7.931325448128865746e-14
1.923100463867187500e+03 4.261324876157017694e-14
2.423520019531250000e+03 2.235602575130175273e-14
3.056282226562500000e+03 1.145621048604587411e-14
3.850336669921875000e+03 5.683260399792461646e-15
4.838769042968750000e+03 2.722075672164343470e-15
6.120835937500000000e+03 1.233930464613176958e-15
7.692401855468750000e+03 5.378437425087781440e-16
9.718894531250000000e+03 2.201425841512068584e-16
1.224167187500000000e+04 1.322031472861355155e-17
1.542616113281250000e+04 1.004104845612024478e-17
1.943778906250000000e+04 7.211231176944252121e-18
2.448334375000000000e+04 4.858556351583238739e-18
3.085232226562500000e+04 3.005806996531956257e-18
3.891693750000000000e+04 1.675456248840649339e-18
4.921482812500000000e+04 8.383176756604080023e-19
6.162192968750000000e+04 3.715811707822600238e-19
7.775115625000000000e+04 1.311497154866647137e-19
9.801609375000000000e+04 3.565303791820963914e-20
1.236574296875000000e+05 6.966172364513272787e-21
1.559158906250000000e+05 9.448500675649896197e-22
1.964457500000000000e+05 8.747444092201273452e-23
2.473148593750000000e+05 5.681569163992317116e-24
3.118317812500000000e+05 2.776801473955289013e-25
3.928915000000000000e+05 1.226715494994959297e-26
4.962840000000000000e+05 5.633625336777820263e-28
6.244907500000000000e+05 3.294786963224109377e-29
7.857830000000000000e+05 2.160037676759358220e-30
9.925680000000000000e+05 1.145795493296717948e-31
1.248981500000000000e+06 3.786091466021951014e-33
1.571566000000000000e+06 5.171253002772141338e-35
1.981000250000000000e+06 1.859955211660483178e-37
2.497963000000000000e+06 9.511692330277567047e-41
3.147267500000000000e+06 1.536545137785061831e-45
3.970272000000000000e+06 1.738673075010120638e-53
5.004197000000000000e+06 1.093849644130452641e-67
6.286264000000000000e+06 8.652239328462602136e-93
7.940544000000000000e+06 1.543288849629357110e-136
1.000839400000000000e+07 9.999999999999999821e-201
