1.211760009765625000e+03 2.528285920620756490e-13
1.526073364257812500e+03 1.700982515060055964e-13
1.923100463867187500e+03 1.137922849065870287e-13
2.423520019531250000e+03 7.597312372308674602e-14
3.056282226562500000e+03 5.036782196451204310e-14
3.850336669921875000e+03 3.323727461395867024e-14
4.838769042968750000e+03 2.192003662693624502e-14
6.120835937500000000e+03 1.428502334282719992e-14
7.692401855468750000e+03 9.290028279697076155e-15
9.718894531250000000e+03 5.957704899756436495e-15
1.224167187500000000e+04 3.761780463687311075e-15
1.542616113281250000e+04 2.300312919038455438e-15
1.943778906250000000e+04 1.329777492262197232e-15
2.448334375000000000e+04 7.152874628719767067e-16
3.085232226562500000e+04 3.516227052546816610e-16
3.891693750000000000e+04 1.588398228067556538e-16
4.921482812500000000e+04 6.394093065882339959e-17
6.162192968750000000e+04 2.306916398626705903e-17
7.775115625000000000e+04 6.677806614229257638e-18
9.801609375000000000e+04 1.499550850406087428e-18
1.236574296875000000e+05 2.442436968185418074e-19
1.559158906250000000e+05 2.794221236396462895e-20
1.964457500000000000e+05 2.198231184348673721e-21
2.473148593750000000e+05 1.234626699620060783e-22
3.118317812500000000e+05 5.308396135174669380e-24
3.928915000000000000e+05 2.096827648421616229e-25
4.962840000000000000e+05 8.767969615057845675e-27
6.244907500000000000e+05 4.764292885788853447e-28
7.857830000000000000e+05 2.970051805544118113e-29
9.925680000000000000e+05 1.489534141285733398e-30
1.248981500000000000e+06 4.658501803830141696e-32
1.571566000000000000e+06 6.014901528904152388e-34
1.981000250000000000e+06 2.039090242291718052e-36
2.497963000000000000e+06 9.858056476758262691e-40
3.147267500000000000e+06 1.506882104237087680e-44
3.970272000000000000e+06 1.608505037308828076e-52
5.004197000000000000e+06 9.632407313984581520e-67
6.286264000000000000e+06 7.242042592488150170e-92
7.940544000000000000e+06 1.225891142850144929e-135
1.000839400000000000e+07 9.999999999999999821e-201
