1.211760009765625000e+03 3.462381704101331121e-13
1.526073364257812500e+03 2.333906241594030323e-13
1.923100463867187500e+03 1.569548757332234566e-13
2.423520019531250000e+03 1.052414582721447605e-13
3.056282226562500000e+03 7.011990900941873978e-14
3.850336669921875000e+03 4.664193017760710103e-14
4.838769042968750000e+03 3.096244149437794019e-14
6.120835937500000000e+03 2.026995553645997105e-14
7.692401855468750000e+03 1.327985095139855696e-14
9.718894531250000000e+03 8.559389985179789720e-15
1.224167187500000000e+04 5.444365974601762987e-15
1.542616113281250000e+04 3.340930668127281203e-15
1.943778906250000000e+04 1.938431866829968648e-15
2.448334375000000000e+04 1.048188546221198535e-15
3.085232226562500000e+04 5.189270569484414423e-16
3.891693750000000000e+04 2.348923956707968952e-16
4.921482812500000000e+04 9.475892260519888598e-17
6.162192968750000000e+04 3.416471344678995766e-17
7.775115625000000000e+04 9.896389081447865417e-18
9.801609375000000000e+04 2.220573825675091200e-18
1.236574296875000000e+05 3.620889046220406510e-19
1.559158906250000000e+05 4.148122247846295326e-20
1.964457500000000000e+05 3.274606453926300218e-21
2.473148593750000000e+05 1.840508320729905749e-22
3.118317812500000000e+05 7.886381274479220727e-24
3.928915000000000000e+05 3.106015105059911580e-25
4.962840000000000000e+05 1.296758122974676666e-26
6.244907500000000000e+05 7.053628428310769560e-28
7.857830000000000000e+05 4.387576530917447365e-29
9.925680000000000000e+05 2.196108028818708951e-30
1.248981500000000000e+06 6.860702656549844884e-32
1.571566000000000000e+06 8.827063282677519848e-34
1.981000250000000000e+06 2.988124766274218540e-36
2.497963000000000000e+06 1.438743377689043969e-39
3.147267500000000000e+06 2.189131875840493159e-44
3.970272000000000000e+06 2.333726961644600269e-52
5.004197000000000000e+06 1.379556640731690296e-66
6.286264000000000000e+06 1.028078910742664754e-91
7.940544000000000000e+06 1.738787437138292239e-135
1.000839400000000000e+07 9.999999999999999821e-201
