1.211760009765625000e+03 1.394916369997658623e-13
1.526073364257812500e+03 9.513634764463801643e-14
1.923100463867187500e+03 6.458693136422146868e-14
2.423520019531250000e+03 4.371568266689090188e-14
3.056282226562500000e+03 2.948001236665866322e-14
3.850336669921875000e+03 1.983331001472099609e-14
4.838769042968750000e+03 1.331673136448253515e-14
6.120835937500000000e+03 8.847632484512934505e-15
7.692401855468750000e+03 5.877218007151663914e-15
9.718894531250000000e+03 3.866823466975758300e-15
1.224167187500000000e+04 2.523915252078243273e-15
1.542616113281250000e+04 1.611468876380108149e-15
1.943778906250000000e+04 9.963181499947875266e-16
2.448334375000000000e+04 5.863163141175704319e-16
3.085232226562500000e+04 3.264043838416644423e-16
3.891693750000000000e+04 1.686960679018345807e-16
4.921482812500000000e+04 8.001256216150323644e-17
6.162192968750000000e+04 3.501733758309641863e-17
7.775115625000000000e+04 1.290118141760830650e-17
9.801609375000000000e+04 3.874183138896087328e-18
1.236574296875000000e+05 8.855746178318027569e-19
1.559158906250000000e+05 1.486296792687839211e-19
1.964457500000000000e+05 1.769897331034417682e-20
2.473148593750000000e+05 1.521672158385771035e-21
3.118317812500000000e+05 9.726253873252940479e-23
3.928915000000000000e+05 5.416966225419123534e-24
4.962840000000000000e+05 2.991351430186197660e-25
6.244907500000000000e+05 2.072436400364577722e-26
7.857830000000000000e+05 1.808406068932877724e-27
9.925680000000000000e+05 1.612607976637597242e-28
1.248981500000000000e+06 1.166481132256619630e-29
1.571566000000000000e+06 4.790098460823522677e-31
1.981000250000000000e+06 7.757913494067965786e-33
2.497963000000000000e+06 3.410201818765500178e-35
3.147267500000000000e+06 1.972164979336804541e-38
3.970272000000000000e+06 2.137703182368287090e-43
5.004197000000000000e+06 7.487220533456876762e-52
6.286264000000000000e+06 8.392551692786881267e-67
7.940544000000000000e+06 9.953111962287073934e-94
1.000839400000000000e+07 9.999999999999999821e-201
