1.211760009765625000e+03 3.375199430976477031e-13
1.526073364257812500e+03 2.304237941912750180e-13
1.923100463867187500e+03 1.577396501118895996e-13
2.423520019531250000e+03 1.077323803614262915e-13
3.056282226562500000e+03 7.357658027859531413e-14
3.850336669921875000e+03 5.017121900957089967e-14
4.838769042968750000e+03 3.399352971261349544e-14
6.120835937500000000e+03 2.282146986255982334e-14
7.692401855468750000e+03 1.535912972535634899e-14
9.718894531250000000e+03 1.022388124668390620e-14
1.224167187500000000e+04 6.754826326818101163e-15
1.542616113281250000e+04 4.379403652280059131e-15
1.943778906250000000e+04 2.745250729841753374e-15
2.448334375000000000e+04 1.634421583602076700e-15
3.085232226562500000e+04 9.108135358013870871e-16
3.891693750000000000e+04 4.726203510922711196e-16
4.921482812500000000e+04 2.242474793581102963e-16
6.162192968750000000e+04 9.799090352471426846e-17
7.775115625000000000e+04 3.638794758812599776e-17
9.801609375000000000e+04 1.090234870497040035e-17
1.236574296875000000e+05 2.503176641532636725e-18
1.559158906250000000e+05 4.202372149883890127e-19
1.964457500000000000e+05 5.024224681646089389e-20
2.473148593750000000e+05 4.315562022962923579e-21
3.118317812500000000e+05 2.768713024844061890e-22
3.928915000000000000e+05 1.544567396707345026e-23
4.962840000000000000e+05 8.539234380391421343e-25
6.244907500000000000e+05 5.914487443962837393e-26
7.857830000000000000e+05 5.176156293113267097e-27
9.925680000000000000e+05 4.614735869903637395e-28
1.248981500000000000e+06 3.339819662882110380e-29
1.571566000000000000e+06 1.375879345130161108e-30
1.981000250000000000e+06 2.230400129544540010e-32
2.497963000000000000e+06 9.743433767901426636e-35
3.147267500000000000e+06 5.644964977087229970e-38
3.970272000000000000e+06 6.100011606252941805e-43
5.004197000000000000e+06 2.111712551865831035e-51
6.286264000000000000e+06 2.380659465330140304e-66
7.940544000000000000e+06 2.811928134799985319e-93
1.000839400000000000e+07 9.999999999999999821e-201
