1.211760009765625000e+03 3.213289495173176284e-11
1.526073364257812500e+03 2.343795674821123825e-11
1.923100463867187500e+03 1.718644605328641390e-11
2.423520019531250000e+03 1.263987648949555995e-11
3.056282226562500000e+03 9.227694304744449794e-12
3.850336669921875000e+03 6.725165519596290734e-12
4.838769042968750000e+03 4.862205104755415840e-12
6.120835937500000000e+03 3.427559743562734510e-12
7.692401855468750000e+03 2.342365533771350197e-12
9.718894531250000000e+03 1.498485362444303197e-12
1.224167187500000000e+04 8.757613834696148604e-13
1.542616113281250000e+04 4.575843883980673893e-13
1.943778906250000000e+04 2.125248593562446391e-13
2.448334375000000000e+04 8.760301578977426125e-14
3.085232226562500000e+04 3.167182334634941735e-14
3.891693750000000000e+04 9.732180396302344110e-15
4.921482812500000000e+04 2.430043432059270624e-15
6.162192968750000000e+04 5.048147744958624057e-16
7.775115625000000000e+04 7.496373432164348947e-17
9.801609375000000000e+04 7.891448497120107325e-18
1.236574296875000000e+05 5.632288947525820809e-19
1.559158906250000000e+05 2.721505038130190974e-20
1.964457500000000000e+05 9.255894837332628722e-22
2.473148593750000000e+05 2.444850489819256595e-23
3.118317812500000000e+05 5.534769876495628771e-25
3.928915000000000000e+05 1.241595708930325683e-26
4.962840000000000000e+05 2.326036389647659579e-28
6.244907500000000000e+05 3.079158086805446327e-30
7.857830000000000000e+05 1.963890332956449886e-32
9.925680000000000000e+05 3.613493907938365438e-35
1.248981500000000000e+06 1.373240206069135187e-38
1.571566000000000000e+06 3.621531221559163330e-43
1.981000250000000000e+06 6.426539513713573305e-50
2.497963000000000000e+06 4.728767981813935264e-61
3.147267500000000000e+06 1.117123426473619103e-80
3.970272000000000000e+06 1.308570005300961950e-115
5.004197000000000000e+06 3.314381060240063438e-174
6.286264000000000000e+06 9.999999999999999821e-201
7.940544000000000000e+06 9.999999999999999821e-201
1.000839400000000000e+07 9.999999999999999821e-201
