1.211760009765625000e+03 8.506498934896434508e-11
1.526073364257812500e+03 5.122726411634355199e-11
1.923100463867187500e+03 3.052772333011196346e-11
2.423520019531250000e+03 1.805918514729110945e-11
3.056282226562500000e+03 1.056737461719422723e-11
3.850336669921875000e+03 6.114662266787171912e-12
4.838769042968750000e+03 3.493160279112175125e-12
6.120835937500000000e+03 1.959851251338511405e-12
7.692401855468750000e+03 1.088145425615723630e-12
9.718894531250000000e+03 5.858686657026746464e-13
1.224167187500000000e+04 3.091334867810576269e-13
1.542616113281250000e+04 1.562647690605754814e-13
1.943778906250000000e+04 7.545674629682397969e-14
2.448334375000000000e+04 3.377251829674087036e-14
3.085232226562500000e+04 1.382942752859558307e-14
3.891693750000000000e+04 4.989983727043085848e-15
4.921482812500000000e+04 2.953594350420004075e-18
6.162192968750000000e+04 1.870831809448182260e-18
7.775115625000000000e+04 1.042418528699832819e-18
9.801609375000000000e+04 4.930664901733287836e-19
1.236574296875000000e+05 1.864739374328817192e-19
1.559158906250000000e+05 5.391536770221156537e-20
1.964457500000000000e+05 1.160931036352989844e-20
2.473148593750000000e+05 1.821053004726026773e-21
3.118317812500000000e+05 2.139234704771491327e-22
3.928915000000000000e+05 2.081257915188311972e-23
4.962840000000000000e+05 1.897680774455034965e-24
6.244907500000000000e+05 2.011067986863478286e-25
7.857830000000000000e+05 2.662044974738555162e-26
9.925680000000000000e+05 4.080364657315136240e-27
1.248981500000000000e+06 6.146757260073435702e-28
1.571566000000000000e+06 6.683982804153532935e-29
1.981000250000000000e+06 3.822800684397798335e-30
2.497963000000000000e+06 8.668072883635737856e-32
3.147267500000000000e+06 5.314430242049663557e-34
3.970272000000000000e+06 3.327816457924791094e-37
5.004197000000000000e+06 2.471578148620997023e-42
6.286264000000000000e+06 3.528264832952006778e-51
7.940544000000000000e+06 2.319508455667432179e-67
1.000839400000000000e+07 9.999999999999999821e-201
