1.211760009765625000e+03 1.357552538658435216e-14
1.526073364257812500e+03 9.038941969563322641e-15
1.923100463867187500e+03 6.003523996795797132e-15
2.423520019531250000e+03 3.966793427180840770e-15
3.056282226562500000e+03 2.612215501166236674e-15
3.850336669921875000e+03 1.720728676358697834e-15
4.838769042968750000e+03 1.132158197605106811e-15
6.120835937500000000e+03 7.395665099390607341e-16
7.692401855468750000e+03 4.842737299587094397e-16
9.718894531250000000e+03 3.161830894268403180e-16
1.224167187500000000e+04 2.048622710017326789e-16
1.542616113281250000e+04 1.321498355635730951e-16
1.943778906250000000e+04 8.367480777469590838e-17
2.448334375000000000e+04 5.150309040252982629e-17
3.085232226562500000e+04 3.030271620236384993e-17
3.891693750000000000e+04 1.686558745732439666e-17
4.921482812500000000e+04 8.771280192156374780e-18
6.162192968750000000e+04 4.296387004256000019e-18
7.775115625000000000e+04 1.851894369422049660e-18
9.801609375000000000e+04 6.796321891578316472e-19
1.236574296875000000e+05 2.002141222963571704e-19
1.559158906250000000e+05 4.502211117401171370e-20
1.964457500000000000e+05 7.563641600481601090e-21
2.473148593750000000e+05 9.242530325493907267e-22
3.118317812500000000e+05 8.514154124990535603e-23
3.928915000000000000e+05 6.538093046702676875e-24
4.962840000000000000e+05 4.710140999160188955e-25
6.244907500000000000e+05 3.979573688290691016e-26
7.857830000000000000e+05 4.221032639502571586e-27
9.925680000000000000e+05 5.225730175157981133e-28
1.248981500000000000e+06 6.417369214919436137e-29
1.571566000000000000e+06 5.762054141511666178e-30
1.981000250000000000e+06 2.758935997809573351e-31
2.497963000000000000e+06 5.332412693593771239e-33
3.147267500000000000e+06 2.870360718968001175e-35
3.970272000000000000e+06 1.648189797649660773e-38
5.004197000000000000e+06 1.158963821022989758e-43
6.286264000000000000e+06 1.564419312724002845e-52
7.940544000000000000e+06 9.701088824017876039e-69
1.000839400000000000e+07 9.999999999999999821e-201
