1.211760009765625000e+03 4.446295929367536068e-12
1.526073364257812500e+03 2.699815270996484003e-12
1.923100463867187500e+03 1.726503633065458123e-12
2.423520019531250000e+03 1.158278771515912723e-12
3.056282226562500000e+03 7.950221090505937234e-13
3.850336669921875000e+03 5.526713971903789718e-13
4.838769042968750000e+03 3.867427451874193715e-13
6.120835937500000000e+03 2.687091652778587886e-13
7.692401855468750000e+03 1.862591269071959473e-13
9.718894531250000000e+03 1.281781445862729894e-13
1.224167187500000000e+04 8.795583731032476291e-14
1.542616113281250000e+04 5.970857533857791696e-14
1.943778906250000000e+04 3.974553369298055208e-14
2.448334375000000000e+04 2.561082637502849162e-14
3.085232226562500000e+04 1.578181729733848214e-14
3.891693750000000000e+04 9.143657332235373501e-15
4.921482812500000000e+04 4.940557822520733588e-15
6.162192968750000000e+04 2.501693698680708189e-15
7.775115625000000000e+04 1.112301335093117640e-15
9.801609375000000000e+04 4.157749863083205252e-16
1.236574296875000000e+05 1.246431055472419785e-16
1.559158906250000000e+05 2.862516945014325075e-17
1.964457500000000000e+05 4.831349363408401808e-18
2.473148593750000000e+05 6.030522261881668415e-19
3.118317812500000000e+05 5.626187273549022946e-20
3.928915000000000000e+05 4.383255306229930355e-21
4.962840000000000000e+05 3.201728075875417492e-22
6.244907500000000000e+05 2.745267410639032788e-23
7.857830000000000000e+05 2.970901021531426795e-24
9.925680000000000000e+05 3.722437932989246160e-25
1.248981500000000000e+06 4.639062083074289341e-26
1.571566000000000000e+06 4.231652561526168388e-27
1.981000250000000000e+06 2.059570911361603999e-28
2.497963000000000000e+06 4.032201761048411157e-30
3.147267500000000000e+06 2.199662570773497694e-32
3.970272000000000000e+06 1.275438426519083213e-35
5.004197000000000000e+06 9.043429815558176237e-41
6.286264000000000000e+06 1.223242760481002179e-49
7.940544000000000000e+06 7.585813817277136785e-66
1.000839400000000000e+07 9.999999999999999821e-201
