1.211760009765625000e+03 2.416194426603087333e-11
1.526073364257812500e+03 1.691093081832962825e-11
1.923100463867187500e+03 1.192857054730782907e-11
2.423520019531250000e+03 8.344456165591172712e-12
3.056282226562500000e+03 5.825736400433147105e-12
3.850336669921875000e+03 4.033480718648706025e-12
4.838769042968750000e+03 2.770644739605458098e-12
6.120835937500000000e+03 1.877378558584545217e-12
7.692401855468750000e+03 1.256646655287823542e-12
9.718894531250000000e+03 8.046102276172464820e-13
1.224167187500000000e+04 4.834282759162052240e-13
1.542616113281250000e+04 2.650165845053020127e-13
1.943778906250000000e+04 1.306857615368686126e-13
2.448334375000000000e+04 5.775531135446591660e-14
3.085232226562500000e+04 2.267730897466854301e-14
3.891693750000000000e+04 7.706057719387177396e-15
4.921482812500000000e+04 2.167853280778496175e-15
6.162192968750000000e+04 5.123436204580678597e-16
7.775115625000000000e+04 8.764241134383222142e-17
9.801609375000000000e+04 1.076939389520185069e-17
1.236574296875000000e+05 8.957102210510652253e-19
1.559158906250000000e+05 5.024866521736088554e-20
1.964457500000000000e+05 1.969741269540499568e-21
2.473148593750000000e+05 5.892878602374448738e-23
3.118317812500000000e+05 1.506937131915385003e-24
3.928915000000000000e+05 4.008862525358349452e-26
4.962840000000000000e+05 1.087562982448423108e-27
6.244907500000000000e+05 2.631655025412353955e-29
7.857830000000000000e+05 3.846337001380290908e-31
9.925680000000000000e+05 2.133021490216748532e-33
1.248981500000000000e+06 3.306794383814424769e-36
1.571566000000000000e+06 7.222421154154305723e-40
1.981000250000000000e+06 5.551809868338163654e-45
2.497963000000000000e+06 6.093171422181005567e-53
3.147267500000000000e+06 1.102427547913398326e-66
3.970272000000000000e+06 1.253996018357367153e-91
5.004197000000000000e+06 3.034252386157523850e-135
6.286264000000000000e+06 9.999999999999999821e-201
7.940544000000000000e+06 9.999999999999999821e-201
1.000839400000000000e+07 9.999999999999999821e-201
