1.211760009765625000e+03 1.855736956514741858e-13
1.526073364257812500e+03 1.196621420478295304e-13
1.923100463867187500e+03 7.722179880625594709e-14
2.423520019531250000e+03 4.950628844511180716e-14
3.056282226562500000e+03 3.159721437523062796e-14
3.850336669921875000e+03 2.004992357231200927e-14
4.838769042968750000e+03 1.268712742714957300e-14
6.120835937500000000e+03 7.920190794028549819e-15
7.692401855468750000e+03 4.915649777914316605e-15
9.718894531250000000e+03 2.912746702126949306e-15
1.224167187500000000e+04 1.635427571716524131e-15
1.542616113281250000e+04 8.361846432228358740e-16
1.943778906250000000e+04 3.880485189192908174e-16
2.448334375000000000e+04 1.616286698352591384e-16
3.085232226562500000e+04 6.023010044189487099e-17
3.891693750000000000e+04 1.955136929947374968e-17
4.921482812500000000e+04 5.302662701184812242e-18
6.162192968750000000e+04 1.212703248423683598e-18
7.775115625000000000e+04 2.034555977624676434e-19
9.801609375000000000e+04 2.468338318209529189e-20
1.236574296875000000e+05 2.059755571615318828e-21
1.559158906250000000e+05 1.171024927910335096e-22
1.964457500000000000e+05 4.655752091641180056e-24
2.473148593750000000e+05 1.429267241128388297e-25
3.118317812500000000e+05 3.779115776131551392e-27
3.928915000000000000e+05 1.029840097473534347e-28
4.962840000000000000e+05 2.880848652567139991e-30
6.244907500000000000e+05 7.231124168925836318e-32
7.857830000000000000e+05 1.093762932314330281e-33
9.925680000000000000e+05 6.338120999501196055e-36
1.248981500000000000e+06 1.029037413145048219e-38
1.571566000000000000e+06 2.357732525529711553e-42
1.981000250000000000e+06 1.913239093088844265e-47
2.497963000000000000e+06 2.218251347245619756e-55
3.147267500000000000e+06 4.248939507582889134e-69
3.970272000000000000e+06 5.154583633353178183e-94
5.004197000000000000e+06 1.325361442273606405e-137
6.286264000000000000e+06 9.999999999999999821e-201
7.940544000000000000e+06 9.999999999999999821e-201
1.000839400000000000e+07 9.999999999999999821e-201
