1.211760009765625000e+03 6.003122235168493978e-10
1.526073364257812500e+03 3.471191062709764847e-10
1.923100463867187500e+03 2.001174665598599306e-10
2.423520019531250000e+03 1.139596855846301305e-10
3.056282226562500000e+03 6.468813433889923843e-11
3.850336669921875000e+03 3.629602574756642975e-11
4.838769042968750000e+03 2.021095792492182513e-11
6.120835937500000000e+03 1.099681120582514174e-11
7.692401855468750000e+03 5.963848596243772715e-12
9.718894531250000000e+03 3.151388571231916398e-12
1.224167187500000000e+04 1.638361490270267805e-12
1.542616113281250000e+04 8.416033575213861812e-13
1.943778906250000000e+04 4.246426183711994877e-13
2.448334375000000000e+04 2.142880578710263134e-13
3.085232226562500000e+04 1.098059434491125546e-13
3.891693750000000000e+04 3.519268229598289243e-14
4.921482812500000000e+04 2.560405702253731540e-14
6.162192968750000000e+04 1.812366043471470753e-14
7.775115625000000000e+04 1.202132465549816982e-14
9.801609375000000000e+04 7.388625657080661176e-15
1.236574296875000000e+05 4.057266283730671957e-15
1.559158906250000000e+05 1.911954003875308687e-15
1.964457500000000000e+05 7.472948868944993283e-16
2.473148593750000000e+05 2.363325000720820469e-16
3.118317812500000000e+05 5.929283564163568887e-17
3.928915000000000000e+05 1.215080852755232122e-17
4.962840000000000000e+05 2.131743451925794861e-18
6.244907500000000000e+05 3.674595827739025650e-19
7.857830000000000000e+05 6.738420957810174343e-20
9.925680000000000000e+05 1.389255501860322845e-20
1.248981500000000000e+06 3.320606769300984771e-21
1.571566000000000000e+06 8.073064808432501671e-22
1.981000250000000000e+06 1.684104043067517082e-22
2.497963000000000000e+06 2.590985997051672778e-23
3.147267500000000000e+06 2.502366715828166781e-24
3.970272000000000000e+06 1.243029633113605532e-25
5.004197000000000000e+06 2.250924639706594584e-27
6.286264000000000000e+06 6.475211265297907818e-30
7.940544000000000000e+06 3.450704485100016905e-34
1.000839400000000000e+07 9.999999999999999821e-201
