1.211760009765625000e+03 9.864051473554870590e-14
1.526073364257812500e+03 6.546804796335797466e-14
1.923100463867187500e+03 4.324106826450307748e-14
2.423520019531250000e+03 2.852105792227354763e-14
3.056282226562500000e+03 1.866573647336176557e-14
3.850336669921875000e+03 1.222933048946082873e-14
4.838769042968750000e+03 7.984575970339483928e-15
6.120835937500000000e+03 5.153214219770076236e-15
7.692401855468750000e+03 3.335046912373162399e-15
9.718894531250000000e+03 2.126799183540751210e-15
1.224167187500000000e+04 1.367354326466163303e-15
1.542616113281250000e+04 8.738225115796293838e-16
1.943778906250000000e+04 5.551237138343499952e-16
2.448334375000000000e+04 3.496598338065471534e-16
3.085232226562500000e+04 2.167842660368746230e-16
3.891693750000000000e+04 1.311662089646612912e-16
4.921482812500000000e+04 7.670636917908905017e-17
6.162192968750000000e+04 4.387228583033476192e-17
7.775115625000000000e+04 2.364850751901279309e-17
9.801609375000000000e+04 1.190624248740997939e-17
1.236574296875000000e+05 5.396605697827979267e-18
1.559158906250000000e+05 2.123288321598847371e-18
1.964457500000000000e+05 6.995274580447088121e-19
2.473148593750000000e+05 1.889166588253926354e-19
3.118317812500000000e+05 4.101619096356877788e-20
3.928915000000000000e+05 7.417056038693397354e-21
4.962840000000000000e+05 1.166126987315843749e-21
6.244907500000000000e+05 1.837297913869513186e-22
7.857830000000000000e+05 3.163457167216227764e-23
9.925680000000000000e+05 6.231017250918081065e-24
1.248981500000000000e+06 1.477558582581579012e-24
1.571566000000000000e+06 3.670959658174024060e-25
1.981000250000000000e+06 8.027254161324567284e-26
2.497963000000000000e+06 1.306025461928485672e-26
3.147267500000000000e+06 1.342733359712674773e-27
3.970272000000000000e+06 7.135910856763291806e-29
5.004197000000000000e+06 1.392061195619964712e-30
6.286264000000000000e+06 4.347743837449201486e-33
7.940544000000000000e+06 2.506363670761113486e-37
1.000839400000000000e+07 9.999999999999999821e-201
