1.211760009765625000e+03 1.211833596435465640e-12
1.526073364257812500e+03 7.891767715220493737e-13
1.923100463867187500e+03 5.195206386769697230e-13
2.423520019531250000e+03 3.449927093654922456e-13
3.056282226562500000e+03 2.301119893276873725e-13
3.850336669921875000e+03 1.536505625598924436e-13
4.838769042968750000e+03 1.026142771188160562e-13
6.120835937500000000e+03 6.805201553380578625e-14
7.692401855468750000e+03 4.512122293210748316e-14
9.718894531250000000e+03 2.965099591651703628e-14
1.224167187500000000e+04 1.946324176411295982e-14
1.542616113281250000e+04 1.269239402294433696e-14
1.943778906250000000e+04 8.184021372244935395e-15
2.448334375000000000e+04 5.226686057420784220e-15
3.085232226562500000e+04 3.270614796295455579e-15
3.891693750000000000e+04 1.992579567878460956e-15
4.921482812500000000e+04 1.174400962603984230e-15
6.162192968750000000e+04 6.762845807034133458e-16
7.775115625000000000e+04 3.665518665446982882e-16
9.801609375000000000e+04 1.857711593780280402e-16
1.236574296875000000e+05 8.487388961129459576e-17
1.559158906250000000e+05 3.356486222667966731e-17
1.964457500000000000e+05 1.114573339828443565e-17
2.473148593750000000e+05 3.035360545949490340e-18
3.118317812500000000e+05 6.641222630111522728e-19
3.928915000000000000e+05 1.207486597425511944e-19
4.962840000000000000e+05 1.910126558408757066e-20
6.244907500000000000e+05 3.039892912038648645e-21
7.857830000000000000e+05 5.246709448065937871e-22
9.925680000000000000e+05 1.045380377637470762e-22
1.248981500000000000e+06 2.496026564843693166e-23
1.571566000000000000e+06 6.207120583841970691e-24
1.981000250000000000e+06 1.362551210668636828e-24
2.497963000000000000e+06 2.217083546257629772e-25
3.147267500000000000e+06 2.273491711331688203e-26
3.970272000000000000e+06 1.208501032193782988e-27
5.004197000000000000e+06 2.362672671465077893e-29
6.286264000000000000e+06 7.424718540143138935e-32
7.940544000000000000e+06 4.270321040941329239e-36
1.000839400000000000e+07 9.999999999999999821e-201
