1.211760009765625000e+03 1.893100787853964772e-12
1.526073364257812500e+03 1.077948221753175188e-12
1.923100463867187500e+03 6.019219484369120150e-13
2.423520019531250000e+03 3.325380989190846411e-13
3.056282226562500000e+03 1.792503264505375955e-13
3.850336669921875000e+03 9.524744516136617819e-14
4.838769042968750000e+03 4.896543709154202554e-14
6.120835937500000000e+03 2.447711033634833743e-14
7.692401855468750000e+03 1.179944997008163180e-14
9.718894531250000000e+03 5.436078722995446858e-15
1.224167187500000000e+04 2.399085726366382898e-15
1.542616113281250000e+04 1.169243953589542755e-16
1.943778906250000000e+04 8.677568140124959860e-17
2.448334375000000000e+04 6.161003130077337906e-17
3.085232226562500000e+04 4.119207510433245035e-17
3.891693750000000000e+04 2.561043538939853111e-17
4.921482812500000000e+04 1.474531144440993440e-17
6.162192968750000000e+04 7.859859498811873592e-18
7.775115625000000000e+04 3.580646527654807542e-18
9.801609375000000000e+04 1.351387806786068483e-18
1.236574296875000000e+05 3.969059641428637716e-19
1.559158906250000000e+05 8.654733294781281266e-20
1.964457500000000000e+05 1.363906649883479185e-20
2.473148593750000000e+05 1.550751702337115894e-21
3.118317812500000000e+05 1.298480679260166653e-22
3.928915000000000000e+05 9.110219578704085358e-24
4.962840000000000000e+05 6.051941688158615515e-25
6.244907500000000000e+05 4.778641122779279855e-26
7.857830000000000000e+05 4.769358503880514316e-27
9.925680000000000000e+05 5.251791023263574178e-28
1.248981500000000000e+06 5.317937975651221960e-29
1.571566000000000000e+06 3.552205974535970098e-30
1.981000250000000000e+06 1.116228132748204136e-31
2.497963000000000000e+06 1.209133013793083153e-33
3.147267500000000000e+06 2.751788793108669280e-36
3.970272000000000000e+06 3.419973542702339129e-40
5.004197000000000000e+06 1.263078695814957218e-46
6.286264000000000000e+06 6.933040892964912900e-58
7.940544000000000000e+06 2.224508871790367686e-78
1.000839400000000000e+07 9.999999999999999821e-201
