1.211760009765625000e+03 5.093935672580735098e-10
1.526073364257812500e+03 3.065724300398938625e-10
1.923100463867187500e+03 1.859915277438698036e-10
2.423520019531250000e+03 1.158278771515912756e-10
3.056282226562500000e+03 7.308277772638998778e-11
3.850336669921875000e+03 4.703570085720719044e-11
4.838769042968750000e+03 3.100045221200817985e-11
6.120835937500000000e+03 2.023572240063346071e-11
7.692401855468750000e+03 1.354075540703155131e-11
9.718894531250000000e+03 8.946400325613678463e-12
1.224167187500000000e+04 5.877385661504884135e-12
1.542616113281250000e+04 3.785689551376473312e-12
1.943778906250000000e+04 2.368077046550203730e-12
2.448334375000000000e+04 1.409613186874528784e-12
3.085232226562500000e+04 7.895852960099917094e-13
3.891693750000000000e+04 4.102549232575690907e-13
4.921482812500000000e+04 1.946083228192902389e-13
6.162192968750000000e+04 8.464888790339761680e-14
7.775115625000000000e+04 3.130602183968563370e-14
9.801609375000000000e+04 9.419140592019442250e-15
1.236574296875000000e+05 2.172332020737775033e-15
1.559158906250000000e+05 3.713461140575744698e-16
1.964457500000000000e+05 4.578148044290311403e-17
2.473148593750000000e+05 4.078561668577535043e-18
3.118317812500000000e+05 2.690905323815854615e-19
3.928915000000000000e+05 1.535051773807123508e-20
4.962840000000000000e+05 8.580313475512239538e-22
6.244907500000000000e+05 5.954711144425987294e-23
7.857830000000000000e+05 5.272976646056445927e-24
9.925680000000000000e+05 5.015678025281819735e-25
1.248981500000000000e+06 4.198831122435722215e-26
1.571566000000000000e+06 2.102318366951733342e-27
1.981000250000000000e+06 4.535441696406203416e-29
2.497963000000000000e+06 2.972133463217521804e-31
3.147267500000000000e+06 3.295322575642476440e-34
3.970272000000000000e+06 1.203095219854102579e-38
5.004197000000000000e+06 4.341841294591111085e-46
6.286264000000000000e+06 3.263193769226496869e-59
7.940544000000000000e+06 4.996218822721503913e-83
1.000839400000000000e+07 9.999999999999999821e-201
