1.211760009765625000e+03 1.134615011667738161e-08
1.526073364257812500e+03 6.685256861515104338e-09
1.923100463867187500e+03 3.923871893330587273e-09
2.423520019531250000e+03 2.285421016915806367e-09
3.056282226562500000e+03 1.328328865432358531e-09
3.850336669921875000e+03 7.682497806677173145e-10
4.838769042968750000e+03 4.491011185643037169e-10
6.120835937500000000e+03 2.612651126025756812e-10
7.692401855468750000e+03 1.528478902675052253e-10
9.718894531250000000e+03 9.070225935656775723e-11
1.224167187500000000e+04 5.474155460195817134e-11
1.542616113281250000e+04 2.822579615132081089e-11
1.943778906250000000e+04 1.859594245143718534e-11
2.448334375000000000e+04 1.159606319768480507e-11
3.085232226562500000e+04 6.752061176160209748e-12
3.891693750000000000e+04 3.622718912976194625e-12
4.921482812500000000e+04 1.773098052353533086e-12
6.162192968750000000e+04 7.965057261767320355e-13
7.775115625000000000e+04 2.988127053824853592e-13
9.801609375000000000e+04 9.069720860380011208e-14
1.236574296875000000e+05 2.084139054083891090e-14
1.559158906250000000e+05 3.471507581841348004e-15
1.964457500000000000e+05 4.165082055331787750e-16
2.473148593750000000e+05 3.650312693376894114e-17
3.118317812500000000e+05 2.347769745611148544e-18
3.928915000000000000e+05 1.294422036291412112e-19
4.962840000000000000e+05 6.953911407249896627e-21
6.244907500000000000e+05 4.642324148779471492e-22
7.857830000000000000e+05 3.966502521698710248e-23
9.925680000000000000e+05 3.632566812249560565e-24
1.248981500000000000e+06 2.962884864621981937e-25
1.571566000000000000e+06 1.432348777483598608e-26
1.981000250000000000e+06 2.968345050558387956e-28
2.497963000000000000e+06 1.878412586335232675e-30
3.147267500000000000e+06 2.002859479215246307e-33
3.970272000000000000e+06 7.031372442411074517e-38
5.004197000000000000e+06 2.440879691518836426e-45
6.286264000000000000e+06 1.770456193942035292e-58
7.940544000000000000e+06 2.607782507469273706e-82
1.000839400000000000e+07 9.999999999999999821e-201
