1.211760009765625000e+03 4.932025736777434225e-09
1.526073364257812500e+03 2.907493368765444284e-09
1.923100463867187500e+03 1.718655889278797179e-09
2.423520019531250000e+03 1.008823446159021051e-09
3.056282226562500000e+03 5.925630626464052951e-10
3.850336669921875000e+03 3.508079355600036060e-10
4.838769042968750000e+03 2.092686462198942547e-10
6.120835937500000000e+03 1.257030258748241714e-10
7.692401855468750000e+03 7.701182163478148974e-11
9.718894531250000000e+03 4.798242389169966146e-11
1.224167187500000000e+04 2.773735021126005875e-11
1.542616113281250000e+04 1.840398195001661027e-11
1.943778906250000000e+04 1.184038523275102148e-11
2.448334375000000000e+04 7.287434211389075220e-12
3.085232226562500000e+04 4.169305535006030644e-12
3.891693750000000000e+04 2.224013531343664220e-12
4.921482812500000000e+04 1.078274262732067425e-12
6.162192968750000000e+04 4.796770314525865836e-13
7.775115625000000000e+04 1.790565824779067981e-13
9.801609375000000000e+04 5.423601921533774827e-14
1.236574296875000000e+05 1.243985003328469885e-14
1.559158906250000000e+05 2.072384829159835408e-15
1.964457500000000000e+05 2.512818099497690179e-16
2.473148593750000000e+05 2.202423301031869000e-17
3.118317812500000000e+05 1.414079777548868733e-18
3.928915000000000000e+05 7.855039707409424710e-20
4.962840000000000000e+05 4.274518256330521215e-21
6.244907500000000000e+05 2.889210176983004106e-22
7.857830000000000000e+05 2.495247877151710689e-23
9.925680000000000000e+05 2.310251696493444219e-24
1.248981500000000000e+06 1.845454001393119977e-25
1.571566000000000000e+06 8.952179859272491662e-27
1.981000250000000000e+06 1.871715864263157268e-28
2.497963000000000000e+06 1.196730599358736927e-30
3.147267500000000000e+06 1.287879893957629919e-33
3.970272000000000000e+06 4.565826261305890855e-38
5.004197000000000000e+06 1.608505971830385388e-45
6.286264000000000000e+06 1.168732520183957817e-58
7.940544000000000000e+06 1.747457997995765368e-82
1.000839400000000000e+07 9.999999999999999821e-201
