1.211760009765625000e+03 9.602504654180310140e-07
1.526073364257812500e+03 5.686424105578675944e-07
1.923100463867187500e+03 3.350986596904321549e-07
2.423520019531250000e+03 1.949146534862799281e-07
3.056282226562500000e+03 1.120931793506116703e-07
3.850336669921875000e+03 6.310623198341963835e-08
4.838769042968750000e+03 3.555383855300737319e-08
6.120835937500000000e+03 1.932375927173767623e-08
7.692401855468750000e+03 1.028783876800515925e-08
9.718894531250000000e+03 5.309023030597737243e-09
1.224167187500000000e+04 2.627105857013618050e-09
1.542616113281250000e+04 1.249182194534806216e-09
1.943778906250000000e+04 5.520670415270414660e-10
2.448334375000000000e+04 2.250061803954436426e-10
3.085232226562500000e+04 8.264818051693371841e-11
3.891693750000000000e+04 2.711041305737152175e-11
4.921482812500000000e+04 7.798748344091556646e-12
6.162192968750000000e+04 1.991264315441829685e-12
7.775115625000000000e+04 6.854208963670410120e-14
9.801609375000000000e+04 2.339592985759668234e-14
1.236574296875000000e+05 6.034255613160486378e-15
1.559158906250000000e+05 1.157169193947116001e-15
1.964457500000000000e+05 1.600630707214282083e-16
2.473148593750000000e+05 1.606953297419549077e-17
3.118317812500000000e+05 1.208198430626044744e-18
3.928915000000000000e+05 7.855039707409424710e-20
4.962840000000000000e+05 5.025165364759294692e-21
6.244907500000000000e+05 3.995924583759543725e-22
7.857830000000000000e+05 4.060662818949717844e-23
9.925680000000000000e+05 4.422916076839422423e-24
1.248981500000000000e+06 4.148038810470774987e-25
1.571566000000000000e+06 2.367995962775304283e-26
1.981000250000000000e+06 5.787765149891498163e-28
2.497963000000000000e+06 4.302170762251661809e-30
3.147267500000000000e+06 5.316514864736123259e-33
3.970272000000000000e+06 2.161918734728340165e-37
5.004197000000000000e+06 8.548703067070576516e-45
6.286264000000000000e+06 6.919822248217890351e-58
7.940544000000000000e+06 1.108916860652821932e-81
1.000839400000000000e+07 9.999999999999999821e-201
