1.211760009765625000e+03 4.483659760706757853e-15
1.526073364257812500e+03 2.966829968128004414e-15
1.923100463867187500e+03 1.954088202878632424e-15
2.423520019531250000e+03 1.282824875979989199e-15
3.056282226562500000e+03 8.444023642711275716e-16
3.850336669921875000e+03 5.526716663506335668e-16
4.838769042968750000e+03 3.618010191917032343e-16
6.120835937500000000e+03 2.362080999496472484e-16
7.692401855468750000e+03 1.543885706469594630e-16
9.718894531250000000e+03 1.001213597948558361e-16
1.224167187500000000e+04 6.502712376742450145e-17
1.542616113281250000e+04 4.205528179036962631e-17
1.943778906250000000e+04 2.713100122878315579e-17
2.448334375000000000e+04 1.728523880847370162e-17
3.085232226562500000e+04 1.082763307995778285e-17
3.891693750000000000e+04 6.579088195811111280e-18
4.921482812500000000e+04 3.871616062230690116e-18
6.162192968750000000e+04 2.210677571596930554e-18
7.775115625000000000e+04 1.188575727634564469e-18
9.801609375000000000e+04 5.899688813579454325e-19
1.236574296875000000e+05 2.600975804004700222e-19
1.559158906250000000e+05 9.810615053504438809e-20
1.964457500000000000e+05 3.044454576022306601e-20
2.473148593750000000e+05 7.654900057364656572e-21
3.118317812500000000e+05 1.518831928875251165e-21
3.928915000000000000e+05 2.508157071984194914e-22
4.962840000000000000e+05 3.594725907488818407e-23
6.244907500000000000e+05 5.265661916903926209e-24
7.857830000000000000e+05 8.596498972490252977e-25
9.925680000000000000e+05 1.633819424612312603e-25
1.248981500000000000e+06 3.735003201957345572e-26
1.571566000000000000e+06 8.684674133539777280e-27
1.981000250000000000e+06 1.705026300832800071e-27
2.497963000000000000e+06 2.340718181027663019e-28
3.147267500000000000e+06 1.884424427552346923e-29
3.970272000000000000e+06 7.020462792193578949e-31
5.004197000000000000e+06 7.730622262539778827e-33
6.286264000000000000e+06 8.797439191335161178e-36
7.940544000000000000e+06 7.292837394063001795e-41
1.000839400000000000e+07 9.999999999999999821e-201
