1.211760009765625000e+03 9.266230172127302140e-14
1.526073364257812500e+03 6.012775402072755907e-14
1.923100463867187500e+03 3.892480918183941703e-14
2.423520019531250000e+03 2.503376699727940360e-14
3.056282226562500000e+03 1.604857850579561792e-14
3.850336669921875000e+03 1.023004262216941285e-14
4.838769042968750000e+03 6.517333083711849283e-15
6.120835937500000000e+03 4.089616652803979455e-15
7.692401855468750000e+03 2.583509295467696083e-15
9.718894531250000000e+03 1.604357378170508282e-15
1.224167187500000000e+04 9.929867676337401050e-16
1.542616113281250000e+04 5.983888914670212056e-16
1.943778906250000000e+04 3.454799532207588428e-16
2.448334375000000000e+04 1.874018493009482566e-16
3.085232226562500000e+04 9.456192998482224208e-17
3.891693750000000000e+04 4.397774391880326183e-17
4.921482812500000000e+04 1.846186564009901843e-17
6.162192968750000000e+04 6.977578647306466113e-18
7.775115625000000000e+04 2.159389791027314694e-18
9.801609375000000000e+04 5.279594339041503832e-19
1.236574296875000000e+05 9.531702187910429961e-20
1.559158906250000000e+05 1.221825861057941898e-20
1.964457500000000000e+05 1.091859391635200801e-21
2.473148593750000000e+05 6.950557964014113586e-23
3.118317812500000000e+05 3.348892615400683826e-24
3.928915000000000000e+05 1.450368354058258312e-25
4.962840000000000000e+05 6.527295892581174621e-27
6.244907500000000000e+05 3.792244149898349397e-28
7.857830000000000000e+05 2.647931232639217876e-29
9.925680000000000000e+05 1.638646128873968832e-30
1.248981500000000000e+06 7.002598139703930171e-32
1.571566000000000000e+06 1.401558430150757488e-33
1.981000250000000000e+06 8.589433961633110586e-36
2.497963000000000000e+06 9.798521868778255032e-39
3.147267500000000000e+06 6.465171848774527216e-43
3.970272000000000000e+06 1.172798697479330520e-49
5.004197000000000000e+06 1.566210665514818751e-61
6.286264000000000000e+06 1.469748088116445621e-82
7.940544000000000000e+06 1.156312762937813533e-119
1.000839400000000000e+07 9.999999999999999821e-201
