1.211760009765625000e+03 1.257915655087173963e-12
1.526073364257812500e+03 8.386239376575159753e-13
1.923100463867187500e+03 5.556202600956110908e-13
2.423520019531250000e+03 3.667882776467056923e-13
3.056282226562500000e+03 2.409755787947156668e-13
3.850336669921875000e+03 1.579581293767921213e-13
4.838769042968750000e+03 1.032170933353407828e-13
6.120835937500000000e+03 6.651786122030569334e-14
7.692401855468750000e+03 4.305848825779493734e-14
9.718894531250000000e+03 2.745919358791831494e-14
1.224167187500000000e+04 1.729562823040497525e-14
1.542616113281250000e+04 1.057617575616130481e-14
1.943778906250000000e+04 6.191274409203697097e-15
2.448334375000000000e+04 3.390399869032422709e-15
3.085232226562500000e+04 1.720717086609060311e-15
3.891693750000000000e+04 8.050163293611444312e-16
4.921482812500000000e+04 3.388056661424764033e-16
6.162192968750000000e+04 1.290099073638677446e-16
7.775115625000000000e+04 4.013205555022461235e-17
9.801609375000000000e+04 9.903338449630648021e-18
1.236574296875000000e+05 1.787194160233205446e-18
1.559158906250000000e+05 2.309679588227951631e-19
1.964457500000000000e+05 2.074532844106880733e-20
2.473148593750000000e+05 1.329432118513810626e-21
3.118317812500000000e+05 6.409708446680878409e-23
3.928915000000000000e+05 2.794091976200467742e-24
4.962840000000000000e+05 1.258035838025231427e-25
6.244907500000000000e+05 7.309073920195143617e-27
7.857830000000000000e+05 5.094949395097639192e-28
9.925680000000000000e+05 3.147807958736098252e-29
1.248981500000000000e+06 1.346859872080985621e-30
1.571566000000000000e+06 2.689476987586588257e-32
1.981000250000000000e+06 1.645206966497418873e-34
2.497963000000000000e+06 1.878139460061549417e-37
3.147267500000000000e+06 1.236286779859705888e-41
3.970272000000000000e+06 2.234656977629534864e-48
5.004197000000000000e+06 2.984473092267650793e-60
6.286264000000000000e+06 2.793907922221356566e-81
7.940544000000000000e+06 2.193826269409413247e-118
1.000839400000000000e+07 9.999999999999999821e-201
