1.211760009765625000e+03 2.142192996782118276e-11
1.526073364257812500e+03 1.473525550836909051e-11
1.923100463867187500e+03 1.035902179839275035e-11
2.423520019531250000e+03 7.472766267844597850e-12
3.056282226562500000e+03 5.431826571192361959e-12
3.850336669921875000e+03 3.997947691422529867e-12
4.838769042968750000e+03 2.949950764206416657e-12
6.120835937500000000e+03 2.163062301904755409e-12
7.692401855468750000e+03 1.587292453503259129e-12
9.718894531250000000e+03 1.144647283271651248e-12
1.224167187500000000e+04 8.164020318547804994e-13
1.542616113281250000e+04 5.622072375643640879e-13
1.943778906250000000e+04 3.687399896752258555e-13
2.448334375000000000e+04 2.255498084461794679e-13
3.085232226562500000e+04 1.271160370287774620e-13
3.891693750000000000e+04 6.540757676059298035e-14
4.921482812500000000e+04 3.012733019290883581e-14
6.162192968750000000e+04 1.239900666104098569e-14
7.775115625000000000e+04 4.135435165835328842e-15
9.801609375000000000e+04 1.082152876946395479e-15
1.236574296875000000e+05 2.053705570092543349e-16
1.559158906250000000e+05 2.759825958091403877e-17
1.964457500000000000e+05 2.533756058824039073e-18
2.473148593750000000e+05 1.630071332036643313e-19
3.118317812500000000e+05 7.760068372245669683e-21
3.928915000000000000e+05 3.284657743014290976e-22
4.962840000000000000e+05 1.429286789798299510e-23
6.244907500000000000e+05 7.944645565429503869e-25
7.857830000000000000e+05 5.254649527805452009e-26
9.925680000000000000e+05 3.036183563036236918e-27
1.248981500000000000e+06 1.210027494638494923e-28
1.571566000000000000e+06 2.257645471269868672e-30
1.981000250000000000e+06 1.288415094244966682e-32
2.497963000000000000e+06 1.352260411244315580e-35
3.147267500000000000e+06 8.147332549239373656e-40
3.970272000000000000e+06 1.344492200488691823e-46
5.004197000000000000e+06 1.627430626381847672e-58
6.286264000000000000e+06 1.379622026109305259e-79
7.940544000000000000e+06 9.741539030229526431e-117
1.000839400000000000e+07 9.999999999999999821e-201
