1.211760009765625000e+03 2.715105077316870432e-14
1.526073364257812500e+03 1.433967817928535815e-14
1.923100463867187500e+03 7.408270134608147498e-15
2.423520019531250000e+03 3.717701218252687512e-15
3.056282226562500000e+03 1.787565238983322420e-15
3.850336669921875000e+03 8.309642751692197525e-16
4.838769042968750000e+03 3.648954893388844654e-16
6.120835937500000000e+03 1.530632601572286027e-16
7.692401855468750000e+03 6.133658478789933852e-17
9.718894531250000000e+03 8.281360011451386061e-18
1.224167187500000000e+04 5.841830829956729618e-18
1.542616113281250000e+04 4.035770614201670973e-18
1.943778906250000000e+04 2.712849205600050707e-18
2.448334375000000000e+04 1.738239981666385538e-18
3.085232226562500000e+04 1.048337066597263953e-18
3.891693750000000000e+04 5.889032410975189809e-19
4.921482812500000000e+04 3.023981260006449014e-19
6.162192968750000000e+04 1.443622518627155224e-19
7.775115625000000000e+04 5.829362764495218021e-20
9.801609375000000000e+04 1.924439139779188274e-20
1.236574296875000000e+05 4.869353656529344331e-21
1.559158906250000000e+05 9.095032777954410980e-22
1.964457500000000000e+05 1.209740045082799564e-22
2.473148593750000000e+05 1.149917787485840156e-23
3.118317812500000000e+05 8.085062423025599232e-25
3.928915000000000000e+05 4.889840722377145800e-26
4.962840000000000000e+05 2.898796787719480913e-27
6.244907500000000000e+05 2.140349563100329047e-28
7.857830000000000000e+05 2.006833575219412166e-29
9.925680000000000000e+05 2.028698919266412765e-30
1.248981500000000000e+06 1.770385894114171493e-31
1.571566000000000000e+06 9.488707312280420703e-33
1.981000250000000000e+06 2.198987336007840577e-34
2.497963000000000000e+06 1.564046789440123744e-36
3.147267500000000000e+06 1.921330865408437998e-39
3.970272000000000000e+06 8.124582523856135012e-44
5.004197000000000000e+06 3.761985113591407066e-51
6.286264000000000000e+06 4.347330551990628436e-64
7.940544000000000000e+06 1.383976251087858875e-87
1.000839400000000000e+07 9.999999999999999821e-201
