1.211760009765625000e+03 7.535039320076636771e-10
1.526073364257812500e+03 4.450244952192006864e-10
1.923100463867187500e+03 2.597603182312114367e-10
2.423520019531250000e+03 1.506967675296875175e-10
3.056282226562500000e+03 8.639270979434619994e-11
3.850336669921875000e+03 4.893845713209521423e-11
4.838769042968750000e+03 2.712963645376455983e-11
6.120835937500000000e+03 1.468891723233790063e-11
7.692401855468750000e+03 7.721489118408234401e-12
9.718894531250000000e+03 3.765670291197240270e-12
1.224167187500000000e+04 1.678266762390626595e-12
1.542616113281250000e+04 6.553866940575104584e-13
1.943778906250000000e+04 2.220289281431997923e-13
2.448334375000000000e+04 6.362516684237773583e-14
3.085232226562500000e+04 1.118125410067064690e-16
3.891693750000000000e+04 4.710145577188399040e-17
4.921482812500000000e+04 1.651839680630603286e-17
6.162192968750000000e+04 4.879180606365071472e-18
7.775115625000000000e+04 1.048879721458364688e-18
9.801609375000000000e+04 1.618235467558660571e-19
1.236574296875000000e+05 1.721187367964082877e-20
1.559158906250000000e+05 1.225268530064723420e-21
1.964457500000000000e+05 6.139160275598295237e-23
2.473148593750000000e+05 2.381912057535082334e-24
3.118317812500000000e+05 7.875136659921734614e-26
3.928915000000000000e+05 2.667693965199619597e-27
4.962840000000000000e+05 8.760251347689355942e-29
6.244907500000000000e+05 2.396130532370266726e-30
7.857830000000000000e+05 3.690411230036877581e-32
9.925680000000000000e+05 1.997233101558331329e-34
1.248981500000000000e+06 2.748159349930591196e-37
1.571566000000000000e+06 4.559290619931480021e-41
1.981000250000000000e+06 1.871363959921082096e-46
2.497963000000000000e+06 4.983783334260507807e-55
3.147267500000000000e+06 5.236857219176030506e-70
3.970272000000000000e+06 3.725492196499281815e-97
5.004197000000000000e+06 3.205259681944004383e-144
6.286264000000000000e+06 9.999999999999999821e-201
7.940544000000000000e+06 9.999999999999999821e-201
1.000839400000000000e+07 9.999999999999999821e-201
