1.211760009765625000e+03 5.019208009902289006e-12
1.526073364257812500e+03 2.610810371952644080e-12
1.923100463867187500e+03 1.357659669305123316e-12
2.423520019531250000e+03 7.036667244154829956e-13
3.056282226562500000e+03 3.791405778403306880e-13
3.850336669921875000e+03 2.141546884100486267e-13
4.838769042968750000e+03 1.298990611417363610e-13
6.120835937500000000e+03 7.759261926716700875e-14
7.692401855468750000e+03 5.382220247560419483e-14
9.718894531250000000e+03 3.552519142638905927e-14
1.224167187500000000e+04 2.197730284082963659e-14
1.542616113281250000e+04 1.240094430912740301e-14
1.943778906250000000e+04 6.279606048494539639e-15
2.448334375000000000e+04 2.847422590168138954e-15
3.085232226562500000e+04 1.145847527672033133e-15
3.891693750000000000e+04 3.988429722619209857e-16
4.921482812500000000e+04 1.154987115275571484e-16
6.162192968750000000e+04 2.798909805201668634e-17
7.775115625000000000e+04 4.905529774205275061e-18
9.801609375000000000e+04 6.184419267491624168e-19
1.236574296875000000e+05 5.324923419638884062e-20
1.559158906250000000e+05 3.122458512100425068e-21
1.964457500000000000e+05 1.289739553697121164e-22
2.473148593750000000e+05 4.131458082096248243e-24
3.118317812500000000e+05 1.140019783150574752e-25
3.928915000000000000e+05 3.231057908161029243e-27
4.962840000000000000e+05 8.951567181719353516e-29
6.244907500000000000e+05 2.081424181564809658e-30
7.857830000000000000e+05 2.741448342313109529e-32
9.925680000000000000e+05 1.280641473645750268e-34
1.248981500000000000e+06 1.530695207810802343e-37
1.571566000000000000e+06 2.236863762593728778e-41
1.981000250000000000e+06 8.223640931141085405e-47
2.497963000000000000e+06 2.054924881898882060e-55
3.147267500000000000e+06 2.137785549745832101e-70
3.970272000000000000e+06 1.542353769350703092e-97
5.004197000000000000e+06 1.322805583024509723e-144
6.286264000000000000e+06 9.999999999999999821e-201
7.940544000000000000e+06 9.999999999999999821e-201
1.000839400000000000e+07 9.999999999999999821e-201
