1.211760009765625000e+03 9.278684782573708659e-15
1.526073364257812500e+03 6.269900665977183558e-15
1.923100463867187500e+03 4.214238395473127921e-15
2.423520019531250000e+03 2.820894036816051712e-15
3.056282226562500000e+03 1.880892710379766303e-15
3.850336669921875000e+03 1.252824502581636938e-15
4.838769042968750000e+03 8.328456551671135837e-16
6.120835937500000000e+03 5.465643621335034612e-16
7.692401855468750000e+03 3.556449421532856670e-16
9.718894531250000000e+03 2.216771945006677335e-16
1.224167187500000000e+04 1.288669121121374311e-16
1.542616113281250000e+04 6.875134927858198028e-17
1.943778906250000000e+04 3.293055314716481458e-17
2.448334375000000000e+04 1.421747555366712149e-17
3.085232226562500000e+04 5.479738579915449127e-18
3.891693750000000000e+04 1.838476176902568414e-18
4.921482812500000000e+04 5.111598381793914365e-19
6.162192968750000000e+04 1.202774754127203801e-19
7.775115625000000000e+04 2.065486220718010592e-20
9.801609375000000000e+04 2.571614502709499026e-21
1.236574296875000000e+05 2.205271315203981929e-22
1.559158906250000000e+05 1.284555717003339314e-23
1.964457500000000000e+05 5.262137379084254509e-25
2.473148593750000000e+05 1.686309421263775169e-26
3.118317812500000000e+05 4.665080954734589856e-28
3.928915000000000000e+05 1.325562218732730138e-29
4.962840000000000000e+05 3.695416373105740270e-31
6.244907500000000000e+05 8.693373452942841524e-33
7.857830000000000000e+05 1.165393020011645511e-34
9.925680000000000000e+05 5.569548791201739455e-37
1.248981500000000000e+06 6.855623324558033230e-40
1.571566000000000000e+06 1.040202766102329406e-43
1.981000250000000000e+06 4.053542695192378063e-49
2.497963000000000000e+06 1.074702093406886535e-57
3.147267500000000000e+06 1.180086318567749396e-72
3.970272000000000000e+06 8.792161583738305218e-100
5.004197000000000000e+06 7.770326501682434049e-147
6.286264000000000000e+06 9.999999999999999821e-201
7.940544000000000000e+06 9.999999999999999821e-201
1.000839400000000000e+07 9.999999999999999821e-201
