1.211760009765625000e+03 1.209342674346184544e-14
1.526073364257812500e+03 8.188450712033292766e-15
1.923100463867187500e+03 5.524811602258999092e-15
2.423520019531250000e+03 3.705147796700994214e-15
3.056282226562500000e+03 2.473299863255282846e-15
3.850336669921875000e+03 1.648247236208966627e-15
4.838769042968750000e+03 1.096994463708922127e-15
6.120835937500000000e+03 7.222457642478438313e-16
7.692401855468750000e+03 4.697556187800084316e-16
9.718894531250000000e+03 2.913065696963902857e-16
1.224167187500000000e+04 1.708235811719030948e-16
1.542616113281250000e+04 9.059757241383231775e-17
1.943778906250000000e+04 4.373297069487268807e-17
2.448334375000000000e+04 1.883226388945686298e-17
3.085232226562500000e+04 7.263194812501756760e-18
3.891693750000000000e+04 2.438639887544316137e-18
4.921482812500000000e+04 6.789451285741535287e-19
6.162192968750000000e+04 1.599917361622034832e-19
7.775115625000000000e+04 2.751292192440787622e-20
9.801609375000000000e+04 3.437182310938550498e-21
1.236574296875000000e+05 2.931397236063829219e-22
1.559158906250000000e+05 1.709447223396751334e-23
1.964457500000000000e+05 7.067772754260223977e-25
2.473148593750000000e+05 2.255438850940298948e-26
3.118317812500000000e+05 6.247608416871243891e-28
3.928915000000000000e+05 1.778462643466412923e-29
4.962840000000000000e+05 4.964142430357302585e-31
6.244907500000000000e+05 1.168464173782639968e-32
7.857830000000000000e+05 1.570505831729979726e-34
9.925680000000000000e+05 7.485189776710617957e-37
1.248981500000000000e+06 9.219631367509080268e-40
1.571566000000000000e+06 1.405679413651796909e-43
1.981000250000000000e+06 5.465159799907934197e-49
2.497963000000000000e+06 1.452619313066451059e-57
3.147267500000000000e+06 1.596165385296803720e-72
3.970272000000000000e+06 1.192157502879770134e-99
5.004197000000000000e+06 1.054544310942616462e-146
6.286264000000000000e+06 9.999999999999999821e-201
7.940544000000000000e+06 9.999999999999999821e-201
1.000839400000000000e+07 9.999999999999999821e-201
