1.211760009765625000e+03 1.905555398300372508e-11
1.526073364257812500e+03 1.058169355298988385e-11
1.923100463867187500e+03 5.822938961456743931e-12
2.423520019531250000e+03 3.144204047345475013e-12
3.056282226562500000e+03 1.677372535362623460e-12
3.850336669921875000e+03 8.752725482087840279e-13
4.838769042968750000e+03 4.451678915727764216e-13
6.120835937500000000e+03 2.200925005415822975e-13
7.692401855468750000e+03 1.039912859148847001e-13
9.718894531250000000e+03 4.625927784212859340e-14
1.224167187500000000e+04 7.912246607719621394e-15
1.542616113281250000e+04 4.745871520386860215e-15
1.943778906250000000e+04 2.543431830479406609e-15
2.448334375000000000e+04 1.217164340710479734e-15
3.085232226562500000e+04 5.136115877563431002e-16
3.891693750000000000e+04 1.845335733578130040e-16
4.921482812500000000e+04 5.392020903903516806e-17
6.162192968750000000e+04 1.315459907142057727e-17
7.775115625000000000e+04 2.296897154570093716e-18
9.801609375000000000e+04 2.868821941059479147e-19
1.236574296875000000e+05 2.430173662830339740e-20
1.559158906250000000e+05 1.406326012311174006e-21
1.964457500000000000e+05 5.809652682177853981e-23
2.473148593750000000e+05 1.875352602650192225e-24
3.118317812500000000e+05 5.137223279089510973e-26
3.928915000000000000e+05 1.310466171919507904e-27
4.962840000000000000e+05 2.588176328708830273e-29
6.244907500000000000e+05 3.345782080992892371e-31
7.857830000000000000e+05 1.943411645370993119e-33
9.925680000000000000e+05 2.924665637616279446e-36
1.248981500000000000e+06 7.833535487538677535e-40
1.571566000000000000e+06 1.228179598283562591e-44
1.981000250000000000e+06 7.965816709630307334e-52
2.497963000000000000e+06 8.559724327216863624e-64
3.147267500000000000e+06 6.782889048756773662e-85
3.970272000000000000e+06 3.550539623530045758e-122
5.004197000000000000e+06 4.424069390968818828e-184
6.286264000000000000e+06 9.999999999999999821e-201
7.940544000000000000e+06 9.999999999999999821e-201
1.000839400000000000e+07 9.999999999999999821e-201
