1.211760009765625000e+03 9.764414589983609279e-11
1.526073364257812500e+03 5.894102203347636204e-11
1.923100463867187500e+03 3.609962141864140491e-11
2.423520019531250000e+03 2.248056823629839252e-11
3.056282226562500000e+03 1.436916488237821814e-11
3.850336669921875000e+03 9.365309820950030124e-12
4.838769042968750000e+03 6.293032152846222590e-12
6.120835937500000000e+03 4.275115346413572465e-12
7.692401855468750000e+03 2.953311258991791299e-12
9.718894531250000000e+03 1.960229428274792788e-12
1.224167187500000000e+04 1.329098434422820032e-12
1.542616113281250000e+04 8.395890145273864563e-13
1.943778906250000000e+04 4.861448155365716860e-13
2.448334375000000000e+04 2.533784673969795021e-13
3.085232226562500000e+04 1.182985795277573316e-13
3.891693750000000000e+04 4.865014985268217395e-14
4.921482812500000000e+04 1.692322619054844467e-14
6.162192968750000000e+04 5.018955231370011462e-15
7.775115625000000000e+04 1.106924505829568126e-15
9.801609375000000000e+04 1.778410737861026389e-16
1.236574296875000000e+05 1.979964779164067613e-17
1.559158906250000000e+05 1.463641221301226155e-18
1.964457500000000000e+05 7.292916245498326176e-20
2.473148593750000000e+05 2.616041184585609221e-21
3.118317812500000000e+05 7.586474897191224611e-23
3.928915000000000000e+05 2.185006312956120516e-24
4.962840000000000000e+05 6.975105734117940550e-26
6.244907500000000000e+05 2.594586967261230089e-27
7.857830000000000000e+05 7.804983330334643341e-29
9.925680000000000000e+05 1.240399434138522687e-30
1.248981500000000000e+06 7.913851567983472209e-33
1.571566000000000000e+06 1.202187436299315019e-35
1.981000250000000000e+06 2.070523282478090904e-39
2.497963000000000000e+06 7.884877399394173177e-45
3.147267500000000000e+06 1.318645642040554950e-53
3.970272000000000000e+06 2.522191683808652872e-69
5.004197000000000000e+06 1.211321149965559942e-97
6.286264000000000000e+06 1.611658901553210405e-145
7.940544000000000000e+06 9.999999999999999821e-201
1.000839400000000000e+07 9.999999999999999821e-201
