1.211760009765625000e+03 6.999491070881107162e-13
1.526073364257812500e+03 4.559028717690033961e-13
1.923100463867187500e+03 2.958599407571262293e-13
2.423520019531250000e+03 1.911782395718451132e-13
3.056282226562500000e+03 1.229526479626177361e-13
3.850336669921875000e+03 7.876264744815716264e-14
4.838769042968750000e+03 5.015733547565555157e-14
6.120835937500000000e+03 3.144912438741019108e-14
7.692401855468750000e+03 1.981827292218175847e-14
9.718894531250000000e+03 1.216850114321352293e-14
1.224167187500000000e+04 7.224842771734303173e-15
1.542616113281250000e+04 4.028412675472749183e-15
1.943778906250000000e+04 2.067573370330021512e-15
2.448334375000000000e+04 9.676765589030372471e-16
3.085232226562500000e+04 4.082256415421875465e-16
3.891693750000000000e+04 1.536767386271461404e-16
4.921482812500000000e+04 4.962718228873911196e-17
6.162192968750000000e+04 1.378262317422852874e-17
7.775115625000000000e+04 2.875128586570307340e-18
9.801609375000000000e+04 4.442337195818829728e-19
1.236574296875000000e+05 4.764621126330644616e-20
1.559158906250000000e+05 3.477445454864616258e-21
1.964457500000000000e+05 1.746092447239503162e-22
2.473148593750000000e+05 6.461095006224860011e-24
3.118317812500000000e+05 1.954530746413769650e-25
3.928915000000000000e+05 5.975569750902098281e-27
4.962840000000000000e+05 2.030655782271432284e-28
6.244907500000000000e+05 8.044754857070322604e-30
7.857830000000000000e+05 2.601661110111547570e-31
9.925680000000000000e+05 4.454383289042663297e-33
1.248981500000000000e+06 3.062924870123269513e-35
1.571566000000000000e+06 5.065596912596520100e-38
1.981000250000000000e+06 9.470554924339249153e-42
2.497963000000000000e+06 3.899527802285418106e-47
3.147267500000000000e+06 7.121509762945350429e-56
3.970272000000000000e+06 1.486004654473250758e-71
5.004197000000000000e+06 7.770182010754687734e-100
6.286264000000000000e+06 1.122728672992124068e-147
7.940544000000000000e+06 9.999999999999999821e-201
1.000839400000000000e+07 9.999999999999999821e-201
