1.211760009765625000e+03 1.017541673471506060e-11
1.526073364257812500e+03 6.922603258965344426e-12
1.923100463867187500e+03 4.716494015783365127e-12
2.423520019531250000e+03 3.207062189949973587e-12
3.056282226562500000e+03 2.172720612463776119e-12
3.850336669921875000e+03 1.469731668416560378e-12
4.838769042968750000e+03 9.944488060404219839e-13
6.120835937500000000e+03 6.621043245150246214e-13
7.692401855468750000e+03 4.432322154740795616e-13
9.718894531250000000e+03 2.910088253123482937e-13
1.224167187500000000e+04 1.870745905813767281e-13
1.542616113281250000e+04 1.154360883023222792e-13
1.943778906250000000e+04 6.676837804034719744e-14
2.448334375000000000e+04 3.542392560786136705e-14
3.085232226562500000e+04 1.717983654190454703e-14
3.891693750000000000e+04 7.524576650390251363e-15
4.921482812500000000e+04 2.882728529879395468e-15
6.162192968750000000e+04 9.676552593105403960e-16
7.775115625000000000e+04 2.539341498675172784e-16
9.801609375000000000e+04 5.067072963133474019e-17
1.236574296875000000e+05 7.208380066661698406e-18
1.559158906250000000e+05 7.013680079843149661e-19
1.964457500000000000e+05 4.708827944518281834e-20
2.473148593750000000e+05 2.255066083296248840e-21
3.118317812500000000e+05 8.429483947957538314e-23
3.928915000000000000e+05 3.001157855416653947e-24
4.962840000000000000e+05 1.158622848230936534e-25
6.244907500000000000e+05 5.753870166190898933e-27
7.857830000000000000e+05 2.924911914480149653e-28
9.925680000000000000e+05 1.033591189476536836e-29
1.248981500000000000e+06 1.936495567002345086e-31
1.571566000000000000e+06 1.228204297508708924e-33
1.981000250000000000e+06 1.564116119234653595e-36
2.497963000000000000e+06 1.650220858530872923e-40
3.147267500000000000e+06 1.546394513924173604e-46
3.970272000000000000e+06 6.524577324936577110e-57
5.004197000000000000e+06 1.172097195391555665e-75
6.286264000000000000e+06 2.287922430924803336e-108
7.940544000000000000e+06 6.175875770022378124e-164
1.000839400000000000e+07 9.999999999999999821e-201
