1.211760009765625000e+03 3.163471053387547199e-12
1.526073364257812500e+03 2.037223244781230208e-12
1.923100463867187500e+03 1.349811931305722191e-12
2.423520019531250000e+03 9.091865625877595222e-13
3.056282226562500000e+03 6.221912157787254305e-13
3.850336669921875000e+03 4.272416291682872888e-13
4.838769042968750000e+03 2.931688831380827251e-13
6.120835937500000000e+03 1.999087964771796827e-13
7.692401855468750000e+03 1.364190274713092448e-13
9.718894531250000000e+03 9.215029041675033355e-14
1.224167187500000000e+04 6.193604399956774662e-14
1.542616113281250000e+04 4.102027757239356539e-14
1.943778906250000000e+04 2.647535883937516592e-14
2.448334375000000000e+04 1.641294599012970858e-14
3.085232226562500000e+04 9.587612963020457555e-15
3.891693750000000000e+04 5.251653410341264608e-15
4.921482812500000000e+04 2.646071129083825835e-15
6.162192968750000000e+04 1.231107473455823575e-15
7.775115625000000000e+04 4.934803402570366411e-16
9.801609375000000000e+04 1.659522794310314081e-16
1.236574296875000000e+05 4.354256955272198090e-17
1.559158906250000000e+05 8.558546344552683693e-18
1.964457500000000000e+05 1.223378460718687860e-18
2.473148593750000000e+05 1.269269831546154670e-19
3.118317812500000000e+05 9.781860120026292950e-21
3.928915000000000000e+05 6.375458873330709066e-22
4.962840000000000000e+05 3.987888577538837910e-23
6.244907500000000000e+05 3.007335032513172079e-24
7.857830000000000000e+05 2.854455132340077887e-25
9.925680000000000000e+05 2.996897267046569416e-26
1.248981500000000000e+06 2.856474866317982507e-27
1.571566000000000000e+06 1.780156497720937180e-28
1.981000250000000000e+06 5.309459374938755684e-30
2.497963000000000000e+06 5.416566898761359243e-32
3.147267500000000000e+06 1.164962792542690700e-34
3.970272000000000000e+06 1.404495619836176287e-38
5.004197000000000000e+06 4.962197986870218735e-45
6.286264000000000000e+06 2.643257389980660074e-56
7.940544000000000000e+06 8.349793712705256822e-77
1.000839400000000000e+07 9.999999999999999821e-201
