1.211760009765625000e+03 5.691756974008301892e-11
1.526073364257812500e+03 3.214065798805338276e-11
1.923100463867187500e+03 1.804981070932070245e-11
2.423520019531250000e+03 1.021278056605428518e-11
3.056282226562500000e+03 5.826870116022984700e-12
3.850336669921875000e+03 3.441450921190423901e-12
4.838769042968750000e+03 2.105202086363892016e-12
6.120835937500000000e+03 1.333546965402641162e-12
7.692401855468750000e+03 8.898597481605516238e-13
9.718894531250000000e+03 5.730354193982793091e-13
1.224167187500000000e+04 4.198431441077416841e-13
1.542616113281250000e+04 3.019015755912143236e-13
1.943778906250000000e+04 2.103320174461471209e-13
2.448334375000000000e+04 1.401371136034330583e-13
3.085232226562500000e+04 8.817523568400339552e-14
3.891693750000000000e+04 5.174799945799684634e-14
4.921482812500000000e+04 2.788673764782954748e-14
6.162192968750000000e+04 1.387292749939025001e-14
7.775115625000000000e+04 5.949435877865208134e-15
9.801609375000000000e+04 2.096239319128818741e-15
1.236574296875000000e+05 5.749934590861661423e-16
1.559158906250000000e+05 1.168972183646220164e-16
1.964457500000000000e+05 1.707449074672125432e-17
2.473148593750000000e+05 1.782462263436729706e-18
3.118317812500000000e+05 1.357722184659649744e-19
3.928915000000000000e+05 8.645255749699759774e-21
4.962840000000000000e+05 5.225509170568131096e-22
6.244907500000000000e+05 3.807451692539612495e-23
7.857830000000000000e+05 3.457062326945206242e-24
9.925680000000000000e+05 3.449448867775078477e-25
1.248981500000000000e+06 3.107158572830876975e-26
1.571566000000000000e+06 1.831838460557997006e-27
1.981000250000000000e+06 5.190944656748157858e-29
2.497963000000000000e+06 5.010324381354258477e-31
3.147267500000000000e+06 1.020875289254515825e-33
3.970272000000000000e+06 1.139657637993588490e-37
5.004197000000000000e+06 3.790092600316390837e-44
6.286264000000000000e+06 1.896391051288336047e-55
7.940544000000000000e+06 5.644930960702145025e-76
1.000839400000000000e+07 9.999999999999999821e-201
