1.211760009765625000e+03 3.923202290618413851e-14
1.526073364257812500e+03 2.610810371952644610e-14
1.923100463867187500e+03 1.734351376852119364e-14
2.423520019531250000e+03 1.145824161069505144e-14
3.056282226562500000e+03 7.505798793521132742e-15
3.850336669921875000e+03 4.938756447266438853e-15
4.838769042968750000e+03 3.212382442896013206e-15
6.120835937500000000e+03 2.095221664680675269e-15
7.692401855468750000e+03 1.366150318211243564e-15
9.718894531250000000e+03 8.827842947487007017e-16
1.224167187500000000e+04 5.679510754110558864e-16
1.542616113281250000e+04 3.622818907094572202e-16
1.943778906250000000e+04 2.250405501346889809e-16
2.448334375000000000e+04 1.346843076266458152e-16
3.085232226562500000e+04 7.662389476470164027e-17
3.891693750000000000e+04 4.098851442217571028e-17
4.921482812500000000e+04 2.012281637087699847e-17
6.162192968750000000e+04 9.279242896943146336e-18
7.775115625000000000e+04 3.703408534826171681e-18
9.801609375000000000e+04 1.228629156489390611e-18
1.236574296875000000e+05 3.190120309918775260e-19
1.559158906250000000e+05 6.214179053174274007e-20
1.964457500000000000e+05 8.801283890062502462e-21
2.473148593750000000e+05 9.088598793787278039e-22
3.118317812500000000e+05 6.925556964978617229e-23
3.928915000000000000e+05 4.506214386909140030e-24
4.962840000000000000e+05 2.805273344199734135e-25
6.244907500000000000e+05 2.118929637587263074e-26
7.857830000000000000e+05 2.019262704729462489e-27
9.925680000000000000e+05 2.132020874543196975e-28
1.248981500000000000e+06 2.058245169263765805e-29
1.571566000000000000e+06 1.315018832187402452e-30
1.981000250000000000e+06 3.958391587565946649e-32
2.497963000000000000e+06 4.096278717188278742e-34
3.147267500000000000e+06 8.859848606443097410e-37
3.970272000000000000e+06 1.059351927370352188e-40
5.004197000000000000e+06 3.772981572775459121e-47
6.286264000000000000e+06 2.019786359420111685e-58
7.940544000000000000e+06 6.409348694963894182e-79
1.000839400000000000e+07 9.999999999999999821e-201
