1.211760009765625000e+03 4.633115086063651022e-10
1.526073364257812500e+03 2.867935635857071216e-10
1.923100463867187500e+03 1.789285583358747530e-10
2.423520019531250000e+03 1.145824161069505165e-10
3.056282226562500000e+03 7.456418538300599249e-11
3.850336669921875000e+03 4.977905288073265736e-11
4.838769042968750000e+03 3.430441117216760909e-11
6.120835937500000000e+03 2.370623597713225257e-11
7.692401855468750000e+03 1.686295314981422763e-11
9.718894531250000000e+03 1.205555889184966679e-11
1.224167187500000000e+04 8.673854423264237793e-12
1.542616113281250000e+04 6.038365052241423400e-12
1.943778906250000000e+04 4.198387086404551731e-12
2.448334375000000000e+04 2.749838909222348625e-12
3.085232226562500000e+04 1.674836571179660689e-12
3.891693750000000000e+04 9.350432659691450902e-13
4.921482812500000000e+04 4.719229707312788862e-13
6.162192968750000000e+04 2.151498016786948782e-13
7.775115625000000000e+04 8.037305786963994740e-14
9.801609375000000000e+04 2.370972031138229156e-14
1.236574296875000000e+05 5.177928103056446759e-15
1.559158906250000000e+05 7.981524493303388522e-16
1.964457500000000000e+05 8.459481861077194708e-17
2.473148593750000000e+05 6.228794881299953672e-18
3.118317812500000000e+05 3.437010114628427613e-19
3.928915000000000000e+05 1.632323848515589759e-20
4.962840000000000000e+05 7.627978045508671523e-22
6.244907500000000000e+05 4.429154086950589854e-23
7.857830000000000000e+05 3.137524251801405385e-24
9.925680000000000000e+05 2.146502332218137746e-25
1.248981500000000000e+06 1.129528268116738641e-26
1.571566000000000000e+06 3.174960470841109087e-28
1.981000250000000000e+06 3.244647430400300193e-30
2.497963000000000000e+06 7.962537728071128414e-33
3.147267500000000000e+06 2.037423903074658954e-36
3.970272000000000000e+06 5.484997838555694023e-42
5.004197000000000000e+06 1.470597076608898677e-51
6.286264000000000000e+06 1.789567022187825664e-68
7.940544000000000000e+06 1.043026835102514078e-98
1.000839400000000000e+07 9.999999999999999821e-201
