1.211760009765625000e+03 1.805918514729111490e-13
1.526073364257812500e+03 1.166953120797015161e-13
1.923100463867187500e+03 7.510290803834744704e-14
2.423520019531250000e+03 4.801200259361063165e-14
3.056282226562500000e+03 3.056157585024369163e-14
3.850336669921875000e+03 1.934766897635619554e-14
4.838769042968750000e+03 1.219410471414502133e-14
6.120835937500000000e+03 7.610394663007658562e-15
7.692401855468750000e+03 4.701512576582931920e-15
9.718894531250000000e+03 2.807464168111737282e-15
1.224167187500000000e+04 1.581639366775469040e-15
1.542616113281250000e+04 8.138625616188960189e-16
1.943778906250000000e+04 3.819871598422911145e-16
2.448334375000000000e+04 1.612163370115180777e-16
3.085232226562500000e+04 6.085143991833447376e-17
3.891693750000000000e+04 2.006433425460168705e-17
4.921482812500000000e+04 5.530687267612364941e-18
6.162192968750000000e+04 1.295256051925921543e-18
7.775115625000000000e+04 2.223414328027933238e-19
9.801609375000000000e+04 2.776010837938496044e-20
1.236574296875000000e+05 2.369301363991137767e-21
1.559158906250000000e+05 1.374835954283635752e-22
1.964457500000000000e+05 5.560728996300248431e-24
2.473148593750000000e+05 1.730980440728378524e-25
3.118317812500000000e+05 4.590179960256192345e-27
3.928915000000000000e+05 1.259989934333960959e-28
4.962840000000000000e+05 3.609738140713251678e-30
6.244907500000000000e+05 9.716993160449122512e-32
7.857830000000000000e+05 1.639282472333119697e-33
9.925680000000000000e+05 1.109129535351499893e-35
1.248981500000000000e+06 2.210950980496470078e-38
1.571566000000000000e+06 6.799293839859111964e-42
1.981000250000000000e+06 9.055496440519482456e-47
2.497963000000000000e+06 2.772046764812256433e-54
3.147267500000000000e+06 3.516060565151039169e-67
3.970272000000000000e+06 1.288771380233605535e-90
5.004197000000000000e+06 7.647608182582804457e-132
6.286264000000000000e+06 1.373926398737111016e-198
7.940544000000000000e+06 9.999999999999999821e-201
1.000839400000000000e+07 9.999999999999999821e-201
