1.211760009765625000e+03 7.721858476772751152e-13
1.526073364257812500e+03 5.221620743905287958e-13
1.923100463867187500e+03 3.539332447784189455e-13
2.423520019531250000e+03 2.403739766808114027e-13
3.056282226562500000e+03 1.634458180666164216e-13
3.850336669921875000e+03 1.105136669956410985e-13
4.838769042968750000e+03 7.479291799036682907e-14
6.120835937500000000e+03 4.991990481285736149e-14
7.692401855468750000e+03 3.330677116146509105e-14
9.718894531250000000e+03 2.173171746850613184e-14
1.224167187500000000e+04 1.379273659929635183e-14
1.542616113281250000e+04 8.295198393220311524e-15
1.943778906250000000e+04 4.608045171235005615e-15
2.448334375000000000e+04 2.334702445158462244e-15
3.085232226562500000e+04 1.070321506755219390e-15
3.891693750000000000e+04 4.380093219895973461e-16
4.921482812500000000e+04 1.547695069735334735e-16
6.162192968750000000e+04 4.738889851550352089e-17
7.775115625000000000e+04 1.114827389086755084e-17
9.801609375000000000e+04 1.953736795802809544e-18
1.236574296875000000e+05 2.392118754033684297e-19
1.559158906250000000e+05 2.001336760691659830e-20
1.964457500000000000e+05 1.139996292516308359e-21
2.473148593750000000e+05 4.726799895016662038e-23
3.118317812500000000e+05 1.566675303319852728e-24
3.928915000000000000e+05 5.098732164421514840e-26
4.962840000000000000e+05 1.837145297758094056e-27
6.244907500000000000e+05 8.111634497524402145e-29
7.857830000000000000e+05 3.197382042738900119e-30
9.925680000000000000e+05 7.453876067794835222e-32
1.248981500000000000e+06 7.797539616501297758e-34
1.571566000000000000e+06 2.254797758507114887e-36
1.981000250000000000e+06 9.530805833192220199e-40
2.497963000000000000e+06 1.649497765278578792e-44
3.147267500000000000e+06 5.042927705515790530e-52
3.970272000000000000e+06 2.589726377496352507e-65
5.004197000000000000e+06 2.403487853188310187e-89
6.286264000000000000e+06 1.474467513358711769e-130
7.940544000000000000e+06 9.489199467099369215e-199
1.000839400000000000e+07 9.999999999999999821e-201
