1.211760009765625000e+03 5.193572556151996176e-12
1.526073364257812500e+03 3.065724300398938592e-12
1.923100463867187500e+03 1.789285583358747546e-12
2.423520019531250000e+03 1.033732667051836173e-12
3.056282226562500000e+03 5.925630626464053162e-13
3.850336669921875000e+03 3.312064185054607045e-13
4.838769042968750000e+03 1.839937877178941074e-13
6.120835937500000000e+03 9.905842383943659177e-14
7.692401855468750000e+03 5.267732741071870521e-14
9.718894531250000000e+03 2.703788308171058186e-14
1.224167187500000000e+04 1.324543988847869214e-14
1.542616113281250000e+04 6.170118740401749104e-15
1.943778906250000000e+04 2.625275431412491312e-15
2.448334375000000000e+04 1.003059236443234942e-15
3.085232226562500000e+04 2.295845364019702679e-18
3.891693750000000000e+04 1.444870452819725964e-18
4.921482812500000000e+04 8.262293731260964440e-19
6.162192968750000000e+04 4.302165434674408992e-19
7.775115625000000000e+04 1.853806668353329679e-19
9.801609375000000000e+04 6.364037401085552391e-20
1.236574296875000000e+05 1.633599982680378804e-20
1.559158906250000000e+05 3.002711875973257535e-21
1.964457500000000000e+05 3.866334878180391099e-22
2.473148593750000000e+05 3.527376202284197648e-23
3.118317812500000000e+05 2.393626882032004671e-24
3.928915000000000000e+05 1.426498467434224646e-25
4.962840000000000000e+05 8.536392227180441001e-27
6.244907500000000000e+05 6.462246278096775669e-28
7.857830000000000000e+05 5.966239232753575377e-29
9.925680000000000000e+05 5.177504972186998082e-30
1.248981500000000000e+06 3.281998094437821757e-31
1.571566000000000000e+06 1.048461180690554872e-32
1.981000250000000000e+06 1.123090112451819147e-34
2.497963000000000000e+06 2.740750002699735876e-37
3.147267500000000000e+06 6.130126735158189676e-41
3.970272000000000000e+06 1.078848665630587816e-46
5.004197000000000000e+06 1.057516930954777302e-56
6.286264000000000000e+06 1.785459345112826368e-74
7.940544000000000000e+06 3.101629205429265599e-106
1.000839400000000000e+07 9.999999999999999821e-201
