1.211760009765625000e+03 1.022523517650069122e-11
1.526073364257812500e+03 5.617198072989021781e-12
1.923100463867187500e+03 3.044924589224534795e-12
2.423520019531250000e+03 1.612872052809792333e-12
3.056282226562500000e+03 8.295882877049673416e-13
3.850336669921875000e+03 4.154836060574110826e-13
4.838769042968750000e+03 1.989879268539790637e-13
6.120835937500000000e+03 9.097303791421074388e-14
7.692401855468750000e+03 3.941714068608093237e-14
9.718894531250000000e+03 1.597321983389698202e-14
1.224167187500000000e+04 6.044668774033082825e-15
1.542616113281250000e+04 2.170496636343628798e-15
1.943778906250000000e+04 2.661328201991659143e-16
2.448334375000000000e+04 2.074026897001499877e-16
3.085232226562500000e+04 1.549319768761477424e-16
3.891693750000000000e+04 1.100458564015563664e-16
4.921482812500000000e+04 7.347485235872752539e-17
6.162192968750000000e+04 4.649398911146027122e-17
7.775115625000000000e+04 2.621010482632782623e-17
9.801609375000000000e+04 1.281466829579698760e-17
1.236574296875000000e+05 5.133687199491814235e-18
1.559158906250000000e+05 1.609314063081386395e-18
1.964457500000000000e+05 3.810752255072250225e-19
2.473148593750000000e+05 6.719955406992005413e-20
3.118317812500000000e+05 8.816174614094930048e-21
3.928915000000000000e+05 9.456667557157800855e-22
4.962840000000000000e+05 9.154261786415324902e-23
6.244907500000000000e+05 9.885387522006281115e-24
7.857830000000000000e+05 1.273947993611972769e-24
9.925680000000000000e+05 1.917282295227156947e-25
1.248981500000000000e+06 3.022662765519117609e-26
1.571566000000000000e+06 3.744863252360233029e-27
1.981000250000000000e+06 2.809258994275990838e-28
2.497963000000000000e+06 1.002896159370835925e-29
3.147267500000000000e+06 1.277294045900509212e-31
3.970272000000000000e+06 2.943117190974541008e-34
5.004197000000000000e+06 2.639874764954899284e-38
6.286264000000000000e+06 4.187532249609246832e-45
7.940544000000000000e+06 1.753380790576092481e-57
1.000839400000000000e+07 9.999999999999999821e-201
