1.211760009765625000e+03 1.245461044640766605e-14
1.526073364257812500e+03 8.059888080081077994e-15
1.923100463867187500e+03 5.171663155409712592e-15
2.423520019531250000e+03 3.306699073521235307e-15
3.056282226562500000e+03 2.103591799298309410e-15
3.850336669921875000e+03 1.332580191878987807e-15
4.838769042968750000e+03 8.448742469872452285e-16
6.120835937500000000e+03 5.317641159119447378e-16
7.692401855468750000e+03 3.340699825699998942e-16
9.718894531250000000e+03 2.071177137940791991e-16
1.224167187500000000e+04 1.261208301216821790e-16
1.542616113281250000e+04 7.442499578013105968e-17
1.943778906250000000e+04 4.119636365285710837e-17
2.448334375000000000e+04 2.114718806152816842e-17
3.085232226562500000e+04 9.973352045826478394e-18
3.891693750000000000e+04 4.272150802680359328e-18
4.921482812500000000e+04 1.613216243559851250e-18
6.162192968750000000e+04 5.402088049321358555e-19
7.775115625000000000e+04 1.433007716509371214e-19
9.801609375000000000e+04 2.895157622896655308e-20
1.236574296875000000e+05 4.176561123759797791e-21
1.559158906250000000e+05 4.186965614691043732e-22
1.964457500000000000e+05 2.875637500954369814e-23
2.473148593750000000e+05 1.415583324073233584e-24
3.118317812500000000e+05 5.415831892727932000e-26
3.928915000000000000e+05 1.944727300685083173e-27
4.962840000000000000e+05 7.581199323292921344e-29
6.244907500000000000e+05 3.851174032980284993e-30
7.857830000000000000e+05 2.075829043110256244e-31
9.925680000000000000e+05 8.116527701295261223e-33
1.248981500000000000e+06 1.768564537706856514e-34
1.571566000000000000e+06 1.387711563752968387e-36
1.981000250000000000e+06 2.386586261322740324e-39
2.497963000000000000e+06 4.048126892582839778e-43
3.147267500000000000e+06 9.244336331402972416e-49
3.970272000000000000e+06 2.275689946239182098e-58
5.004197000000000000e+06 1.129228310574143410e-75
6.286264000000000000e+06 5.630862655782831319e-106
7.940544000000000000e+06 8.200966948933987912e-158
1.000839400000000000e+07 9.999999999999999821e-201
