1.211760009765625000e+03 3.699019302583076768e-12
1.526073364257812500e+03 2.571252639044270960e-12
1.923100463867187500e+03 1.789285583358747546e-12
2.423520019531250000e+03 1.239233739417562683e-12
3.056282226562500000e+03 8.542755429075294944e-13
3.850336669921875000e+03 5.879030258289653097e-13
4.838769042968750000e+03 4.052902291820733233e-13
6.120835937500000000e+03 2.732676706769715843e-13
7.692401855468750000e+03 1.852037096352981525e-13
9.718894531250000000e+03 1.233501051040293969e-13
1.224167187500000000e+04 8.055075659658379449e-14
1.542616113281250000e+04 5.044856001383733605e-14
1.943778906250000000e+04 2.963358060305212307e-14
2.448334375000000000e+04 1.610022601923051908e-14
3.085232226562500000e+04 7.968530642212506365e-15
3.891693750000000000e+04 3.567175422700103395e-15
4.921482812500000000e+04 1.404610694823663391e-15
6.162192968750000000e+04 4.852723162949694811e-16
7.775115625000000000e+04 1.305629252819649065e-16
9.801609375000000000e+04 2.676601606266220981e-17
1.236574296875000000e+05 3.908692674722847128e-18
1.559158906250000000e+05 3.944562342261562017e-19
1.964457500000000000e+05 2.732537056594080755e-20
2.473148593750000000e+05 1.347307601047193471e-21
3.118317812500000000e+05 5.154541757552461105e-23
3.928915000000000000e+05 1.850437492167018623e-24
4.962840000000000000e+05 7.198953979261344880e-26
6.244907500000000000e+05 3.581861163541104263e-27
7.857830000000000000e+05 1.902843289517734766e-28
9.925680000000000000e+05 7.276886904609543966e-30
1.248981500000000000e+06 1.549654269195910097e-31
1.571566000000000000e+06 1.181168447287410335e-33
1.981000250000000000e+06 1.972911309360131550e-36
2.497963000000000000e+06 3.250178803179491724e-40
3.147267500000000000e+06 7.144514782441634164e-46
3.970272000000000000e+06 1.697591290541325959e-55
5.004197000000000000e+06 8.161089560196610515e-73
6.286264000000000000e+06 3.941603859047981958e-103
7.940544000000000000e+06 5.555493739600442372e-155
1.000839400000000000e+07 9.999999999999999821e-201
