1.211760009765625000e+03 3.599382419011814874e-19
1.526073364257812500e+03 1.878992313147736005e-19
1.923100463867187500e+03 9.338815106126797299e-20
2.423520019531250000e+03 4.352886351019478197e-20
3.056282226562500000e+03 1.886319406882521727e-20
3.850336669921875000e+03 7.407578125444962773e-21
4.838769042968750000e+03 2.612563169650595720e-21
6.120835937500000000e+03 1.799627633016813103e-25
7.692401855468750000e+03 1.305021920214970297e-25
9.718894531250000000e+03 9.281941988549476614e-26
1.224167187500000000e+04 6.460717995855981813e-26
1.542616113281250000e+04 4.313975803303404812e-26
1.943778906250000000e+04 2.704301172304117297e-26
2.448334375000000000e+04 1.568312171821418345e-26
3.085232226562500000e+04 8.298437961794552260e-27
3.891693750000000000e+04 3.976061143088651057e-27
4.921482812500000000e+04 1.675797908180707552e-27
6.162192968750000000e+04 6.226135378878853754e-28
7.775115625000000000e+04 1.825757979552680891e-28
9.801609375000000000e+04 4.058897451708056038e-29
1.236574296875000000e+05 6.396042558637386506e-30
1.559158906250000000e+05 6.948893809645135690e-31
1.964457500000000000e+05 5.131173076347489753e-32
2.473148593750000000e+05 2.703718631831192478e-33
3.118317812500000000e+05 1.109295392063133372e-34
3.928915000000000000e+05 4.313758739701457821e-36
4.962840000000000000e+05 1.828406895617704206e-37
6.244907500000000000e+05 1.005434712572941442e-38
7.857830000000000000e+05 5.901866887274257887e-40
9.925680000000000000e+05 2.518922390057150088e-41
1.248981500000000000e+06 5.991228401352216928e-43
1.571566000000000000e+06 5.182941328807598134e-45
1.981000250000000000e+06 9.800914246498721258e-48
2.497963000000000000e+06 1.833334390775497408e-51
3.147267500000000000e+06 4.596560585836103396e-57
3.970272000000000000e+06 1.247959002776325689e-66
5.004197000000000000e+06 6.861977344491843412e-84
6.286264000000000000e+06 3.794711789766690625e-114
7.940544000000000000e+06 6.137497845653822503e-166
1.000839400000000000e+07 9.999999999999999821e-201
