1.211760009765625000e+03 2.590558972852794197e-14
1.526073364257812500e+03 1.730650814741336296e-14
1.923100463867187500e+03 1.153618336639192517e-14
2.423520019531250000e+03 7.659585424540714455e-15
3.056282226562500000e+03 5.036786032494445503e-15
3.850336669921875000e+03 3.327788471014414247e-15
4.838769042968750000e+03 2.189489743932048836e-15
6.120835937500000000e+03 1.424993152677276109e-15
7.692401855468750000e+03 9.314901221838380126e-16
9.718894531250000000e+03 6.047952560821925739e-16
1.224167187500000000e+04 3.918930914041303351e-16
1.542616113281250000e+04 2.518800670652396256e-16
1.943778906250000000e+04 1.601955854864917045e-16
2.448334375000000000e+04 9.924696318506520300e-17
3.085232226562500000e+04 5.919158690174507583e-17
3.891693750000000000e+04 3.364185627688884305e-17
4.921482812500000000e+04 1.799584717441385007e-17
6.162192968750000000e+04 9.161460101834731811e-18
7.775115625000000000e+04 4.171516646678743044e-18
9.801609375000000000e+04 1.654202489406843696e-18
1.236574296875000000e+05 5.384785058481655899e-19
1.559158906250000000e+05 1.378230195166239456e-19
1.964457500000000000e+05 2.687313854434109101e-20
2.473148593750000000e+05 3.926469887187660730e-21
3.118317812500000000e+05 4.311878327649093043e-22
3.928915000000000000e+05 3.908931347738192730e-23
4.962840000000000000e+05 3.241130277049027168e-24
6.244907500000000000e+05 3.039644650667673229e-25
7.857830000000000000e+05 3.484425162720129554e-26
9.925680000000000000e+05 4.760559749229876692e-27
1.248981500000000000e+06 6.920480913575769410e-28
1.571566000000000000e+06 8.145518087160915178e-29
1.981000250000000000e+06 5.844644607314708054e-30
2.497963000000000000e+06 1.975138072433746585e-31
3.147267500000000000e+06 2.360840213133694276e-33
3.970272000000000000e+06 4.975942963777324901e-36
5.004197000000000000e+06 3.887140358985712593e-40
6.286264000000000000e+06 4.830289796824168219e-47
7.940544000000000000e+06 1.309363084924953364e-59
1.000839400000000000e+07 9.999999999999999821e-201
