1.211760009765625000e+03 1.743645462497072993e-10
1.526073364257812500e+03 9.889433227093348442e-11
1.923100463867187500e+03 5.509116138236144507e-11
2.423520019531250000e+03 3.038924948923470406e-11
3.056282226562500000e+03 1.644362498843774596e-11
3.850336669921875000e+03 8.819227396681310880e-12
4.838769042968750000e+03 4.647207576152070500e-12
6.120835937500000000e+03 2.421009127904991568e-12
7.692401855468750000e+03 1.266826566170019634e-12
9.718894531250000000e+03 6.699270528910441707e-13
1.224167187500000000e+04 3.722370115844873924e-13
1.542616113281250000e+04 1.569406571714185279e-13
1.943778906250000000e+04 1.209023286690503313e-13
2.448334375000000000e+04 9.001468753994285944e-14
3.085232226562500000e+04 6.472749071269963153e-14
3.891693750000000000e+04 4.385456264665866400e-14
4.921482812500000000e+04 2.762432602968978408e-14
6.162192968750000000e+04 1.656453147758713868e-14
7.775115625000000000e+04 8.736160516604697946e-15
9.801609375000000000e+04 3.962814754842769104e-15
1.236574296875000000e+05 1.466941444901130747e-15
1.559158906250000000e+05 4.203113361145268718e-16
1.964457500000000000e+05 9.022565067828544198e-17
2.473148593750000000e+05 1.431335243759687972e-17
3.118317812500000000e+05 1.679363138137015046e-18
3.928915000000000000e+05 1.601895395445651171e-19
4.962840000000000000e+05 1.366440528113214122e-20
6.244907500000000000e+05 1.282833081383475866e-21
7.857830000000000000e+05 1.420452600117890579e-22
9.925680000000000000e+05 1.849735565212813205e-23
1.248981500000000000e+06 2.537509668311115540e-24
1.571566000000000000e+06 2.785677180084313293e-25
1.981000250000000000e+06 1.841948603517362848e-26
2.497963000000000000e+06 5.672828426067573868e-28
3.147267500000000000e+06 6.116878572602585179e-30
3.970272000000000000e+06 1.155310586294531640e-32
5.004197000000000000e+06 8.275487927582764623e-37
6.286264000000000000e+06 9.385685052365659744e-44
7.940544000000000000e+06 2.390348887595554045e-56
1.000839400000000000e+07 9.999999999999999821e-201
