1.211760009765625000e+03 4.371568266689089427e-10
1.526073364257812500e+03 2.561363205817177664e-10
1.923100463867187500e+03 1.498919063252284052e-10
2.423520019531250000e+03 8.655954260253326368e-11
3.056282226562500000e+03 4.938025522053377029e-11
3.850336669921875000e+03 2.814313453696524031e-11
4.838769042968750000e+03 1.575060285877043890e-11
6.120835937500000000e+03 8.653505131310102433e-12
7.692401855468750000e+03 4.667255770100071273e-12
9.718894531250000000e+03 2.465703736335093036e-12
1.224167187500000000e+04 1.265360138389511833e-12
1.542616113281250000e+04 6.248563202195365632e-13
1.943778906250000000e+04 2.946994261308101888e-13
2.448334375000000000e+04 1.286748418038926829e-13
3.085232226562500000e+04 5.152648931734641405e-14
3.891693750000000000e+04 3.514372486067851619e-16
4.921482812500000000e+04 2.462168189602784831e-16
6.162192968750000000e+04 1.630969253177810186e-16
7.775115625000000000e+04 9.609776568265168707e-17
9.801609375000000000e+04 4.944429418886389901e-17
1.236574296875000000e+05 2.084916777517966964e-17
1.559158906250000000e+05 6.891150975831196219e-18
1.964457500000000000e+05 1.726690349907888740e-18
2.473148593750000000e+05 3.218792174961977783e-19
3.118317812500000000e+05 4.506399154460328812e-20
3.928915000000000000e+05 5.173585607300547817e-21
4.962840000000000000e+05 5.457430158013143519e-22
6.244907500000000000e+05 6.336886305629218713e-23
7.857830000000000000e+05 9.024975083621956812e-24
9.925680000000000000e+05 1.491259680481648258e-24
1.248981500000000000e+06 2.599400148026020864e-25
1.571566000000000000e+06 3.586728130092403303e-26
1.981000250000000000e+06 2.931177825789649256e-27
2.497963000000000000e+06 1.084876677101973825e-28
3.147267500000000000e+06 1.326469173609324695e-30
3.970272000000000000e+06 2.726127611519552761e-33
5.004197000000000000e+06 2.060518528402168690e-37
6.286264000000000000e+06 2.493686195921419560e-44
7.940544000000000000e+06 6.569653152850201038e-57
1.000839400000000000e+07 9.999999999999999821e-201
