1.211760009765625000e+03 3.674110081690261458e-12
1.526073364257812500e+03 2.264680209004376859e-12
1.923100463867187500e+03 1.381202906452366701e-12
2.423520019531250000e+03 8.344588999093132892e-13
3.056282226562500000e+03 4.987404236305678581e-13
3.850336669921875000e+03 2.920066208588873809e-13
4.838769042968750000e+03 1.696367398050700756e-13
6.120835937500000000e+03 9.583312954309413509e-14
7.692401855468750000e+03 5.303757625734589146e-14
9.718894531250000000e+03 2.853494767313872606e-14
1.224167187500000000e+04 1.462832721216795356e-14
1.542616113281250000e+04 7.144781733543450176e-15
1.943778906250000000e+04 3.180569713501007673e-15
2.448334375000000000e+04 1.272782285014912556e-15
3.085232226562500000e+04 9.999999999999999821e-201
3.891693750000000000e+04 9.999999999999999821e-201
4.921482812500000000e+04 9.999999999999999821e-201
6.162192968750000000e+04 9.999999999999999821e-201
7.775115625000000000e+04 9.999999999999999821e-201
9.801609375000000000e+04 9.999999999999999821e-201
1.236574296875000000e+05 9.999999999999999821e-201
1.559158906250000000e+05 9.999999999999999821e-201
1.964457500000000000e+05 9.999999999999999821e-201
2.473148593750000000e+05 9.999999999999999821e-201
3.118317812500000000e+05 9.999999999999999821e-201
3.928915000000000000e+05 9.999999999999999821e-201
4.962840000000000000e+05 9.999999999999999821e-201
6.244907500000000000e+05 9.999999999999999821e-201
7.857830000000000000e+05 9.999999999999999821e-201
9.925680000000000000e+05 9.999999999999999821e-201
1.248981500000000000e+06 9.999999999999999821e-201
1.571566000000000000e+06 9.999999999999999821e-201
1.981000250000000000e+06 9.999999999999999821e-201
2.497963000000000000e+06 9.999999999999999821e-201
3.147267500000000000e+06 9.999999999999999821e-201
3.970272000000000000e+06 9.999999999999999821e-201
5.004197000000000000e+06 9.999999999999999821e-201
6.286264000000000000e+06 9.999999999999999821e-201
7.940544000000000000e+06 9.999999999999999821e-201
1.000839400000000000e+07 9.999999999999999821e-201
