1.211760009765625000e+03 2.951742675798616086e-16
1.526073364257812500e+03 1.453746684382722269e-16
1.923100463867187500e+03 6.741211912741947625e-17
2.423520019531250000e+03 2.964197286245024281e-17
3.056282226562500000e+03 1.209801150197815465e-17
3.850336669921875000e+03 4.506907159598607359e-18
4.838769042968750000e+03 1.514723887977887611e-18
6.120835937500000000e+03 1.320941799879582595e-20
7.692401855468750000e+03 9.201112191650902592e-21
9.718894531250000000e+03 6.292989008978835146e-21
1.224167187500000000e+04 4.202083702769244491e-21
1.542616113281250000e+04 2.664421949983238518e-21
1.943778906250000000e+04 1.571199890838130456e-21
2.448334375000000000e+04 8.508157772715014489e-22
3.085232226562500000e+04 4.164190273055974838e-22
3.891693750000000000e+04 1.840180832457595324e-22
4.921482812500000000e+04 7.075465858621937946e-23
6.162192968750000000e+04 2.344201771241471334e-23
7.775115625000000000e+04 6.006896558882541868e-24
9.801609375000000000e+04 1.145516099732471814e-24
1.236574296875000000e+05 1.531219983306925891e-25
1.559158906250000000e+05 1.399646171910658326e-26
1.964457500000000000e+05 8.760359087299939596e-28
2.473148593750000000e+05 4.001946171225575439e-29
3.118317812500000000e+05 1.459040832349950269e-30
3.928915000000000000e+05 5.218864563973718003e-32
4.962840000000000000e+05 2.066433947995780436e-33
6.244907500000000000e+05 1.030273734363333698e-34
7.857830000000000000e+05 4.845921262680017072e-36
9.925680000000000000e+05 1.409370757172718039e-37
1.248981500000000000e+06 1.946907895849141685e-39
1.571566000000000000e+06 7.942659296625902852e-42
1.981000250000000000e+06 5.268666871483262061e-45
2.497963000000000000e+06 1.797773253491389446e-49
3.147267500000000000e+06 1.816889660394596077e-56
3.970272000000000000e+06 8.686735217696993590e-69
5.004197000000000000e+06 4.020984774434039183e-91
6.286264000000000000e+06 1.142476172465694716e-129
7.940544000000000000e+06 5.711585212997984781e-194
1.000839400000000000e+07 9.999999999999999821e-201
