1.211760009765625000e+03 1.058641887944651483e-12
1.526073364257812500e+03 6.151227467252062735e-13
1.923100463867187500e+03 3.821851224103991859e-13
2.423520019531250000e+03 2.540740531067163641e-13
3.056282226562500000e+03 1.767813136895109193e-13
3.850336669921875000e+03 1.262123538434103451e-13
4.838769042968750000e+03 9.106716823127863364e-14
6.120835937500000000e+03 6.506835944905175548e-14
7.692401855468750000e+03 4.663545034296910133e-14
9.718894531250000000e+03 3.296335807501060664e-14
1.224167187500000000e+04 2.308295173568228323e-14
1.542616113281250000e+04 1.590347926754413751e-14
1.943778906250000000e+04 1.057381601615552763e-14
2.448334375000000000e+04 6.770837388409936330e-15
3.085232226562500000e+04 4.058699919239329312e-15
3.891693750000000000e+04 2.251529925068737926e-15
4.921482812500000000e+04 1.148986228212123325e-15
6.162192968750000000e+04 5.400702375371322492e-16
7.775115625000000000e+04 2.147439825099227732e-16
9.801609375000000000e+04 6.955286596698744100e-17
1.236574296875000000e+05 1.724394839287326510e-17
1.559158906250000000e+05 3.124532873877668705e-18
1.964457500000000000e+05 4.003084329311988926e-19
2.473148593750000000e+05 3.689389764280023769e-20
3.118317812500000000e+05 2.527185967103603337e-21
3.928915000000000000e+05 1.486880397250639346e-22
4.962840000000000000e+05 8.640076931295183032e-24
6.244907500000000000e+05 6.231571306272984834e-25
7.857830000000000000e+05 5.696236152932867014e-26
9.925680000000000000e+05 5.491096359647302634e-27
1.248981500000000000e+06 4.477498214781981019e-28
1.571566000000000000e+06 2.186022893485300895e-29
1.981000250000000000e+06 4.460875155708582400e-31
2.497963000000000000e+06 2.682758872744242612e-33
3.147267500000000000e+06 2.550213507675198988e-36
3.970272000000000000e+06 6.951018852606590153e-41
5.004197000000000000e+06 1.437915538422916285e-48
6.286264000000000000e+06 4.011815672075474586e-62
7.940544000000000000e+06 1.160248350470662231e-86
1.000839400000000000e+07 9.999999999999999821e-201
