1.211760009765625000e+03 8.132860621504203515e-14
1.526073364257812500e+03 5.300736209722035510e-14
1.923100463867187500e+03 3.437311778557594648e-14
2.423520019531250000e+03 2.216920659460564547e-14
3.056282226562500000e+03 1.427081316998829555e-14
3.850336669921875000e+03 9.131878012250223324e-15
4.838769042968750000e+03 5.829400448557852159e-15
6.120835937500000000e+03 3.691806254159585668e-15
7.692401855468750000e+03 2.323173449607373683e-15
9.718894531250000000e+03 1.449698667701536717e-15
1.224167187500000000e+04 8.855627406589156316e-16
1.542616113281250000e+04 5.191515743403470932e-16
1.943778906250000000e+04 2.846155970879124067e-16
2.448334375000000000e+04 1.444306984504675761e-16
3.085232226562500000e+04 6.685972904088664371e-17
3.891693750000000000e+04 2.814613452481808266e-17
4.921482812500000000e+04 1.032343048734039547e-17
6.162192968750000000e+04 3.352078684494455326e-18
7.775115625000000000e+04 8.483860079569542831e-19
9.801609375000000000e+04 1.626324593233508727e-19
1.236574296875000000e+05 2.212372625634575812e-20
1.559158906250000000e+05 2.077777559743928590e-21
1.964457500000000000e+05 1.332738841956251176e-22
2.473148593750000000e+05 6.128047878882319904e-24
3.118317812500000000e+05 2.215109059426367664e-25
3.928915000000000000e+05 7.580564147220081306e-27
4.962840000000000000e+05 2.870988493761509102e-28
6.244907500000000000e+05 1.391871141287322407e-29
7.857830000000000000e+05 6.880459414106452582e-31
9.925680000000000000e+05 2.319700168344569049e-32
1.248981500000000000e+06 4.105338700294877907e-34
1.571566000000000000e+06 2.428966478749667991e-36
1.981000250000000000e+06 2.828717880747728769e-39
2.497963000000000000e+06 2.607602945742893890e-43
3.147267500000000000e+06 1.907831243407553551e-49
3.970272000000000000e+06 5.010603490081552799e-60
5.004197000000000000e+06 3.842402306757011723e-79
6.286264000000000000e+06 1.899077899206825828e-112
7.940544000000000000e+06 6.639120302137466892e-169
1.000839400000000000e+07 9.999999999999999821e-201
