1.211760009765625000e+03 2.341466763924641097e-14
1.526073364257812500e+03 1.513083283745282105e-14
1.923100463867187500e+03 9.731202295459854257e-15
2.423520019531250000e+03 6.227305223203833025e-15
3.056282226562500000e+03 3.984964092796040194e-15
3.850336669921875000e+03 2.535761834302959028e-15
4.838769042968750000e+03 1.614775097514955695e-15
6.120835937500000000e+03 1.016477321978605926e-15
7.692401855468750000e+03 6.403368835892592733e-16
9.718894531250000000e+03 3.980165296751843435e-16
1.224167187500000000e+04 2.423769850935616709e-16
1.542616113281250000e+04 1.414270786274042074e-16
1.943778906250000000e+04 7.745478452068458395e-17
2.448334375000000000e+04 3.902022737142467603e-17
3.085232226562500000e+04 1.801167789464454712e-17
3.891693750000000000e+04 7.527154324756395102e-18
4.921482812500000000e+04 2.763217621461770604e-18
6.162192968750000000e+04 8.903959005688398705e-19
7.775115625000000000e+04 2.247264784937312458e-19
9.801609375000000000e+04 4.286779498468758874e-20
1.236574296875000000e+05 5.811486063714013444e-21
1.559158906250000000e+05 5.446601370202531456e-22
1.964457500000000000e+05 3.465120989086253152e-23
2.473148593750000000e+05 1.586726682924886502e-24
3.118317812500000000e+05 5.699853799255653989e-26
3.928915000000000000e+05 1.959383105849257817e-27
4.962840000000000000e+05 7.362370961753753301e-29
6.244907500000000000e+05 3.547906830732389873e-30
7.857830000000000000e+05 1.751676593958293803e-31
9.925680000000000000e+05 5.885582304149326547e-33
1.248981500000000000e+06 1.037633772413980553e-34
1.571566000000000000e+06 6.112105191624981808e-37
1.981000250000000000e+06 7.085013009723282734e-40
2.497963000000000000e+06 6.501530132817401216e-44
3.147267500000000000e+06 4.760352618947281713e-50
3.970272000000000000e+06 1.239317333821291690e-60
5.004197000000000000e+06 9.457014657038687809e-80
6.286264000000000000e+06 4.634654396873801471e-113
7.940544000000000000e+06 1.613189757624629968e-169
1.000839400000000000e+07 9.999999999999999821e-201
