1.211760009765625000e+03 1.054905504810729251e-08
1.526073364257812500e+03 6.161116900479156533e-09
1.923100463867187500e+03 3.562875679144173495e-09
2.423520019531250000e+03 2.055010723657264743e-09
3.056282226562500000e+03 1.175243437528447803e-09
3.850336669921875000e+03 6.662743614088143146e-10
4.838769042968750000e+03 3.740791731694878824e-10
6.120835937500000000e+03 2.047721868973849977e-10
7.692401855468750000e+03 1.110828313299660478e-10
9.718894531250000000e+03 5.817164664483462877e-11
1.224167187500000000e+04 2.943993623819358419e-11
1.542616113281250000e+04 1.387917914480115789e-11
1.943778906250000000e+04 5.889022505620304231e-12
2.448334375000000000e+04 2.226307451253064097e-12
3.085232226562500000e+04 7.304603848950959890e-13
3.891693750000000000e+04 2.052860270388107614e-13
4.921482812500000000e+04 2.404679317111026081e-15
6.162192968750000000e+04 9.584849988476332062e-16
7.775115625000000000e+04 2.970222060711719280e-16
9.801609375000000000e+04 6.761621270780618324e-17
1.236574296875000000e+05 1.078130862854530770e-17
1.559158906250000000e+05 1.170010664710173428e-18
1.964457500000000000e+05 8.608182028373165951e-20
2.473148593750000000e+05 4.568678552559586804e-21
3.118317812500000000e+05 1.904453520604377075e-22
3.928915000000000000e+05 7.644806216264318292e-24
4.962840000000000000e+05 3.395431356790543625e-25
6.244907500000000000e+05 1.939977260650467200e-26
7.857830000000000000e+05 1.145691177670019390e-27
9.925680000000000000e+05 4.654414577260947386e-29
1.248981500000000000e+06 1.001853297503153724e-30
1.571566000000000000e+06 7.286899436249003471e-33
1.981000250000000000e+06 1.046889982033739143e-35
2.497963000000000000e+06 1.191947191016523583e-39
3.147267500000000000e+06 1.077537181963260619e-45
3.970272000000000000e+06 3.466720061765107831e-56
5.004197000000000000e+06 3.183704768455810057e-75
6.286264000000000000e+06 1.797341583177888853e-108
7.940544000000000000e+06 6.580882404750295647e-165
1.000839400000000000e+07 9.999999999999999821e-201
