1.211760009765625000e+03 7.124037175345185226e-15
1.526073364257812500e+03 4.845822281275741029e-15
1.923100463867187500e+03 3.280356902824371012e-15
2.423520019531250000e+03 2.210693354237360262e-15
3.056282226562500000e+03 1.486345682138066644e-15
3.850336669921875000e+03 9.955860390661961539e-16
4.838769042968750000e+03 6.674002015813754409e-16
6.120835937500000000e+03 4.411596270489098809e-16
7.692401855468750000e+03 2.919199096620705609e-16
9.718894531250000000e+03 1.902792822154224848e-16
1.224167187500000000e+04 1.244298516673757141e-16
1.542616113281250000e+04 7.954714542674559939e-17
1.943778906250000000e+04 4.954118308932549375e-17
2.448334375000000000e+04 2.954010171377064386e-17
3.085232226562500000e+04 1.656508023396178659e-17
3.891693750000000000e+04 8.667716671308602142e-18
4.921482812500000000e+04 4.167364065188805613e-18
6.162192968750000000e+04 1.856960453334085592e-18
7.775115625000000000e+04 6.959663083172788018e-19
9.801609375000000000e+04 2.135431107382896663e-19
1.236574296875000000e+05 5.013679556774139213e-20
1.559158906250000000e+05 8.648144672177866654e-21
1.964457500000000000e+05 1.063961787004628958e-21
2.473148593750000000e+05 9.423874148698652876e-23
3.118317812500000000e+05 6.238481423495975409e-24
3.928915000000000000e+05 3.579569825771636414e-25
4.962840000000000000e+05 2.032768344285808439e-26
6.244907500000000000e+05 1.448734884090562028e-27
7.857830000000000000e+05 1.300018910359302150e-28
9.925680000000000000e+05 1.204358415740467476e-29
1.248981500000000000e+06 9.198028397161395421e-31
1.571566000000000000e+06 4.069078916088596288e-32
1.981000250000000000e+06 7.219825894580641713e-34
2.497963000000000000e+06 3.555345392326428088e-36
3.147267500000000000e+06 2.455633791320647537e-39
3.970272000000000000e+06 3.609805098614298276e-44
5.004197000000000000e+06 2.214987390174665613e-52
6.286264000000000000e+06 6.745859178107325947e-67
7.940544000000000000e+06 4.317944581996462607e-93
1.000839400000000000e+07 9.999999999999999821e-201
