1.211760009765625000e+03 5.679302363561894595e-14
1.526073364257812500e+03 3.856878958566405935e-14
1.923100463867187500e+03 2.605450937171509477e-14
2.423520019531250000e+03 1.756100072943480744e-14
3.056282226562500000e+03 1.175250074248703688e-14
3.850336669921875000e+03 7.878465781782441053e-15
4.838769042968750000e+03 5.239447074845118308e-15
6.120835937500000000e+03 3.450514297934570604e-15
7.692401855468750000e+03 2.272847117510819987e-15
9.718894531250000000e+03 1.490067209178764916e-15
1.224167187500000000e+04 9.692356659883142674e-16
1.542616113281250000e+04 6.209826096901684783e-16
1.943778906250000000e+04 3.862465716790251005e-16
2.448334375000000000e+04 2.303333430242222573e-16
3.085232226562500000e+04 1.293014879183258917e-16
3.891693750000000000e+04 6.770646339304919471e-17
4.921482812500000000e+04 3.260852552242950891e-17
6.162192968750000000e+04 1.446899882216852935e-17
7.775115625000000000e+04 5.457760595018710089e-18
9.801609375000000000e+04 1.689121103223906303e-18
1.236574296875000000e+05 3.986336616477014716e-19
1.559158906250000000e+05 6.932912821848991136e-20
1.964457500000000000e+05 8.620723428083200539e-21
2.473148593750000000e+05 7.708613459631041842e-22
3.118317812500000000e+05 5.140869667064714097e-23
3.928915000000000000e+05 2.951204141781147549e-24
4.962840000000000000e+05 1.670930180496421175e-25
6.244907500000000000e+05 1.177166417611371816e-26
7.857830000000000000e+05 1.045583744946215724e-27
9.925680000000000000e+05 9.770517512981990948e-29
1.248981500000000000e+06 7.589286404919924910e-30
1.571566000000000000e+06 3.478868250280856267e-31
1.981000250000000000e+06 6.529892206681794920e-33
2.497963000000000000e+06 3.540637807444548806e-35
3.147267500000000000e+06 2.902993281345865491e-38
3.970272000000000000e+06 6.028522577343934236e-43
5.004197000000000000e+06 7.341617950868009860e-51
6.286264000000000000e+06 7.818339698173639448e-65
7.940544000000000000e+06 4.351271141781541648e-90
1.000839400000000000e+07 9.999999999999999821e-201
