1.211760009765625000e+03 8.431771272217988449e-10
1.526073364257812500e+03 4.885380014184115058e-10
1.923100463867187500e+03 2.809492275624699915e-10
2.423520019531250000e+03 1.600417442363384993e-10
3.056282226562500000e+03 8.937826194916613004e-11
3.850336669921875000e+03 4.977936090976966640e-11
4.838769042968750000e+03 2.703928936839712329e-11
6.120835937500000000e+03 1.436892739782753044e-11
7.692401855468750000e+03 7.445533660811308129e-12
9.718894531250000000e+03 3.759982677366977150e-12
1.224167187500000000e+04 1.818842748517113482e-12
1.542616113281250000e+04 8.454112404510867289e-13
1.943778906250000000e+04 3.710854912953623439e-13
2.448334375000000000e+04 3.402412624124927644e-14
3.085232226562500000e+04 2.372338223711581935e-14
3.891693750000000000e+04 1.538571012966187101e-14
4.921482812500000000e+04 9.144263114587677632e-15
6.162192968750000000e+04 4.991421815901523485e-15
7.775115625000000000e+04 2.290823197119694727e-15
9.801609375000000000e+04 8.542522300730739802e-16
1.236574296875000000e+05 2.423067355113479052e-16
1.559158906250000000e+05 4.992058320940745042e-17
1.964457500000000000e+05 7.267056112929638973e-18
2.473148593750000000e+05 7.497195790906983915e-19
3.118317812500000000e+05 5.654956633771184738e-20
3.928915000000000000e+05 3.621932355822318355e-21
4.962840000000000000e+05 2.232970332117944817e-22
6.244907500000000000e+05 1.667652424949443716e-23
7.857830000000000000e+05 1.539560317361750791e-24
9.925680000000000000e+05 1.446729391911827878e-25
1.248981500000000000e+06 1.093281817771681415e-26
1.571566000000000000e+06 4.623146275893084692e-28
1.981000250000000000e+06 7.829121405427265097e-30
2.497963000000000000e+06 3.854524137891761742e-32
3.147267500000000000e+06 2.860510452838365406e-35
3.970272000000000000e+06 5.417523667477994172e-40
5.004197000000000000e+06 6.025667563448271368e-48
6.286264000000000000e+06 5.934026135764279146e-62
7.940544000000000000e+06 3.070519635898672278e-87
1.000839400000000000e+07 9.999999999999999821e-201
