1.211760009765625000e+03 2.030101502764449381e-11
1.526073364257812500e+03 1.216400286932481995e-11
1.923100463867187500e+03 7.251315258874924925e-12
2.423520019531250000e+03 4.284385993564237361e-12
3.056282226562500000e+03 2.493702888636955529e-12
3.850336669921875000e+03 1.438505941250824208e-12
4.838769042968750000e+03 8.202229646930155515e-13
6.120835937500000000e+03 4.559608179413539846e-13
7.692401855468750000e+03 2.507969233115388233e-13
9.718894531250000000e+03 1.338430047704705785e-13
1.224167187500000000e+04 6.957989037951373609e-14
1.542616113281250000e+04 3.432997275622523341e-14
1.943778906250000000e+04 1.595523221328308834e-14
2.448334375000000000e+04 6.731202718516083716e-15
3.085232226562500000e+04 2.557054635023475279e-15
3.891693750000000000e+04 9.385516649657165102e-20
4.921482812500000000e+04 5.994418308804062407e-20
6.162192968750000000e+04 3.536866378752307755e-20
7.775115625000000000e+04 1.770181561410673716e-20
9.801609375000000000e+04 7.254913590896122502e-21
1.236574296875000000e+05 2.283195894886214988e-21
1.559158906250000000e+05 5.280929688517784689e-22
1.964457500000000000e+05 8.748965594781960192e-23
2.473148593750000000e+05 1.042451735785548024e-23
3.118317812500000000e+05 9.253565400716487461e-25
3.928915000000000000e+05 7.078762382034500839e-26
4.962840000000000000e+05 5.331786303220398008e-27
6.244907500000000000e+05 4.988943388924386166e-28
7.857830000000000000e+05 5.886554154618458286e-29
9.925680000000000000e+05 7.223458724404830173e-30
1.248981500000000000e+06 7.376998673313775023e-31
1.571566000000000000e+06 4.406128029656282196e-32
1.981000250000000000e+06 1.068067640007642223e-33
2.497963000000000000e+06 7.282162866375313764e-36
3.147267500000000000e+06 7.023827646573413126e-39
3.970272000000000000e+06 1.556010557125258525e-43
5.004197000000000000e+06 1.980851635800236537e-51
6.286264000000000000e+06 2.217451871785599372e-65
7.940544000000000000e+06 1.297171396983931056e-90
1.000839400000000000e+07 9.999999999999999821e-201
