1.211760009765625000e+03 3.325380989190846310e-12
1.526073364257812500e+03 1.869102879920642834e-12
1.923100463867187500e+03 1.090836386345902867e-12
2.423520019531250000e+03 6.725489641060139761e-13
3.056282226562500000e+03 4.335586408362865311e-13
3.850336669921875000e+03 2.912288594957390465e-13
4.838769042968750000e+03 2.011573430520893596e-13
6.120835937500000000e+03 1.387599678383687742e-13
7.692401855468750000e+03 9.718380778322126753e-14
9.718894531250000000e+03 6.715360008136905078e-14
1.224167187500000000e+04 4.614245362009859769e-14
1.542616113281250000e+04 3.119177580067002033e-14
1.943778906250000000e+04 2.043136070750730743e-14
2.448334375000000000e+04 1.272618013969447380e-14
3.085232226562500000e+04 7.461094260833370743e-15
3.891693750000000000e+04 4.062387803582951535e-15
4.921482812500000000e+04 2.025891372882854727e-15
6.162192968750000000e+04 9.263221468160807093e-16
7.775115625000000000e+04 3.579860074495824739e-16
9.801609375000000000e+04 1.120081125006672426e-16
1.236574296875000000e+05 2.674013210227098894e-17
1.559158906250000000e+05 4.685132492890139314e-18
1.964457500000000000e+05 5.870641408876494129e-19
2.473148593750000000e+05 5.285441718101453092e-20
3.118317812500000000e+05 3.529137555228208924e-21
3.928915000000000000e+05 2.043141328925410387e-22
4.962840000000000000e+05 1.162055989163420219e-23
6.244907500000000000e+05 8.198123265507768096e-25
7.857830000000000000e+05 7.269688557381957054e-26
9.925680000000000000e+05 6.744611672152322888e-27
1.248981500000000000e+06 5.201049424350718184e-28
1.571566000000000000e+06 2.354319156144700866e-29
1.981000250000000000e+06 4.353261471121196285e-31
2.497963000000000000e+06 2.310203392091479030e-33
3.147267500000000000e+06 1.812600682986686533e-36
3.970272000000000000e+06 3.617113546406360255e-41
5.004197000000000000e+06 4.301079950461352403e-49
6.286264000000000000e+06 4.476546032243228223e-63
7.940544000000000000e+06 2.471193610709893787e-88
1.000839400000000000e+07 9.999999999999999821e-201
