1.211760009765625000e+03 1.494553253568919893e-10
1.526073364257812500e+03 8.870821604702735115e-11
1.923100463867187500e+03 5.218749618129680511e-11
2.423520019531250000e+03 3.045152254146673749e-11
3.056282226562500000e+03 1.757937085851002054e-11
3.850336669921875000e+03 1.003426487630002468e-11
4.838769042968750000e+03 5.676067664415544645e-12
6.120835937500000000e+03 3.130109398840645318e-12
7.692401855468750000e+03 1.708554040059857962e-12
9.718894531250000000e+03 9.067283328959046974e-13
1.224167187500000000e+04 4.663073355258640353e-13
1.542616113281250000e+04 2.301344434073824268e-13
1.943778906250000000e+04 1.068495188943845112e-13
2.448334375000000000e+04 4.485715561636109368e-14
3.085232226562500000e+04 1.691422825150089450e-14
3.891693750000000000e+04 1.372806912934928370e-17
4.921482812500000000e+04 8.644728255520675488e-18
6.162192968750000000e+04 5.037355145495709116e-18
7.775115625000000000e+04 2.481126691551269331e-18
9.801609375000000000e+04 9.996274069898854856e-19
1.236574296875000000e+05 3.093627590908890208e-19
1.559158906250000000e+05 7.023185124216817084e-20
1.964457500000000000e+05 1.139930370655629742e-20
2.473148593750000000e+05 1.327052443683318581e-21
3.118317812500000000e+05 1.147664417566338935e-22
3.928915000000000000e+05 8.554364452925073834e-24
4.962840000000000000e+05 6.250797902493430917e-25
6.244907500000000000e+05 5.654602970311769938e-26
7.857830000000000000e+05 6.429928384275548423e-27
9.925680000000000000e+05 7.569858719651325160e-28
1.248981500000000000e+06 7.376998673313775234e-29
1.571566000000000000e+06 4.175957162435431550e-30
1.981000250000000000e+06 9.516432053148660047e-32
2.497963000000000000e+06 6.051728451022243292e-34
3.147267500000000000e+06 5.494445820303393576e-37
3.970272000000000000e+06 1.177191233008376085e-41
5.004197000000000000e+06 1.454471480832341200e-49
6.286264000000000000e+06 1.582406969537141250e-63
7.940544000000000000e+06 8.948840650079018169e-89
1.000839400000000000e+07 9.999999999999999821e-201
