1.211760009765625000e+03 2.005192281871633813e-10
1.526073364257812500e+03 1.147174254342828357e-10
1.923100463867187500e+03 6.482236367782129069e-11
2.423520019531250000e+03 3.630518945127833857e-11
3.056282226562500000e+03 1.994954906568328888e-11
3.850336669921875000e+03 1.085655848033622924e-11
4.838769042968750000e+03 5.767479104915820747e-12
6.120835937500000000e+03 3.003308263515809963e-12
7.692401855468750000e+03 1.521647597082204311e-12
9.718894531250000000e+03 7.422146864102717408e-13
1.224167187500000000e+04 3.493348252479986283e-13
1.542616113281250000e+04 1.554821058000196427e-13
1.943778906250000000e+04 2.059700327819950250e-14
2.448334375000000000e+04 1.362542817355939143e-14
3.085232226562500000e+04 8.225702448345535318e-15
3.891693750000000000e+04 4.489344880689707799e-15
4.921482812500000000e+04 2.151153934084349761e-15
6.162192968750000000e+04 9.038266046440899763e-16
7.775115625000000000e+04 2.968016128188101639e-16
9.801609375000000000e+04 7.354228646706612500e-17
1.236574296875000000e+05 1.289193977808037154e-17
1.559158906250000000e+05 1.543456826277202937e-18
1.964457500000000000e+05 1.248621297870507432e-19
2.473148593750000000e+05 7.079428016711554874e-21
3.118317812500000000e+05 3.083876199102602783e-22
3.928915000000000000e+05 1.239333375947312459e-23
4.962840000000000000e+05 5.299148225419909287e-25
6.244907500000000000e+05 2.858829181222192335e-26
7.857830000000000000e+05 1.614585379745909764e-27
9.925680000000000000e+05 6.159381080787627762e-29
1.248981500000000000e+06 1.242869742404325832e-30
1.571566000000000000e+06 8.544006792518482290e-33
1.981000250000000000e+06 1.246493228037372158e-35
2.497963000000000000e+06 1.703918781741226282e-39
3.147267500000000000e+06 2.791322975554635941e-45
3.970272000000000000e+06 3.878128352820166388e-55
5.004197000000000000e+06 6.989984402101368461e-73
6.286264000000000000e+06 6.737177483657056293e-104
7.940544000000000000e+06 7.815852486007241266e-157
1.000839400000000000e+07 9.999999999999999821e-201
