1.211760009765625000e+03 1.079814725703544472e-13
1.526073364257812500e+03 7.041276457690465250e-14
1.923100463867187500e+03 4.575234627623463547e-14
2.423520019531250000e+03 2.957969981021819957e-14
3.056282226562500000e+03 1.901139074204343190e-14
3.850336669921875000e+03 1.222896361708789705e-14
4.838769042968750000e+03 7.826863024301330143e-15
6.120835937500000000e+03 4.976165393169455961e-15
7.692401855468750000e+03 3.170086945664074907e-15
9.718894531250000000e+03 1.988967694348853378e-15
1.224167187500000000e+04 1.243754055772774853e-15
1.542616113281250000e+04 7.557471241463520478e-16
1.943778906250000000e+04 4.388431082833014871e-16
2.448334375000000000e+04 2.391189323449788957e-16
3.085232226562500000e+04 1.209057355637109607e-16
3.891693750000000000e+04 5.610774024304346089e-17
4.921482812500000000e+04 2.348518441880017841e-17
6.162192968750000000e+04 8.850472189823738877e-18
7.775115625000000000e+04 2.694789613587778818e-18
9.801609375000000000e+04 6.520293560705456078e-19
1.236574296875000000e+05 1.146955305052676577e-19
1.559158906250000000e+05 1.436890707613824877e-20
1.964457500000000000e+05 1.249824411053348851e-21
2.473148593750000000e+05 7.741625388133620213e-23
3.118317812500000000e+05 3.620402558307483764e-24
3.928915000000000000e+05 1.536828904914581457e-25
4.962840000000000000e+05 6.828690184336303135e-27
6.244907500000000000e+05 3.936511286565813441e-28
7.857830000000000000e+05 2.705380545002868270e-29
9.925680000000000000e+05 1.603902374272180831e-30
1.248981500000000000e+06 6.394259562388382088e-32
1.571566000000000000e+06 1.162169618004713827e-33
1.981000250000000000e+06 6.223373059703413802e-36
2.497963000000000000e+06 5.774738144072891449e-39
3.147267500000000000e+06 2.652020191158867653e-43
3.970272000000000000e+06 2.367337023642443307e-50
5.004197000000000000e+06 8.044536874712311866e-63
6.286264000000000000e+06 6.811788006557032583e-85
7.940544000000000000e+06 1.057908865372303677e-123
1.000839400000000000e+07 9.999999999999999821e-201
