1.211760009765625000e+03 1.110951251819563420e-14
1.526073364257812500e+03 6.161116900479156463e-15
1.923100463867187500e+03 3.358834340690982001e-15
2.423520019531250000e+03 1.793461384201873436e-15
3.056282226562500000e+03 9.282925885453606760e-16
3.850336669921875000e+03 4.662473456131434382e-16
4.838769042968750000e+03 2.260880304415803745e-16
6.120835937500000000e+03 1.040679147190961114e-16
7.692401855468750000e+03 4.493830319480844018e-17
9.718894531250000000e+03 2.539396924597389875e-19
1.224167187500000000e+04 1.788118032683205904e-19
1.542616113281250000e+04 1.167033473070960248e-19
1.943778906250000000e+04 6.913313695494426858e-20
2.448334375000000000e+04 3.706352739537411341e-20
3.085232226562500000e+04 1.771297606854784602e-20
3.891693750000000000e+04 7.526023715826856720e-21
4.921482812500000000e+04 2.671797518976464394e-21
6.162192968750000000e+04 8.110071032069103590e-22
7.775115625000000000e+04 1.826164113147700247e-22
9.801609375000000000e+04 3.001211407662485154e-23
1.236574296875000000e+05 3.384269760217366236e-24
1.559158906250000000e+05 2.568267386924622929e-25
1.964457500000000000e+05 1.332814981743659449e-26
2.473148593750000000e+05 5.107966607406183356e-28
3.118317812500000000e+05 1.600867291528635604e-29
3.928915000000000000e+05 5.076441801023770372e-31
4.962840000000000000e+05 1.758478202677929146e-32
6.244907500000000000e+05 6.667403786562258315e-34
7.857830000000000000e+05 1.880698727488946575e-35
9.925680000000000000e+05 2.561054332297806223e-37
1.248981500000000000e+06 1.260216504433859116e-39
1.571566000000000000e+06 1.289774371925595700e-42
1.981000250000000000e+06 1.134288861613961610e-46
2.497963000000000000e+06 1.129557895806844981e-52
3.147267500000000000e+06 1.200293361267530730e-62
3.970272000000000000e+06 1.047603087575086407e-80
5.004197000000000000e+06 4.348252779235672510e-113
6.286264000000000000e+06 4.272604374855176470e-167
7.940544000000000000e+06 9.999999999999999821e-201
1.000839400000000000e+07 9.999999999999999821e-201
