1.211760009765625000e+03 2.341466763924641160e-13
1.526073364257812500e+03 1.542751583426562374e-13
1.923100463867187500e+03 1.012358948479291315e-13
2.423520019531250000e+03 6.663216077934135307e-14
3.056282226562500000e+03 4.330538012341044686e-14
3.850336669921875000e+03 2.809732982567202290e-14
4.838769042968750000e+03 1.822786056261503784e-14
6.120835937500000000e+03 1.170031459127159188e-14
7.692401855468750000e+03 7.509242073165011065e-15
9.718894531250000000e+03 4.723219215386177789e-15
1.224167187500000000e+04 2.891930342298933136e-15
1.542616113281250000e+04 1.673306902119509246e-15
1.943778906250000000e+04 8.954334464417149019e-16
2.448334375000000000e+04 4.364077851059659400e-16
3.085232226562500000e+04 1.924744096444656601e-16
3.891693750000000000e+04 7.666536805089930454e-17
4.921482812500000000e+04 2.622181080671028981e-17
6.162192968750000000e+04 7.754430536245624711e-18
7.775115625000000000e+04 1.744602544285858387e-18
9.801609375000000000e+04 2.919345881530955056e-19
1.236574296875000000e+05 3.407841070732415511e-20
1.559158906250000000e+05 2.713323145080893436e-21
1.964457500000000000e+05 1.480544294074009268e-22
2.473148593750000000e+05 5.895894983691475752e-24
3.118317812500000000e+05 1.897473618132710829e-25
3.928915000000000000e+05 6.089583871312238912e-27
4.962840000000000000e+05 2.165749586504276652e-28
6.244907500000000000e+05 9.226448084963389667e-30
7.857830000000000000e+05 3.347329226364952221e-31
9.925680000000000000e+05 6.794636269499561998e-33
1.248981500000000000e+06 5.933729264639768101e-35
1.571566000000000000e+06 1.319676940811793162e-37
1.981000250000000000e+06 3.797482030320077511e-41
2.497963000000000000e+06 3.296401055018211818e-46
3.147267500000000000e+06 2.542342748772899033e-54
3.970272000000000000e+06 8.712873986990311600e-69
5.004197000000000000e+06 6.427460519538600218e-95
6.286264000000000000e+06 2.044033017940216229e-139
7.940544000000000000e+06 9.999999999999999821e-201
1.000839400000000000e+07 9.999999999999999821e-201
