1.211760009765625000e+03 1.644008578925811470e-13
1.526073364257812500e+03 9.681755129324388614e-14
1.923100463867187500e+03 5.579745832316094315e-14
2.423520019531250000e+03 3.157243748164343194e-14
3.056282226562500000e+03 1.738184983762788801e-14
3.850336669921875000e+03 9.367882870614878973e-15
4.838769042968750000e+03 4.865039835932992001e-15
6.120835937500000000e+03 2.417535527719084276e-15
7.692401855468750000e+03 1.153690312902822710e-15
9.718894531250000000e+03 5.132716324411005466e-16
1.224167187500000000e+04 2.130669643368426091e-16
1.542616113281250000e+04 7.940339895971643855e-17
1.943778906250000000e+04 8.808898382565113396e-20
2.448334375000000000e+04 6.123463559552380519e-20
3.085232226562500000e+04 3.967112742353378917e-20
3.891693750000000000e+04 2.369061011144714574e-20
4.921482812500000000e+04 1.292893319331814488e-20
6.162192968750000000e+04 6.415437722075505264e-21
7.775115625000000000e+04 2.650202975509961794e-21
9.801609375000000000e+04 8.797272310708926820e-22
1.236574296875000000e+05 2.198560672069086862e-22
1.559158906250000000e+05 3.967008581147186489e-23
1.964457500000000000e+05 5.039447215856540225e-24
2.473148593750000000e+05 4.548711423238457840e-25
3.118317812500000000e+05 3.054872864419525976e-26
3.928915000000000000e+05 1.777992692213288609e-27
4.962840000000000000e+05 1.030638399248415080e-28
6.244907500000000000e+05 7.468206528899179896e-30
7.857830000000000000e+05 6.660961645203408085e-31
9.925680000000000000e+05 5.839080847904877925e-32
1.248981500000000000e+06 4.044316012233677046e-33
1.571566000000000000e+06 1.526006600121602122e-34
1.981000250000000000e+06 2.176866362014175602e-36
2.497963000000000000e+06 7.797250873256824841e-39
3.147267500000000000e+06 3.173102042328564311e-42
3.970272000000000000e+06 1.677043065174127278e-47
5.004197000000000000e+06 1.343867702437356423e-56
6.286264000000000000e+06 9.951790475721761918e-73
7.940544000000000000e+06 1.071792398651345538e-101
1.000839400000000000e+07 9.999999999999999821e-201
