1.211760009765625000e+03 4.807479632313358063e-12
1.526073364257812500e+03 3.164618632669871392e-12
1.923100463867187500e+03 2.079652103465210976e-12
2.423520019531250000e+03 1.357552538658435405e-12
3.056282226562500000e+03 8.888445939696078733e-13
3.850336669921875000e+03 5.761896095995966698e-13
4.838769042968750000e+03 3.742768926189335270e-13
6.120835937500000000e+03 2.411390917591630197e-13
7.692401855468750000e+03 1.551724584841136467e-13
9.718894531250000000e+03 9.872278770227086647e-14
1.224167187500000000e+04 6.268471745973997602e-14
1.542616113281250000e+04 3.941664829715823110e-14
1.943778906250000000e+04 2.458017320503432238e-14
2.448334375000000000e+04 1.509804257273845552e-14
3.085232226562500000e+04 9.085928546462365865e-15
3.891693750000000000e+04 5.296362334675078759e-15
4.921482812500000000e+04 2.959219537288647279e-15
6.162192968750000000e+04 1.611858583276250159e-15
7.775115625000000000e+04 8.205980813061895889e-16
9.801609375000000000e+04 3.856418570209661399e-16
1.236574296875000000e+05 1.604063315117470285e-16
1.559158906250000000e+05 5.678116798309562727e-17
1.964457500000000000e+05 1.644134890954844561e-17
2.473148593750000000e+05 3.844231722218243529e-18
3.118317812500000000e+05 7.127173815657173955e-19
3.928915000000000000e+05 1.082462100714179734e-19
4.962840000000000000e+05 1.434586345709298130e-20
6.244907500000000000e+05 1.947079041559835079e-21
7.857830000000000000e+05 2.928174647607477783e-22
9.925680000000000000e+05 5.184109789705045415e-23
1.248981500000000000e+06 1.103990056082456956e-23
1.571566000000000000e+06 2.391257819478289386e-24
1.981000250000000000e+06 4.340672245944079156e-25
2.497963000000000000e+06 5.473922100569962015e-26
3.147267500000000000e+06 4.031769094996881997e-27
3.970272000000000000e+06 1.358313593447570288e-28
5.004197000000000000e+06 1.312576577161514405e-30
6.286264000000000000e+06 1.219019215982462142e-33
7.940544000000000000e+06 7.193929526521783271e-39
1.000839400000000000e+07 9.999999999999999821e-201
