1.211760009765625000e+03 1.631553968479403775e-11
1.526073364257812500e+03 1.087837654980268387e-11
1.923100463867187500e+03 7.204228796154957555e-12
2.423520019531250000e+03 4.776343106197338118e-12
3.056282226562500000e+03 3.160336334114161282e-12
3.850336669921875000e+03 2.085257634741397279e-12
4.838769042968750000e+03 1.375467580374580997e-12
6.120835937500000000e+03 8.974910981629381596e-13
7.692401855468750000e+03 5.865558165202273095e-13
9.718894531250000000e+03 3.803000469662949932e-13
1.224167187500000000e+04 2.450738462571366580e-13
1.542616113281250000e+04 1.570811974218434862e-13
1.943778906250000000e+04 9.939944650311689027e-14
2.448334375000000000e+04 6.220393539968244330e-14
3.085232226562500000e+04 3.806771088440899813e-14
3.891693750000000000e+04 2.248323348693195513e-14
4.921482812500000000e+04 1.270423559973919305e-14
6.162192968750000000e+04 6.944227642236266903e-15
7.775115625000000000e+04 3.546242445762737153e-15
9.801609375000000000e+04 1.669866681857775776e-15
1.236574296875000000e+05 6.968809775189009271e-16
1.559158906250000000e+05 2.469591895155186311e-16
1.964457500000000000e+05 7.167518925545083318e-17
2.473148593750000000e+05 1.673792818183222558e-17
3.118317812500000000e+05 3.090438394016052262e-18
3.928915000000000000e+05 4.706899792032822933e-19
4.962840000000000000e+05 6.236338732143924444e-20
6.244907500000000000e+05 8.443086109418754528e-21
7.857830000000000000e+05 1.264025701917513528e-21
9.925680000000000000e+05 2.227582547192037191e-22
1.248981500000000000e+06 4.715809375364567554e-23
1.571566000000000000e+06 1.013138181410538417e-23
1.981000250000000000e+06 1.829944635680314239e-24
2.497963000000000000e+06 2.292328388686338042e-25
3.147267500000000000e+06 1.669404390897146459e-26
3.970272000000000000e+06 5.587025723991891818e-28
5.004197000000000000e+06 5.329637860012962270e-30
6.286264000000000000e+06 4.915400064445411069e-33
7.940544000000000000e+06 2.855540931022190722e-38
1.000839400000000000e+07 9.999999999999999821e-201
