1.211760009765625000e+03 2.341466763924640757e-11
1.526073364257812500e+03 1.295515752749228396e-11
1.923100463867187500e+03 7.062969407995057060e-12
2.423520019531250000e+03 3.779974270484725717e-12
3.056282226562500000e+03 1.970271256026997239e-12
3.850336669921875000e+03 1.007318925433968291e-12
4.838769042968750000e+03 5.020347691649437227e-13
6.120835937500000000e+03 2.399289829927083818e-13
7.692401855468750000e+03 1.136793716986632381e-13
9.718894531250000000e+03 5.286723865647542135e-14
1.224167187500000000e+04 2.545273754949523232e-14
1.542616113281250000e+04 8.597347251193376615e-15
1.943778906250000000e+04 5.929714716341370216e-15
2.448334375000000000e+04 3.820604822145220969e-15
3.085232226562500000e+04 2.266829927466474802e-15
3.891693750000000000e+04 1.228410512316057835e-15
4.921482812500000000e+04 5.944879612072463961e-16
6.162192968750000000e+04 2.576215562752263904e-16
7.775115625000000000e+04 8.986634153721928772e-17
9.801609375000000000e+04 2.440713339592405383e-17
1.236574296875000000e+05 4.828802064279430928e-18
1.559158906250000000e+05 6.710965139875305725e-19
1.964457500000000000e+05 6.444348511509288038e-20
2.473148593750000000e+05 4.344596740520677987e-21
3.118317812500000000e+05 2.212803032298188074e-22
3.928915000000000000e+05 1.009712035876772260e-23
4.962840000000000000e+05 4.718212450347444836e-25
6.244907500000000000e+05 2.858216690817312520e-26
7.857830000000000000e+05 2.031480315421656948e-27
9.925680000000000000e+05 1.226727511787193552e-28
1.248981500000000000e+06 4.870852908659992606e-30
1.571566000000000000e+06 8.555674318229308696e-32
1.981000250000000000e+06 4.291912372810231359e-34
2.497963000000000000e+06 3.553055989971001733e-37
3.147267500000000000e+06 1.315641331563242348e-41
3.970272000000000000e+06 7.543734403433122446e-49
5.004197000000000000e+06 1.069774244417654356e-61
6.286264000000000000e+06 1.958975343434374809e-84
7.940544000000000000e+06 2.496103824239108378e-124
1.000839400000000000e+07 9.999999999999999821e-201
