1.211760009765625000e+03 5.280754829276849134e-09
1.526073364257812500e+03 3.075613733626031168e-09
1.923100463867187500e+03 1.773590095785425138e-09
2.423520019531250000e+03 1.015050697641435456e-09
3.056282226562500000e+03 5.727983451999779408e-10
3.850336669921875000e+03 3.193834245088131143e-10
4.838769042968750000e+03 1.751239246555158478e-10
6.120835937500000000e+03 9.391458405706207083e-11
7.692401855468750000e+03 4.924388709556516894e-11
9.718894531250000000e+03 2.471603837880732943e-11
1.224167187500000000e+04 1.175470532950005098e-11
1.542616113281250000e+04 5.063443726841576886e-12
1.943778906250000000e+04 1.962487523665509918e-12
2.448334375000000000e+04 6.692593005314002505e-13
3.085232226562500000e+04 4.527019166410005032e-14
3.891693750000000000e+04 2.160674484383750661e-14
4.921482812500000000e+04 8.825654149209175017e-15
6.162192968750000000e+04 3.076232742693512110e-15
7.775115625000000000e+04 8.096425707109466013e-16
9.801609375000000000e+04 1.564194728897883335e-16
1.236574296875000000e+05 2.087025030269914770e-17
1.559158906250000000e+05 1.881431334462539033e-18
1.964457500000000000e+05 1.162142123250106270e-19
2.473148593750000000e+05 5.201986576883684401e-21
3.118317812500000000e+05 1.872893454710289335e-22
3.928915000000000000e+05 6.678927580579822630e-24
4.962840000000000000e+05 2.641063661999019207e-25
6.244907500000000000e+05 1.259357676099251599e-26
7.857830000000000000e+05 5.211918711917641781e-28
9.925680000000000000e+05 1.224143690453276743e-29
1.248981500000000000e+06 1.268154752524807505e-31
1.571566000000000000e+06 3.343649422290291556e-34
1.981000250000000000e+06 1.164129078245808246e-37
2.497963000000000000e+06 1.351504953311502292e-42
3.147267500000000000e+06 1.774694166949869702e-50
3.970272000000000000e+06 1.809193921691247071e-64
5.004197000000000000e+06 9.864680116693632817e-90
6.286264000000000000e+06 7.422691658942451709e-133
7.940544000000000000e+06 9.999999999999999821e-201
1.000839400000000000e+07 9.999999999999999821e-201
