1.211760009765625000e+03 2.192011438567748796e-13
1.526073364257812500e+03 1.503193850518189103e-13
1.923100463867187500e+03 1.028054436052613797e-13
2.423520019531250000e+03 6.974581849988293114e-14
3.056282226562500000e+03 4.740504501171241267e-14
3.850336669921875000e+03 3.210188359955271454e-14
4.838769042968750000e+03 2.170668204494157061e-14
6.120835937500000000e+03 1.451781973661285428e-14
7.692401855468750000e+03 9.720222002363169749e-15
9.718894531250000000e+03 6.424588743041678800e-15
1.224167187500000000e+04 4.229998267372462118e-15
1.542616113281250000e+04 2.731311253099929087e-15
1.943778906250000000e+04 1.720502595069700178e-15
2.448334375000000000e+04 1.028641428286738698e-15
3.085232226562500000e+04 5.826588895638075353e-16
3.891693750000000000e+04 3.055445727408060490e-16
4.921482812500000000e+04 1.467383751189978835e-16
6.162192968750000000e+04 6.566848696123838897e-17
7.775115625000000000e+04 2.508039207381322676e-17
9.801609375000000000e+04 7.910327934474847022e-18
1.236574296875000000e+05 1.927815726016863439e-18
1.559158906250000000e+05 3.493232309843095618e-19
1.964457500000000000e+05 4.554124463344037395e-20
2.473148593750000000e+05 4.280371160625404774e-21
3.118317812500000000e+05 2.999913508132313689e-22
3.928915000000000000e+05 1.800911245248127154e-23
4.962840000000000000e+05 1.045862691217964686e-24
6.244907500000000000e+05 7.485306120994985064e-26
7.857830000000000000e+05 6.791305486330352544e-27
9.925680000000000000e+05 6.651092125219394052e-28
1.248981500000000000e+06 5.660361052227142775e-29
1.571566000000000000e+06 2.981068011683728882e-30
1.981000250000000000e+06 6.880923969850005839e-32
2.497963000000000000e+06 4.968341302954613190e-34
3.147267500000000000e+06 6.454255491509724433e-37
3.970272000000000000e+06 3.184942639192229047e-41
5.004197000000000000e+06 2.131747189978873709e-48
6.286264000000000000e+06 5.201226849554671671e-61
7.940544000000000000e+06 6.675432034836509724e-84
1.000839400000000000e+07 9.999999999999999821e-201
