1.211760009765625000e+03 6.688125809720914777e-14
1.526073364257812500e+03 4.509581551554566930e-14
1.923100463867187500e+03 3.029229101651213398e-14
2.423520019531250000e+03 2.030101502764449091e-14
3.056282226562500000e+03 1.353018993042625535e-14
3.850336669921875000e+03 9.015180986443372203e-15
4.838769042968750000e+03 5.988050219294226566e-15
6.120835937500000000e+03 3.919071881360685326e-15
7.692401855468750000e+03 2.586833274822456669e-15
9.718894531250000000e+03 1.671941166863858518e-15
1.224167187500000000e+04 1.078282795324425092e-15
1.542616113281250000e+04 6.828278132749822718e-16
1.943778906250000000e+04 4.199192774407403839e-16
2.448334375000000000e+04 2.469810929375971407e-16
3.085232226562500000e+04 1.374477380509494621e-16
3.891693750000000000e+04 7.161964785044494418e-17
4.921482812500000000e+04 3.435247530535571607e-17
6.162192968750000000e+04 1.530870460370270952e-17
7.775115625000000000e+04 5.834533858851542978e-18
9.801609375000000000e+04 1.839232626740036360e-18
1.236574296875000000e+05 4.471108240550985034e-19
1.559158906250000000e+05 8.075879441738952871e-20
1.964457500000000000e+05 1.050644503385510514e-20
2.473148593750000000e+05 9.881542565100935067e-22
3.118317812500000000e+05 6.895323585856364040e-23
3.928915000000000000e+05 4.131502268510409379e-24
4.962840000000000000e+05 2.399893528740049165e-25
6.244907500000000000e+05 1.721359595768881605e-26
7.857830000000000000e+05 1.563913305654947621e-27
9.925680000000000000e+05 1.533563916770331214e-28
1.248981500000000000e+06 1.307568120798322205e-29
1.571566000000000000e+06 6.937758281736679094e-31
1.981000250000000000e+06 1.609436453964916894e-32
2.497963000000000000e+06 1.173577022400550304e-34
3.147267500000000000e+06 1.525750872992945479e-37
3.970272000000000000e+06 7.602016372378531555e-42
5.004197000000000000e+06 5.113211791347927563e-49
6.286264000000000000e+06 1.256743137252804033e-61
7.940544000000000000e+06 1.633986348825653517e-84
1.000839400000000000e+07 9.999999999999999821e-201
