1.211760009765625000e+03 5.044117230795104316e-13
1.526073364257812500e+03 3.441522763028485956e-13
1.923100463867187500e+03 2.346475392211690923e-13
2.423520019531250000e+03 1.606644747586588505e-13
3.056282226562500000e+03 1.091303640373796331e-13
3.850336669921875000e+03 7.408150137388232947e-14
4.838769042968750000e+03 5.021446573145758503e-14
6.120835937500000000e+03 3.377454015117060877e-14
7.692401855468750000e+03 2.274530137371559756e-14
9.718894531250000000e+03 1.506876511762410301e-14
1.224167187500000000e+04 9.991937716073571089e-15
1.542616113281250000e+04 6.542797400282124479e-15
1.943778906250000000e+04 4.204570439361766093e-15
2.448334375000000000e+04 2.617095015001666051e-15
3.085232226562500000e+04 1.555481880014072530e-15
3.891693750000000000e+04 8.718259551476383232e-16
4.921482812500000000e+04 4.578611104479868173e-16
6.162192968750000000e+04 2.266966060670000328e-16
7.775115625000000000e+04 9.976492057351880864e-17
9.801609375000000000e+04 3.763142990001460652e-17
1.236574296875000000e+05 1.151395761478857135e-17
1.559158906250000000e+05 2.723485570204036025e-18
1.964457500000000000e+05 4.823548786862699799e-19
2.473148593750000000e+05 6.343222482248277947e-20
3.118317812500000000e+05 6.218313480030065156e-21
3.928915000000000000e+05 5.082469023413558101e-22
4.962840000000000000e+05 3.853470294374379036e-23
6.244907500000000000e+05 3.371052917100834153e-24
7.857830000000000000e+05 3.650398369601907180e-25
9.925680000000000000e+05 4.682353273159801850e-26
1.248981500000000000e+06 6.124821913535601473e-27
1.571566000000000000e+06 6.092018699258033373e-28
1.981000250000000000e+06 3.411204199827347900e-29
2.497963000000000000e+06 8.225941768340123634e-31
3.147267500000000000e+06 6.077328302496771223e-33
3.970272000000000000e+06 6.031945749003279567e-36
5.004197000000000000e+06 1.178084313375164403e-40
6.286264000000000000e+06 1.097318358306802892e-48
7.940544000000000000e+06 2.404553491572477870e-63
1.000839400000000000e+07 9.999999999999999821e-201
