1.211760009765625000e+03 5.990667624722085741e-10
1.526073364257812500e+03 3.431633329801391986e-10
1.923100463867187500e+03 1.930544971518648542e-10
2.423520019531250000e+03 1.083547122612573955e-10
3.056282226562500000e+03 5.974466778228757353e-11
3.850336669921875000e+03 3.224130993844687667e-11
4.838769042968750000e+03 1.718362518908264209e-11
6.120835937500000000e+03 8.851443698484553632e-12
7.692401855468750000e+03 4.460365968124040565e-12
9.718894531250000000e+03 2.131197706780248759e-12
1.224167187500000000e+04 9.590949122445465069e-13
1.542616113281250000e+04 3.991331573249930907e-13
1.943778906250000000e+04 6.222277098477319083e-14
2.448334375000000000e+04 3.425202675649373450e-14
3.085232226562500000e+04 1.687705918050213117e-14
3.891693750000000000e+04 7.292358342897220591e-15
4.921482812500000000e+04 2.615319141205249126e-15
6.162192968750000000e+04 7.917746859208015303e-16
7.775115625000000000e+04 1.752736108353113793e-16
9.801609375000000000e+04 2.802234660564938501e-17
1.236574296875000000e+05 3.047375551278506919e-18
1.559158906250000000e+05 2.215690682399620401e-19
1.964457500000000000e+05 1.101029469554808837e-20
2.473148593750000000e+05 4.082669682698622284e-22
3.118317812500000000e+05 1.260323772600094450e-23
3.928915000000000000e+05 3.943076239404704292e-25
4.962840000000000000e+05 1.323558517792805160e-26
6.244907500000000000e+05 4.501235335459880105e-28
7.857830000000000000e+05 1.047115159093037725e-29
9.925680000000000000e+05 1.065849966439622247e-31
1.248981500000000000e+06 3.476101309828970659e-34
1.571566000000000000e+06 2.052926812578673205e-37
1.981000250000000000e+06 7.624109401551110523e-42
2.497963000000000000e+06 1.796639333841946383e-48
3.147267500000000000e+06 1.309215894188705809e-59
3.970272000000000000e+06 8.827912921095464788e-80
5.004197000000000000e+06 1.190104842298897595e-115
6.286264000000000000e+06 9.772025451193214785e-175
7.940544000000000000e+06 9.999999999999999821e-201
1.000839400000000000e+07 9.999999999999999821e-201
