1.211760009765625000e+03 2.055010723657264950e-10
1.526073364257812500e+03 1.117505954661548324e-10
1.923100463867187500e+03 5.956437534075831777e-11
2.423520019531250000e+03 3.107425306378711701e-11
3.056282226562500000e+03 1.599919912635664267e-11
3.850336669921875000e+03 8.113497994193132089e-12
4.838769042968750000e+03 4.178619198182587020e-12
6.120835937500000000e+03 2.190233299369536442e-12
7.692401855468750000e+03 1.244885744968978594e-12
9.718894531250000000e+03 7.699678664686390829e-13
1.224167187500000000e+04 4.732560082181811112e-13
1.542616113281250000e+04 3.541326869727427517e-13
1.943778906250000000e+04 2.527380342910961157e-13
2.448334375000000000e+04 1.689924708925037652e-13
3.085232226562500000e+04 1.046346404816924432e-13
3.891693750000000000e+04 5.900056975177518417e-14
4.921482812500000000e+04 2.991078691880461620e-14
6.162192968750000000e+04 1.355965885169301949e-14
7.775115625000000000e+04 5.001849478165770511e-15
9.801609375000000000e+04 1.435123548582803188e-15
1.236574296875000000e+05 3.024709796659485503e-16
1.559158906250000000e+05 4.493749277455502436e-17
1.964457500000000000e+05 4.591812632869868886e-18
2.473148593750000000e+05 3.301194740955794336e-19
3.118317812500000000e+05 1.758172211115304959e-20
3.928915000000000000e+05 8.277307617237108083e-22
4.962840000000000000e+05 3.932819555313904223e-23
6.244907500000000000e+05 2.341938968455914492e-24
7.857830000000000000e+05 1.656319373242226079e-25
9.925680000000000000e+05 1.036974821830607006e-26
1.248981500000000000e+06 4.492217234064553145e-28
1.571566000000000000e+06 9.044626192299719458e-30
1.981000250000000000e+06 5.648387174879165052e-32
2.497963000000000000e+06 6.653725849377886858e-35
3.147267500000000000e+06 4.813356967243223318e-39
3.970272000000000000e+06 1.113241358059258857e-45
5.004197000000000000e+06 2.628158239188777808e-57
6.286264000000000000e+06 6.983620483037152643e-78
7.940544000000000000e+06 3.106208415686526729e-114
1.000839400000000000e+07 9.999999999999999821e-201
