1.211760009765625000e+03 3.848474627939968189e-16
1.526073364257812500e+03 2.195454176414723915e-16
1.923100463867187500e+03 1.224248030719143187e-16
2.423520019531250000e+03 6.663125619949438169e-17
3.056282226562500000e+03 3.510304584417515391e-17
3.850336669921875000e+03 1.781870941169715337e-17
4.838769042968750000e+03 8.708036631183222194e-18
6.120835937500000000e+03 3.986116201520728021e-18
7.692401855468750000e+03 1.715887354160611060e-18
9.718894531250000000e+03 2.516963588793823010e-22
1.224167187500000000e+04 1.676909607992606946e-22
1.542616113281250000e+04 1.022252078280556982e-22
1.943778906250000000e+04 5.576918440270719467e-23
2.448334375000000000e+04 2.727413016901383738e-23
3.085232226562500000e+04 1.185156820972195187e-23
3.891693750000000000e+04 4.503711282968820668e-24
4.921482812500000000e+04 1.415556183273884338e-24
6.162192968750000000e+04 3.752896824222127676e-25
7.775115625000000000e+04 7.255972744236377753e-26
9.801609375000000000e+04 1.013246884163066619e-26
1.236574296875000000e+05 9.659007964400316218e-28
1.559158906250000000e+05 6.204640917013375444e-29
1.964457500000000000e+05 2.764179919880226279e-30
2.473148593750000000e+05 9.360737442300908120e-32
3.118317812500000000e+05 2.707469215916573438e-33
3.928915000000000000e+05 8.097950144193995164e-35
4.962840000000000000e+05 2.490847753464803831e-36
6.244907500000000000e+05 7.039595920963837275e-38
7.857830000000000000e+05 1.212174035667156335e-39
9.925680000000000000e+05 8.113028035158632987e-42
1.248981500000000000e+06 1.544294836533421356e-44
1.571566000000000000e+06 4.271535712752333581e-48
1.981000250000000000e+06 4.493102750693209853e-53
2.497963000000000000e+06 7.925507098077390837e-61
3.147267500000000000e+06 3.131644093677406424e-74
3.970272000000000000e+06 1.275611737316295652e-98
5.004197000000000000e+06 2.068153721927456057e-141
6.286264000000000000e+06 9.999999999999999821e-201
7.940544000000000000e+06 9.999999999999999821e-201
1.000839400000000000e+07 9.999999999999999821e-201
