1.211760009765625000e+03 3.649200860797445825e-11
1.526073364257812500e+03 2.413021707410777431e-11
1.923100463867187500e+03 1.593091988692218210e-11
2.423520019531250000e+03 1.052400214739677660e-11
3.056282226562500000e+03 6.961363521840641560e-12
3.850336669921875000e+03 4.542791850015099005e-12
4.838769042968750000e+03 2.991832585427950194e-12
6.120835937500000000e+03 1.936812289327862976e-12
7.692401855468750000e+03 1.240954247205442101e-12
9.718894531250000000e+03 7.623217306289337895e-13
1.224167187500000000e+04 4.399299897511468616e-13
1.542616113281250000e+04 2.317104710769262586e-13
1.943778906250000000e+04 1.099100714505907875e-13
2.448334375000000000e+04 4.662996448250751675e-14
3.085232226562500000e+04 1.751042510265225304e-14
3.891693750000000000e+04 5.731996178323952943e-15
4.921482812500000000e+04 1.542177034530034426e-15
6.162192968750000000e+04 3.491525560511519271e-16
7.775115625000000000e+04 5.798151736261945957e-17
9.801609375000000000e+04 6.989777970964470157e-18
1.236574296875000000e+05 5.766876063133521891e-19
1.559158906250000000e+05 3.235838047860140167e-20
1.964457500000000000e+05 1.271181506364672005e-21
2.473148593750000000e+05 3.837543702399223353e-23
3.118317812500000000e+05 9.892675981233635046e-25
3.928915000000000000e+05 2.645330380436704906e-26
4.962840000000000000e+05 7.280939587050963846e-28
6.244907500000000000e+05 1.824827292133343553e-29
7.857830000000000000e+05 2.790400626659542694e-31
9.925680000000000000e+05 1.666182692844584740e-33
1.248981500000000000e+06 2.800988205534302118e-36
1.571566000000000000e+06 6.874502787710787321e-40
1.981000250000000000e+06 6.392871027831948306e-45
2.497963000000000000e+06 9.993030688880190354e-53
3.147267500000000000e+06 3.485502183358469895e-66
3.970272000000000000e+06 1.284991235384797817e-90
5.004197000000000000e+06 1.853306684795186584e-133
6.286264000000000000e+06 9.999999999999999821e-201
7.940544000000000000e+06 9.999999999999999821e-201
1.000839400000000000e+07 9.999999999999999821e-201
