1.211760009765625000e+03 6.376760548560723875e-15
1.526073364257812500e+03 3.550306528526512089e-15
1.923100463867187500e+03 1.938392715305309910e-15
2.423520019531250000e+03 1.033718554122997128e-15
3.056282226562500000e+03 5.332108229494959913e-16
3.850336669921875000e+03 2.670848311819222022e-16
4.838769042968750000e+03 1.287545416182091278e-16
6.120835937500000000e+03 5.820218748232718825e-17
7.692401855468750000e+03 2.470418177307129943e-17
9.718894531250000000e+03 5.612539496850593988e-20
1.224167187500000000e+04 3.747168383292121121e-20
1.542616113281250000e+04 2.283029641493243299e-20
1.943778906250000000e+04 1.249718219827087627e-20
2.448334375000000000e+04 6.136679288028112905e-21
3.085232226562500000e+04 2.679949207783972627e-21
3.891693750000000000e+04 1.019021542813147203e-21
4.921482812500000000e+04 3.214221608809966751e-22
6.162192968750000000e+04 8.531552570176453649e-23
7.775115625000000000e+04 1.645570683243866840e-23
9.801609375000000000e+04 2.311864548536051718e-24
1.236574296875000000e+05 2.200786624800072592e-25
1.559158906250000000e+05 1.418428037484323732e-26
1.964457500000000000e+05 6.330313273305950145e-28
2.473148593750000000e+05 2.148307175455265632e-29
3.118317812500000000e+05 6.195939167193697429e-31
3.928915000000000000e+05 1.850258911734022181e-32
4.962840000000000000e+05 5.709789465634704078e-34
6.244907500000000000e+05 1.606121399443205307e-35
7.857830000000000000e+05 2.760396318845999632e-37
9.925680000000000000e+05 1.845617752074001893e-39
1.248981500000000000e+06 3.501235256917877511e-42
1.571566000000000000e+06 9.711069471960382526e-46
1.981000250000000000e+06 1.017733005610039240e-50
2.497963000000000000e+06 1.791853778695758468e-58
3.147267500000000000e+06 7.059468889137205824e-72
3.970272000000000000e+06 2.860746910893162988e-96
5.004197000000000000e+06 4.638286502575169355e-139
6.286264000000000000e+06 9.999999999999999821e-201
7.940544000000000000e+06 9.999999999999999821e-201
1.000839400000000000e+07 9.999999999999999821e-201
