1.211760009765625000e+03 3.113652611601915645e-14
1.526073364257812500e+03 1.720761381514242536e-14
1.923100463867187500e+03 9.338815106126795363e-15
2.423520019531250000e+03 4.944412843214816146e-15
3.056282226562500000e+03 2.552499958008235441e-15
3.850336669921875000e+03 1.268848758107665793e-15
4.838769042968750000e+03 6.095625641828256152e-16
6.120835937500000000e+03 2.763381170379400222e-16
7.692401855468750000e+03 1.173927397433543303e-16
9.718894531250000000e+03 1.239676894020865813e-18
1.224167187500000000e+04 8.301737688951053484e-19
1.542616113281250000e+04 5.063555294416358027e-19
1.943778906250000000e+04 2.776246989974182232e-19
2.448334375000000000e+04 1.363706508450691723e-19
3.085232226562500000e+04 5.968492458769883440e-20
3.891693750000000000e+04 2.270052454748931312e-20
4.921482812500000000e+04 7.158948128713107626e-21
6.162192968750000000e+04 1.898640311860077535e-21
7.775115625000000000e+04 3.688728914117123958e-22
9.801609375000000000e+04 5.165572350635241370e-23
1.236574296875000000e+05 4.931392251866828876e-24
1.559158906250000000e+05 3.173006241105574055e-25
1.964457500000000000e+05 1.416215637963325929e-26
2.473148593750000000e+05 4.805895851602764026e-28
3.118317812500000000e+05 1.379767965803638778e-29
3.928915000000000000e+05 4.122592800680578979e-31
4.962840000000000000e+05 1.268416317533615557e-32
6.244907500000000000e+05 3.553970756214752160e-34
7.857830000000000000e+05 6.120878793962866952e-36
9.925680000000000000e+05 4.075739202496754565e-38
1.248981500000000000e+06 7.721474182667105819e-41
1.571566000000000000e+06 2.124644065457540595e-44
1.981000250000000000e+06 2.216396323328529521e-49
2.497963000000000000e+06 3.893836096011935870e-57
3.147267500000000000e+06 1.519820495180165567e-70
3.970272000000000000e+06 6.106053242594914598e-95
5.004197000000000000e+06 9.838789550917024738e-138
6.286264000000000000e+06 9.999999999999999821e-201
7.940544000000000000e+06 9.999999999999999821e-201
1.000839400000000000e+07 9.999999999999999821e-201
