1.211760009765625000e+03 5.467573985972964586e-13
1.526073364257812500e+03 3.777763492749659393e-13
1.923100463867187500e+03 2.605450937171510045e-13
2.423520019531250000e+03 1.793463904282703835e-13
3.056282226562500000e+03 1.229552702904174323e-13
3.850336669921875000e+03 8.425940502924332495e-14
4.838769042968750000e+03 5.734716636561837035e-14
6.120835937500000000e+03 3.861895051518140727e-14
7.692401855468750000e+03 2.592549427284578255e-14
9.718894531250000000e+03 1.721521960382725392e-14
1.224167187500000000e+04 1.106037093687286083e-14
1.542616113281250000e+04 6.748127884567776651e-15
1.943778906250000000e+04 3.818746136149208508e-15
2.448334375000000000e+04 1.979526470713910725e-15
3.085232226562500000e+04 9.288963052624810829e-16
3.891693750000000000e+04 3.902748430423468471e-16
4.921482812500000000e+04 1.424931466098092453e-16
6.162192968750000000e+04 4.524705938777965274e-17
7.775115625000000000e+04 1.106768919602347244e-17
9.801609375000000000e+04 2.029704472932028951e-18
1.236574296875000000e+05 2.632371381703611862e-19
1.559158906250000000e+05 2.319097842640527062e-20
1.964457500000000000e+05 1.397409928815140375e-21
2.473148593750000000e+05 6.094492999854710606e-23
3.118317812500000000e+05 2.114960344318093228e-24
3.928915000000000000e+05 7.142331535339815814e-26
4.962840000000000000e+05 2.663597953302034283e-27
6.244907500000000000e+05 1.236036492607378583e-28
7.857830000000000000e+05 5.314805946633668983e-30
9.925680000000000000e+05 1.407895352480113821e-31
1.248981500000000000e+06 1.769078385175997446e-33
1.571566000000000000e+06 6.490623005372178286e-36
1.981000250000000000e+06 3.835272171015976045e-39
2.497963000000000000e+06 1.142425140985919105e-43
3.147267500000000000e+06 9.719874500963521661e-51
3.970272000000000000e+06 3.591223209074596267e-63
5.004197000000000000e+06 1.148933286805115734e-85
6.286264000000000000e+06 1.902931760871289941e-124
7.940544000000000000e+06 4.494983453409025869e-189
1.000839400000000000e+07 9.999999999999999821e-201
