1.211760009765625000e+03 2.366375984817455966e-13
1.526073364257812500e+03 1.611977616016215788e-13
1.923100463867187500e+03 1.098684130132564398e-13
2.423520019531250000e+03 7.472766267844599314e-14
3.056282226562500000e+03 5.036721915511075348e-14
3.850336669921875000e+03 3.393890453736032952e-14
4.838769042968750000e+03 2.278303185503642587e-14
6.120835937500000000e+03 1.512780545658379526e-14
7.692401855468750000e+03 1.001932635807724080e-14
9.718894531250000000e+03 6.520454858794747141e-15
1.224167187500000000e+04 4.130138514401890362e-15
1.542616113281250000e+04 2.474029186503989585e-15
1.943778906250000000e+04 1.375914638368264351e-15
2.448334375000000000e+04 7.014648532585474234e-16
3.085232226562500000e+04 3.258542847617816350e-16
3.891693750000000000e+04 1.356039708875950563e-16
4.921482812500000000e+04 4.942103852488102081e-17
6.162192968750000000e+04 1.567630420381923845e-17
7.775115625000000000e+04 3.827318219183536611e-18
9.801609375000000000e+04 7.010397718566652996e-19
1.236574296875000000e+05 9.035436904766451714e-20
1.559158906250000000e+05 7.990395119074668631e-21
1.964457500000000000e+05 4.804908013493501679e-22
2.473148593750000000e+05 2.099081737719039163e-23
3.118317812500000000e+05 7.285467509990346321e-25
3.928915000000000000e+05 2.462032372250244148e-26
4.962840000000000000e+05 9.243536276299297760e-28
6.244907500000000000e+05 4.310868014340547786e-29
7.857830000000000000e+05 1.873694299830175514e-30
9.925680000000000000e+05 4.995225899314689288e-32
1.248981500000000000e+06 6.297690044315847377e-34
1.571566000000000000e+06 2.329591552718230672e-36
1.981000250000000000e+06 1.383610846505763589e-39
2.497963000000000000e+06 4.205968792598383826e-44
3.147267500000000000e+06 3.609354671376899707e-51
3.970272000000000000e+06 1.357416479026361512e-63
5.004197000000000000e+06 4.368969998508927380e-86
6.286264000000000000e+06 7.321756489447630476e-125
7.940544000000000000e+06 1.719392577806731274e-189
1.000839400000000000e+07 9.999999999999999821e-201
