1.211760009765625000e+03 4.757661190527728251e-12
1.526073364257812500e+03 2.966829968128004581e-12
1.923100463867187500e+03 1.907001740158664760e-12
2.423520019531250000e+03 1.264142960310377791e-12
3.056282226562500000e+03 8.542784153152342551e-13
3.850336669921875000e+03 5.840274450320248606e-13
4.838769042968750000e+03 3.992077827173829182e-13
6.120835937500000000e+03 2.711436832968569095e-13
7.692401855468750000e+03 1.858069406926705270e-13
9.718894531250000000e+03 1.254393255262886491e-13
1.224167187500000000e+04 8.431836751942710195e-14
1.542616113281250000e+04 5.574605701361481687e-14
1.943778906250000000e+04 3.590892202970235506e-14
2.448334375000000000e+04 2.218081103706990457e-14
3.085232226562500000e+04 1.294727579634016108e-14
3.891693750000000000e+04 7.039713242998234261e-15
4.921482812500000000e+04 3.524219695858663222e-15
6.162192968750000000e+04 1.645649416240406401e-15
7.775115625000000000e+04 6.586732143193466768e-16
9.801609375000000000e+04 2.185076205936474473e-16
1.236574296875000000e+05 5.679421005489865528e-17
1.559158906250000000e+05 1.102319490229056137e-17
1.964457500000000000e+05 1.549882065742324367e-18
2.473148593750000000e+05 1.580105743614124228e-19
3.118317812500000000e+05 1.191987714258423607e-20
3.928915000000000000e+05 7.607714619351160700e-22
4.962840000000000000e+05 4.661957139353988021e-23
6.244907500000000000e+05 3.448825144390340729e-24
7.857830000000000000e+05 3.202286408995051682e-25
9.925680000000000000e+05 3.329207176044118238e-26
1.248981500000000000e+06 3.131627378941943016e-27
1.571566000000000000e+06 1.919758033687966536e-28
1.981000250000000000e+06 5.470788235135321549e-30
2.497963000000000000e+06 5.289868006367323993e-32
3.147267500000000000e+06 1.048687051033908298e-34
3.970272000000000000e+06 1.080119515055555428e-38
5.004197000000000000e+06 2.878429728128005968e-45
6.286264000000000000e+06 9.152446178931532762e-57
7.940544000000000000e+06 1.167946524562677652e-77
1.000839400000000000e+07 9.999999999999999821e-201
