1.211760009765625000e+03 4.707842748742096823e-12
1.526073364257812500e+03 3.085503166853124748e-12
1.923100463867187500e+03 2.071804359678549748e-12
2.423520019531250000e+03 1.419825590890473478e-12
3.056282226562500000e+03 9.777290533665689231e-13
3.850336669921875000e+03 6.702613685783071084e-13
4.838769042968750000e+03 4.616051104870784914e-13
6.120835937500000000e+03 3.155821477073288139e-13
7.692401855468750000e+03 2.137798172542843274e-13
9.718894531250000000e+03 1.450439972057610633e-13
1.224167187500000000e+04 9.775243054414554080e-14
1.542616113281250000e+04 6.527249927350021572e-14
1.943778906250000000e+04 4.299287878916424526e-14
2.448334375000000000e+04 2.765755554387714142e-14
3.085232226562500000e+04 1.717821648146242974e-14
3.891693750000000000e+04 1.016795258369239147e-14
4.921482812500000000e+04 5.670636151206018524e-15
6.162192968750000000e+04 3.027700319907718868e-15
7.775115625000000000e+04 1.459087554462616963e-15
9.801609375000000000e+04 6.198275752882225579e-16
1.236574296875000000e+05 2.219726574519141706e-16
1.559158906250000000e+05 6.289191130442554604e-17
1.964457500000000000e+05 1.381354379798327762e-17
2.473148593750000000e+05 2.302470167071320663e-18
3.118317812500000000e+05 2.910169282011596045e-19
3.928915000000000000e+05 3.016177543249610516e-20
4.962840000000000000e+05 2.812312699518152732e-21
6.244907500000000000e+05 2.887102221359819851e-22
7.857830000000000000e+05 3.552527067794851235e-23
9.925680000000000000e+05 5.270134928781334606e-24
1.248981500000000000e+06 8.648134688304859525e-25
1.571566000000000000e+06 1.224079670110674570e-25
1.981000250000000000e+06 1.155291397043000197e-26
2.497963000000000000e+06 5.737944580659751360e-28
3.147267500000000000e+06 1.161807558801993196e-29
3.970272000000000000e+06 5.669746249043508954e-32
5.004197000000000000e+06 2.032255490851392095e-35
6.286264000000000000e+06 4.430513954778933128e-41
7.940544000000000000e+06 2.358964622122365197e-51
1.000839400000000000e+07 9.999999999999999821e-201
