1.211760009765625000e+03 8.618590428914104346e-09
1.526073364257812500e+03 5.063389812271794899e-09
1.923100463867187500e+03 2.950751663784601857e-09
2.423520019531250000e+03 1.706281631157849628e-09
3.056282226562500000e+03 9.727910278445153328e-10
3.850336669921875000e+03 5.526716547926391023e-10
4.838769042968750000e+03 3.072169147498461680e-10
6.120835937500000000e+03 1.674064674166220294e-10
7.692401855468750000e+03 8.963062062863111971e-11
9.718894531250000000e+03 4.669330819137335849e-11
1.224167187500000000e+04 2.360813416915213951e-11
1.542616113281250000e+04 1.155867174634899831e-11
1.943778906250000000e+04 5.341770072565186001e-12
2.448334375000000000e+04 2.343860639311621705e-12
3.085232226562500000e+04 1.332188216929739315e-13
3.891693750000000000e+04 9.475398537744304198e-14
4.921482812500000000e+04 6.315026622933976644e-14
6.162192968750000000e+04 4.013463214761393788e-14
7.775115625000000000e+04 2.289258059587898434e-14
9.801609375000000000e+04 1.142253674459724570e-14
1.236574296875000000e+05 4.714463521102601783e-15
1.559158906250000000e+05 1.540781791422452128e-15
1.964457500000000000e+05 3.836019175316534493e-16
2.473148593750000000e+05 7.169613509563721137e-17
3.118317812500000000e+05 1.003051543913293627e-17
3.928915000000000000e+05 1.134364148918949910e-18
4.962840000000000000e+05 1.146150081313058809e-19
6.244907500000000000e+05 1.250129484027232157e-20
7.857830000000000000e+05 1.624012373849074823e-21
9.925680000000000000e+05 2.507857310937324744e-22
1.248981500000000000e+06 4.243619579610058621e-23
1.571566000000000000e+06 6.236608445817045073e-24
1.981000250000000000e+06 5.788933134211146396e-25
2.497963000000000000e+06 2.700209214428118220e-26
3.147267500000000000e+06 5.059484530266745054e-28
3.970272000000000000e+06 2.302546948917114262e-30
5.004197000000000000e+06 7.722570865235290711e-34
6.286264000000000000e+06 1.554403005143029491e-39
7.940544000000000000e+06 7.805651604680157635e-50
1.000839400000000000e+07 9.999999999999999821e-201
