1.211760009765625000e+03 9.054501794538371651e-12
1.526073364257812500e+03 5.557861473626462909e-12
1.923100463867187500e+03 3.562875679144172232e-12
2.423520019531250000e+03 2.372603290040659894e-12
3.056282226562500000e+03 1.619672371233507864e-12
3.850336669921875000e+03 1.121021871461538510e-12
4.838769042968750000e+03 7.797358053576561647e-13
6.120835937500000000e+03 5.399312919966160489e-13
7.692401855468750000e+03 3.745829128864707783e-13
9.718894531250000000e+03 2.590228471920322860e-13
1.224167187500000000e+04 1.769889533465171279e-13
1.542616113281250000e+04 1.202976020493122303e-13
1.943778906250000000e+04 8.115844402313915277e-14
2.448334375000000000e+04 5.282960053115282388e-14
3.085232226562500000e+04 3.330011825150834934e-14
3.891693750000000000e+04 1.996262025128991153e-14
4.921482812500000000e+04 1.124900280794387256e-14
6.162192968750000000e+04 6.038084132147892860e-15
7.775115625000000000e+04 2.899088673472502381e-15
9.801609375000000000e+04 1.208858302338922289e-15
1.236574296875000000e+05 4.163294772582275905e-16
1.559158906250000000e+05 1.139208740489900181e-16
1.964457500000000000e+05 2.391488627746370700e-17
2.473148593750000000e+05 3.785973190617374546e-18
3.118317812500000000e+05 4.498853845473019884e-19
3.928915000000000000e+05 4.425517378204424264e-20
4.962840000000000000e+05 3.937993394766860502e-21
6.244907500000000000e+05 3.901017609552245669e-22
7.857830000000000000e+05 4.673345678163077107e-23
9.925680000000000000e+05 6.701776595305182990e-24
1.248981500000000000e+06 1.045383619564856883e-24
1.571566000000000000e+06 1.364012012537153523e-25
1.981000250000000000e+06 1.124593778253376792e-26
2.497963000000000000e+06 4.606818146487815662e-28
3.147267500000000000e+06 7.152473518734368810e-30
3.970272000000000000e+06 2.352203437052010239e-32
5.004197000000000000e+06 4.130088631873862251e-36
6.286264000000000000e+06 2.344239877961028066e-42
7.940544000000000000e+06 1.074902737618709237e-53
1.000839400000000000e+07 9.999999999999999821e-201
