1.211760009765625000e+03 1.073587420480340549e-14
1.526073364257812500e+03 7.278622855140703804e-15
1.923100463867187500e+03 4.904839866663233018e-15
2.423520019531250000e+03 3.300471768298030864e-15
3.056282226562500000e+03 2.212235433879913228e-15
3.850336669921875000e+03 1.485538009779062187e-15
4.838769042968750000e+03 9.948544964022276357e-16
6.120835937500000000e+03 6.629514531233169547e-16
7.692401855468750000e+03 4.427417943840744092e-16
9.718894531250000000e+03 2.938632428174609632e-16
1.224167187500000000e+04 1.938350593898064383e-16
1.542616113281250000e+04 1.250707541239391658e-16
1.943778906250000000e+04 7.876745233348869327e-17
2.448334375000000000e+04 4.749228583723037767e-17
3.085232226562500000e+04 2.685436342646331037e-17
3.891693750000000000e+04 1.413914912254601457e-17
4.921482812500000000e+04 6.831337572675310994e-18
6.162192968750000000e+04 3.036848792063028335e-18
7.775115625000000000e+04 1.138305285582843669e-18
9.801609375000000000e+04 3.474220780035299214e-19
1.236574296875000000e+05 8.090036344679318660e-20
1.559158906250000000e+05 1.376545182860195053e-20
1.964457500000000000e+05 1.661545523905891175e-21
2.473148593750000000e+05 1.443215963319657265e-22
3.118317812500000000e+05 9.402844622431915033e-24
3.928915000000000000e+05 5.314353138689193708e-25
4.962840000000000000e+05 2.987105965164519667e-26
6.244907500000000000e+05 2.107212591647822487e-27
7.857830000000000000e+05 1.870933166387548381e-28
9.925680000000000000e+05 1.691402981809964736e-29
1.248981500000000000e+06 1.235834238676573637e-30
1.571566000000000000e+06 5.119773079258518372e-32
1.981000250000000000e+06 8.336509986177570746e-34
2.497963000000000000e+06 3.611251162757361451e-36
3.147267500000000000e+06 2.037802063674585570e-39
3.970272000000000000e+06 2.074123934217919649e-44
5.004197000000000000e+06 6.229340046995654299e-53
6.286264000000000000e+06 5.198829255909390195e-68
7.940544000000000000e+06 3.672749420124576790e-95
1.000839400000000000e+07 9.999999999999999821e-201
