1.211760009765625000e+03 2.864560402673762544e-14
1.526073364257812500e+03 1.948218345737389540e-14
1.923100463867187500e+03 1.318414190340656738e-14
2.423520019531250000e+03 8.904069921376050665e-15
3.056282226562500000e+03 5.971168564759706478e-15
3.850336669921875000e+03 3.988762257407870258e-15
4.838769042968750000e+03 2.645836082462840640e-15
6.120835937500000000e+03 1.718364766958750020e-15
7.692401855468750000e+03 1.089983087980107304e-15
9.718894531250000000e+03 6.476398355605921087e-16
1.224167187500000000e+04 3.554697397799684346e-16
1.542616113281250000e+04 1.764057232606217773e-16
1.943778906250000000e+04 7.853735713520454718e-17
2.448334375000000000e+04 3.133121638107153692e-17
3.085232226562500000e+04 1.109125651376543109e-17
3.891693750000000000e+04 3.378813368881075108e-18
4.921482812500000000e+04 8.447942716412418735e-19
6.162192968750000000e+04 1.787946693122426044e-19
7.775115625000000000e+04 2.736334175360654116e-20
9.801609375000000000e+04 3.034092921591094164e-21
1.236574296875000000e+05 2.309018390887503794e-22
1.559158906250000000e+05 1.212451604566355584e-23
1.964457500000000000e+05 4.596106015294787935e-25
2.473148593750000000e+05 1.384942762406841815e-26
3.118317812500000000e+05 3.642543711826834802e-28
3.928915000000000000e+05 9.406504046251897195e-30
4.962840000000000000e+05 2.071229940144544832e-31
6.244907500000000000e+05 3.257301886107932085e-33
7.857830000000000000e+05 2.510893183731339980e-35
9.925680000000000000e+05 5.732382386583769607e-38
1.248981500000000000e+06 2.695206324240795240e-41
1.571566000000000000e+06 9.599419079726740733e-46
1.981000250000000000e+06 2.572751220984365358e-52
2.497963000000000000e+06 3.701156904561263030e-63
3.147267500000000000e+06 2.521693083243996863e-82
3.970272000000000000e+06 1.487086083480444474e-116
5.004197000000000000e+06 3.512140869709715101e-174
6.286264000000000000e+06 9.999999999999999821e-201
7.940544000000000000e+06 9.999999999999999821e-201
1.000839400000000000e+07 9.999999999999999821e-201
