1.211760009765625000e+03 5.230936387491218333e-12
1.526073364257812500e+03 3.510748795618138613e-12
1.923100463867187500e+03 2.354323135998351949e-12
2.423520019531250000e+03 1.569280916247365540e-12
3.056282226562500000e+03 1.046861410675315958e-12
3.850336669921875000e+03 6.937793258444123765e-13
4.838769042968750000e+03 4.584879322588734953e-13
6.120835937500000000e+03 3.007976359277775876e-13
7.692401855468750000e+03 1.981086090468062783e-13
9.718894531250000000e+03 1.284785333644406915e-13
1.224167187500000000e+04 8.317506380026164068e-14
1.542616113281250000e+04 5.342750847651173258e-14
1.943778906250000000e+04 3.396457759121723035e-14
2.448334375000000000e+04 2.117731472268128310e-14
3.085232226562500000e+04 1.283801490422032975e-14
3.891693750000000000e+04 7.477886339252041908e-15
4.921482812500000000e+04 4.165922929009766495e-15
6.162192968750000000e+04 2.223118596366748829e-15
7.775115625000000000e+04 1.081172168231722308e-15
9.801609375000000000e+04 4.743934169791113769e-16
1.236574296875000000e+05 1.768210721790061483e-16
1.559158906250000000e+05 5.363872083852514469e-17
1.964457500000000000e+05 1.283195100034210218e-17
2.473148593750000000e+05 2.365435261189774190e-18
3.118317812500000000e+05 3.336414118579918654e-19
3.928915000000000000e+05 3.861288381310080864e-20
4.962840000000000000e+05 3.955968805064743834e-21
6.244907500000000000e+05 4.367082140660528978e-22
7.857830000000000000e+05 5.643171893871473631e-23
9.925680000000000000e+05 8.796326553489915606e-24
1.248981500000000000e+06 1.593870236513130006e-24
1.571566000000000000e+06 2.663019929321108886e-25
1.981000250000000000e+06 3.207457276027651179e-26
2.497963000000000000e+06 2.230913056717812462e-27
3.147267500000000000e+06 7.210531565552479305e-29
3.970272000000000000e+06 7.198911261150840391e-31
5.004197000000000000e+06 9.178144706871233311e-34
6.286264000000000000e+06 2.120060712559338770e-38
7.940544000000000000e+06 9.978497668424964111e-47
1.000839400000000000e+07 9.999999999999999821e-201
