1.211760009765625000e+03 1.507007864015327225e-11
1.526073364257812500e+03 1.018611622390614943e-11
1.923100463867187500e+03 6.843232581968544281e-12
2.423520019531250000e+03 4.614433170394039411e-12
3.056282226562500000e+03 3.106018053371574658e-12
3.850336669921875000e+03 2.085257634741397279e-12
4.838769042968750000e+03 1.397296555455614539e-12
6.120835937500000000e+03 9.270484517118392582e-13
7.692401855468750000e+03 6.159020122841305801e-13
9.718894531250000000e+03 4.049866812574759039e-13
1.224167187500000000e+04 2.657664760481733154e-13
1.542616113281250000e+04 1.732258016178340459e-13
1.943778906250000000e+04 1.116853227098584654e-13
2.448334375000000000e+04 7.059104907560427701e-14
3.085232226562500000e+04 4.295797294873724948e-14
3.891693750000000000e+04 2.515587202722068556e-14
4.921482812500000000e+04 1.398559840453278786e-14
6.162192968750000000e+04 7.487586939151896046e-15
7.775115625000000000e+04 3.664503897634952777e-15
9.801609375000000000e+04 1.606213931504077903e-15
1.236574296875000000e+05 6.012935595712601176e-16
1.559158906250000000e+05 1.824514110306710342e-16
1.964457500000000000e+05 4.380137120309082769e-17
2.473148593750000000e+05 8.082521738861610379e-18
3.118317812500000000e+05 1.140971247958811536e-18
3.928915000000000000e+05 1.319973039045674486e-19
4.962840000000000000e+05 1.353055997094607439e-20
6.244907500000000000e+05 1.492439721856802018e-21
7.857830000000000000e+05 1.920606465851132211e-22
9.925680000000000000e+05 2.989806878645946782e-23
1.248981500000000000e+06 5.403608850617684573e-24
1.571566000000000000e+06 8.965500428714403132e-25
1.981000250000000000e+06 1.078470726297370917e-25
2.497963000000000000e+06 7.469322829137486675e-27
3.147267500000000000e+06 2.403510521850826435e-28
3.970272000000000000e+06 2.399637087050279838e-30
5.004197000000000000e+06 3.048904234816813408e-33
6.286264000000000000e+06 6.949367656370280839e-38
7.940544000000000000e+06 3.260532515736183486e-46
1.000839400000000000e+07 9.999999999999999821e-201
