1.211760009765625000e+03 3.723928523475891625e-10
1.526073364257812500e+03 2.195454176414723527e-10
1.923100463867187500e+03 1.279182237225771338e-10
2.423520019531250000e+03 7.410493215612560867e-11
3.056282226562500000e+03 4.256562729075734304e-11
3.850336669921875000e+03 2.406475798380027738e-11
4.838769042968750000e+03 1.346793643038143998e-11
6.120835937500000000e+03 7.360718528179964719e-12
7.692401855468750000e+03 3.945944427911438039e-12
9.718894531250000000e+03 2.055226590289398395e-12
1.224167187500000000e+04 1.017598442022189878e-12
1.542616113281250000e+04 4.714238417887043029e-13
1.943778906250000000e+04 1.963524467685387051e-13
2.448334375000000000e+04 7.251683501522917920e-14
3.085232226562500000e+04 2.151531060134258785e-16
3.891693750000000000e+04 1.239759635962669909e-16
4.921482812500000000e+04 6.298251767350936957e-17
6.162192968750000000e+04 2.832837248287711437e-17
7.775115625000000000e+04 1.000064768263059610e-17
9.801609375000000000e+04 2.695889508517443824e-18
1.236574296875000000e+05 5.185015372263245609e-19
1.559158906250000000e+05 6.887883488072084217e-20
1.964457500000000000e+05 6.256647132546692529e-21
2.473148593750000000e+05 4.047309270726801338e-22
3.118317812500000000e+05 2.023441014129839574e-23
3.928915000000000000e+05 9.498601975977998052e-25
4.962840000000000000e+05 4.784784310523247561e-26
6.244907500000000000e+05 3.084842045645497959e-27
7.857830000000000000e+05 2.076525133401357726e-28
9.925680000000000000e+05 9.848737977069732132e-30
1.248981500000000000e+06 2.525175895699957541e-31
1.571566000000000000e+06 2.241608419935903727e-33
1.981000250000000000e+06 4.120814576087497168e-36
2.497963000000000000e+06 6.883607979541268711e-40
3.147267500000000000e+06 1.354380681730733281e-45
3.970272000000000000e+06 2.488128680263969754e-55
5.004197000000000000e+06 6.785242250224418656e-73
6.286264000000000000e+06 1.225834326750401708e-103
7.940544000000000000e+06 3.652456864335415237e-156
1.000839400000000000e+07 9.999999999999999821e-201
