1.211760009765625000e+03 6.962127239541884150e-09
1.526073364257812500e+03 4.114004222470832993e-09
1.923100463867187500e+03 2.409257342504980571e-09
2.423520019531250000e+03 1.401143675220862099e-09
3.056282226562500000e+03 8.048903532032188788e-10
3.850336669921875000e+03 4.585388811296243921e-10
4.838769042968750000e+03 2.568378741543526931e-10
6.120835937500000000e+03 1.404890692175594838e-10
7.692401855468750000e+03 7.587646555861940047e-11
9.718894531250000000e+03 3.953936669226320473e-11
1.224167187500000000e+04 1.947784635967935023e-11
1.542616113281250000e+04 8.984091285513132643e-12
1.943778906250000000e+04 3.673674131853873955e-12
2.448334375000000000e+04 1.327982451790545085e-12
3.085232226562500000e+04 4.116017489750624685e-13
3.891693750000000000e+04 1.082829931402636005e-13
4.921482812500000000e+04 5.211690854939500021e-16
6.162192968750000000e+04 2.039237861103852790e-16
7.775115625000000000e+04 6.128568259769001438e-17
9.801609375000000000e+04 1.372995174566695209e-17
1.236574296875000000e+05 2.161059944586612354e-18
1.559158906250000000e+05 2.316334768844770887e-19
1.964457500000000000e+05 1.691550357445705825e-20
2.473148593750000000e+05 8.898011311947445242e-22
3.118317812500000000e+05 3.707587301666997482e-23
3.928915000000000000e+05 1.498199432056490857e-24
4.962840000000000000e+05 6.689653859268582728e-26
6.244907500000000000e+05 3.786453123447790731e-27
7.857830000000000000e+05 2.094907165555229881e-28
9.925680000000000000e+05 7.442564500830545432e-30
1.248981500000000000e+06 1.313935110124894207e-31
1.571566000000000000e+06 7.229213631327942271e-34
1.981000250000000000e+06 6.939730937337365420e-37
2.497963000000000000e+06 4.088026282444229411e-41
3.147267500000000000e+06 1.058202295793504891e-47
3.970272000000000000e+06 2.868652940638034584e-59
5.004197000000000000e+06 2.863548216869552289e-80
6.286264000000000000e+06 1.076479993413366759e-116
7.940544000000000000e+06 8.136815009784342713e-178
1.000839400000000000e+07 9.999999999999999821e-201
