1.211760009765625000e+03 1.718736241604258006e-12
1.526073364257812500e+03 9.790523225685503327e-13
1.923100463867187500e+03 5.540170424510035289e-13
2.423520019531250000e+03 3.093661045144793992e-13
3.056282226562500000e+03 1.685953649543083976e-13
3.850336669921875000e+03 9.047023547866532963e-14
4.838769042968750000e+03 4.701519279615465546e-14
6.120835937500000000e+03 2.321872808338249009e-14
7.692401855468750000e+03 1.063366774683724709e-14
9.718894531250000000e+03 4.350311871206538241e-15
1.224167187500000000e+04 1.548380547730453316e-15
1.542616113281250000e+04 5.971910494343528013e-19
1.943778906250000000e+04 3.256322412052060257e-19
2.448334375000000000e+04 1.588673563033012785e-19
3.085232226562500000e+04 6.837265561306105454e-20
3.891693750000000000e+04 2.513704387451717135e-20
4.921482812500000000e+04 7.583436377128441699e-21
6.162192968750000000e+04 1.939361439918949663e-21
7.775115625000000000e+04 3.563866849978382069e-22
9.801609375000000000e+04 4.785955958989206255e-23
1.236574296875000000e+05 4.460493526933683202e-24
1.559158906250000000e+05 2.904307608598367799e-25
1.964457500000000000e+05 1.383388756759892715e-26
2.473148593750000000e+05 5.266242156598713767e-28
3.118317812500000000e+05 1.692971163359814548e-29
3.928915000000000000e+05 4.796460558404914222e-31
4.962840000000000000e+05 9.736344409325618307e-33
6.244907500000000000e+05 1.235596803089663961e-34
7.857830000000000000e+05 6.610521109506189351e-37
9.925680000000000000e+05 8.288765263134206582e-40
1.248981500000000000e+06 1.520905217384695050e-43
1.571566000000000000e+06 9.197895968027586714e-49
1.981000250000000000e+06 7.076058749698550454e-57
2.497963000000000000e+06 1.211258527178165058e-70
3.147267500000000000e+06 7.819868456654274675e-95
3.970272000000000000e+06 7.524545530800968950e-137
5.004197000000000000e+06 9.999999999999999821e-201
6.286264000000000000e+06 9.999999999999999821e-201
7.940544000000000000e+06 9.999999999999999821e-201
1.000839400000000000e+07 9.999999999999999821e-201
