1.211760009765625000e+03 5.480028596419371433e-12
1.526073364257812500e+03 2.927272235219631461e-12
1.923100463867187500e+03 1.538157782185590056e-12
2.423520019531250000e+03 7.908677633468867996e-13
3.056282226562500000e+03 4.039282801209060812e-13
3.850336669921875000e+03 2.057614948057112719e-13
4.838769042968750000e+03 1.066131198053029245e-13
6.120835937500000000e+03 5.734689380656275534e-14
7.692401855468750000e+03 2.596589155972815862e-14
9.718894531250000000e+03 1.837226713082249357e-14
1.224167187500000000e+04 1.265521629417867160e-14
1.542616113281250000e+04 8.333761031105600161e-15
1.943778906250000000e+04 5.146054204717747247e-15
2.448334375000000000e+04 2.930748127980020369e-15
3.085232226562500000e+04 1.522604196550686526e-15
3.891693750000000000e+04 7.142902571852963365e-16
4.921482812500000000e+04 2.939647577545801357e-16
6.162192968750000000e+04 1.060044342297762906e-16
7.775115625000000000e+04 2.970104885434108176e-17
9.801609375000000000e+04 6.277885708918410472e-18
1.236574296875000000e+05 9.383856129541974366e-19
1.559158906250000000e+05 9.584040616624843802e-20
1.964457500000000000e+05 6.634527060683358088e-21
2.473148593750000000e+05 3.297704997502173905e-22
3.118317812500000000e+05 1.280286510472973960e-23
3.928915000000000000e+05 4.761690269184838629e-25
4.962840000000000000e+05 1.935847733863742215e-26
6.244907500000000000e+05 1.008094316122635331e-27
7.857830000000000000e+05 5.345434286686689171e-29
9.925680000000000000e+05 1.951253916639666226e-30
1.248981500000000000e+06 3.696033956859754087e-32
1.571566000000000000e+06 2.345902002866714754e-34
1.981000250000000000e+06 2.918472090956345265e-37
2.497963000000000000e+06 2.875001265913734424e-41
3.147267500000000000e+06 2.304454412914586245e-47
3.970272000000000000e+06 6.956679518334342478e-58
5.004197000000000000e+06 6.700255850989199015e-77
6.286264000000000000e+06 4.668124188279352166e-110
7.940544000000000000e+06 2.705368996194141454e-166
1.000839400000000000e+07 9.999999999999999821e-201
