1.211760009765625000e+03 1.793463904282703835e-13
1.526073364257812500e+03 9.414740432192867834e-14
1.923100463867187500e+03 5.069642486183117753e-14
2.423520019531250000e+03 2.833423876557743407e-14
3.056282226562500000e+03 1.669052626454041767e-14
3.850336669921875000e+03 1.042619016765528361e-14
4.838769042968750000e+03 6.892190447860250687e-15
6.120835937500000000e+03 4.583828298027341770e-15
7.692401855468750000e+03 3.192951186010596028e-15
9.718894531250000000e+03 2.195734448637000480e-15
1.224167187500000000e+04 1.498422970806071738e-15
1.542616113281250000e+04 1.011860795262695704e-15
1.943778906250000000e+04 6.537729091101915624e-16
2.448334375000000000e+04 4.022358712288866391e-16
3.085232226562500000e+04 2.315505075258409070e-16
3.891693750000000000e+04 1.236640784563768766e-16
4.921482812500000000e+04 6.006817330167976334e-17
6.162192968750000000e+04 2.672391194747532394e-17
7.775115625000000000e+04 9.928401735963924820e-18
9.801609375000000000e+04 2.966005018977556420e-18
1.236574296875000000e+05 6.685339300827689855e-19
1.559158906250000000e+05 1.089397635394788525e-19
1.964457500000000000e+05 1.268747886418589796e-20
2.473148593750000000e+05 1.054653650184007642e-21
3.118317812500000000e+05 6.600489687568224940e-23
3.928915000000000000e+05 3.606666324168567134e-24
4.962840000000000000e+05 1.971374024433392061e-25
6.244907500000000000e+05 1.356877235958178941e-26
7.857830000000000000e+05 1.173556398330500840e-27
9.925680000000000000e+05 1.020874006183865041e-28
1.248981500000000000e+06 7.028279187040887407e-30
1.571566000000000000e+06 2.702496872933040101e-31
1.981000250000000000e+06 3.943606719323528221e-33
2.497963000000000000e+06 1.490829441077807199e-35
3.147267500000000000e+06 6.762130838713650187e-39
3.970272000000000000e+06 4.588496859932509964e-44
5.004197000000000000e+06 6.403243606843493156e-53
6.286264000000000000e+06 1.332783693261309491e-68
7.940544000000000000e+06 8.946686114743508719e-97
1.000839400000000000e+07 9.999999999999999821e-201
