1.211760009765625000e+03 3.387654041422884938e-14
1.526073364257812500e+03 1.611977616016215599e-14
1.923100463867187500e+03 7.478899828688098415e-15
2.423520019531250000e+03 3.443699788431718849e-15
3.056282226562500000e+03 1.614734345711454636e-15
3.850336669921875000e+03 8.152810356662778546e-16
4.838769042968750000e+03 4.584398171201162843e-16
6.120835937500000000e+03 2.686221959596667090e-16
7.692401855468750000e+03 1.870716799165717903e-16
9.718894531250000000e+03 1.291153707473165920e-16
1.224167187500000000e+04 8.844350217928520825e-17
1.542616113281250000e+04 5.938771770326850749e-17
1.943778906250000000e+04 3.849916803920429413e-17
2.448334375000000000e+04 2.373345753611055094e-17
3.085232226562500000e+04 1.370472130386377234e-17
3.891693750000000000e+04 7.331513222770914261e-18
4.921482812500000000e+04 3.568152174757900492e-18
6.162192968750000000e+04 1.597924631910895407e-18
7.775115625000000000e+04 5.944591635012880682e-19
9.801609375000000000e+04 1.786474065484551512e-19
1.236574296875000000e+05 4.017631791362794639e-20
1.559158906250000000e+05 6.602409911483564308e-21
1.964457500000000000e+05 7.738393597316436700e-22
2.473148593750000000e+05 6.512230305990570867e-23
3.118317812500000000e+05 4.096855668145795236e-24
3.928915000000000000e+05 2.262672741105751602e-25
4.962840000000000000e+05 1.248006942887268347e-26
6.244907500000000000e+05 8.727830137543494808e-28
7.857830000000000000e+05 7.651904894519819991e-29
9.925680000000000000e+05 6.745863476985891684e-30
1.248981500000000000e+06 4.780864330719673769e-31
1.571566000000000000e+06 1.870959373569027951e-32
1.981000250000000000e+06 2.809311590775833217e-34
2.497963000000000000e+06 1.092721996450631694e-36
3.147267500000000000e+06 5.119715758342972187e-40
3.970272000000000000e+06 3.603531565392024141e-45
5.004197000000000000e+06 5.196835391061384876e-54
6.286264000000000000e+06 1.134574836314755652e-69
7.940544000000000000e+06 7.901817663386603047e-98
1.000839400000000000e+07 9.999999999999999821e-201
