1.211760009765625000e+03 9.340957834805749019e-18
1.526073364257812500e+03 4.410687219283633381e-18
1.923100463867187500e+03 1.961935946665293391e-18
2.423520019531250000e+03 8.033223737932942932e-19
3.056282226562500000e+03 2.972691364276132751e-19
3.850336669921875000e+03 9.838247113088256977e-20
4.838769042968750000e+03 2.775588008414309176e-20
6.120835937500000000e+03 7.713646544529880821e-23
7.692401855468750000e+03 5.367292177711064196e-23
9.718894531250000000e+03 3.695637557917205224e-23
1.224167187500000000e+04 2.533918519737096726e-23
1.542616113281250000e+04 1.692739087402079677e-23
1.943778906250000000e+04 1.097939236673604110e-23
2.448334375000000000e+04 6.780987867460157934e-24
3.085232226562500000e+04 3.905671211279243621e-24
3.891693750000000000e+04 2.084623036836067164e-24
4.921482812500000000e+04 1.015254809436510503e-24
6.162192968750000000e+04 4.532044861195557461e-25
7.775115625000000000e+04 1.686894589621456734e-25
9.801609375000000000e+04 5.073128275702924640e-26
1.236574296875000000e+05 1.150649745046304144e-26
1.559158906250000000e+05 1.894891644595782832e-27
1.964457500000000000e+05 2.217887526640130510e-28
2.473148593750000000e+05 1.873802116346344234e-29
3.118317812500000000e+05 1.186787554661281841e-30
3.928915000000000000e+05 6.578196440307449345e-32
4.962840000000000000e+05 3.672479029388011539e-33
6.244907500000000000e+05 2.586547231045278311e-34
7.857830000000000000e+05 2.291606750794018599e-35
9.925680000000000000e+05 2.050742497003710928e-36
1.248981500000000000e+06 1.466948969853301597e-37
1.571566000000000000e+06 5.841550933032186268e-39
1.981000250000000000e+06 8.944262662383263234e-41
2.497963000000000000e+06 3.545644428710778654e-43
3.147267500000000000e+06 1.706571919447657408e-46
3.970272000000000000e+06 1.237212504117928067e-51
5.004197000000000000e+06 1.846732576466456210e-60
6.286264000000000000e+06 4.182890360389339596e-76
7.940544000000000000e+06 3.062770648039930907e-104
1.000839400000000000e+07 9.999999999999999821e-201
