1.211760009765625000e+03 2.652832025084832804e-09
1.526073364257812500e+03 1.552641016653655846e-09
1.923100463867187500e+03 9.024905354660350645e-10
2.423520019531250000e+03 5.193572556151994787e-10
3.056282226562500000e+03 2.952938813573012149e-10
3.850336669921875000e+03 1.654060382210359474e-10
4.838769042968750000e+03 9.105768258640566800e-11
6.120835937500000000e+03 4.878343380035585896e-11
7.692401855468750000e+03 2.564433352863408035e-11
9.718894531250000000e+03 1.298091400976717031e-11
1.224167187500000000e+04 6.300029716524896880e-12
1.542616113281250000e+04 2.907174093884839892e-12
1.943778906250000000e+04 1.235666969863452143e-12
2.448334375000000000e+04 7.798728402602775311e-14
3.085232226562500000e+04 4.890889503558046686e-14
3.891693750000000000e+04 2.795542087559730972e-14
4.921482812500000000e+04 1.445277757023526769e-14
6.162192968750000000e+04 6.675313935884556908e-15
7.775115625000000000e+04 2.520552590480692228e-15
9.801609375000000000e+04 7.440126799502129620e-16
1.236574296875000000e+05 1.620513060290503915e-16
1.559158906250000000e+05 2.484118938773384701e-17
1.964457500000000000e+05 2.635271979456055927e-18
2.473148593750000000e+05 1.966575979465326216e-19
3.118317812500000000e+05 1.089780808723340156e-20
3.928915000000000000e+05 5.348705463116366040e-22
4.962840000000000000e+05 2.664399059182848824e-23
6.244907500000000000e+05 1.684287670292633386e-24
7.857830000000000000e+05 1.272471722014865233e-25
9.925680000000000000e+05 8.534387782914591029e-27
1.248981500000000000e+06 4.037589759745039863e-28
1.571566000000000000e+06 9.193144200016307340e-30
1.981000250000000000e+06 6.694395295555549666e-32
2.497963000000000000e+06 9.691087556160897733e-35
3.147267500000000000e+06 9.529648392037102851e-39
3.970272000000000000e+06 3.831443677694739018e-45
5.004197000000000000e+06 2.233617159277350224e-56
6.286264000000000000e+06 2.673807574826539511e-76
7.940544000000000000e+06 1.329094735811401168e-111
1.000839400000000000e+07 9.999999999999999821e-201
