1.211760009765625000e+03 5.181117945705587713e-12
1.526073364257812500e+03 3.451412196255579337e-12
1.923100463867187500e+03 2.338627648425029897e-12
2.423520019531250000e+03 1.600417442363384678e-12
3.056282226562500000e+03 1.096241665895849582e-12
3.850336669921875000e+03 7.525634582160411555e-13
4.838769042968750000e+03 5.176762844090677316e-13
6.120835937500000000e+03 3.499050511689038380e-13
7.692401855468750000e+03 2.389032093551592840e-13
9.718894531250000000e+03 1.591281276830296887e-13
1.224167187500000000e+04 1.060664624521028766e-13
1.542616113281250000e+04 6.871146380361586051e-14
1.943778906250000000e+04 4.277220314550345472e-14
2.448334375000000000e+04 2.515029933446862900e-14
3.085232226562500000e+04 1.373001354925634337e-14
3.891693750000000000e+04 6.892231828042438551e-15
4.921482812500000000e+04 3.125289387941534184e-15
6.162192968750000000e+04 1.281302515372114046e-15
7.775115625000000000e+04 4.352251208892073306e-16
9.801609375000000000e+04 1.175505285000385857e-16
1.236574296875000000e+05 2.387076133565264525e-17
1.559158906250000000e+05 3.459125893908362491e-18
1.964457500000000000e+05 3.518749489821694639e-19
2.473148593750000000e+05 2.540412138876757398e-20
3.118317812500000000e+05 1.366336030374757614e-21
3.928915000000000000e+05 6.541833539747570321e-23
4.962840000000000000e+05 3.184814276515472694e-24
6.244907500000000000e+05 1.996998038041327415e-25
7.857830000000000000e+05 1.535750413214517805e-26
9.925680000000000000e+05 1.130690670894553008e-27
1.248981500000000000e+06 6.193947114471061153e-29
1.571566000000000000e+06 1.767120935914618746e-30
1.981000250000000000e+06 1.727064497476161854e-32
2.497963000000000000e+06 3.813919944027298268e-35
3.147267500000000000e+06 7.564578268703778387e-39
3.970272000000000000e+06 1.138059127495380745e-44
5.004197000000000000e+06 8.655324698469365296e-55
6.286264000000000000e+06 9.784024714932599671e-73
7.940544000000000000e+06 8.928611650384390474e-105
1.000839400000000000e+07 9.999999999999999821e-201
