1.211760009765625000e+03 2.017646892318041726e-12
1.526073364257812500e+03 1.344962918884695564e-12
1.923100463867187500e+03 9.024905354660349005e-13
2.423520019531250000e+03 6.177486781418200922e-13
3.056282226562500000e+03 4.222011821355637751e-13
3.850336669921875000e+03 2.884867705206144004e-13
4.838769042968750000e+03 1.971186041838126649e-13
6.120835937500000000e+03 1.333863885363640678e-13
7.692401855468750000e+03 9.061971838561126221e-14
9.718894531250000000e+03 6.082510704954755374e-14
1.224167187500000000e+04 4.084848767317673033e-14
1.542616113281250000e+04 2.724747036669349279e-14
1.943778906250000000e+04 1.789741377411135842e-14
2.448334375000000000e+04 1.156304835673339041e-14
3.085232226562500000e+04 7.266314814227508210e-15
3.891693750000000000e+04 4.356265608981735273e-15
4.921482812500000000e+04 2.466872765394121697e-15
6.162192968750000000e+04 1.349771563419891052e-15
7.775115625000000000e+04 6.705825141990656606e-16
9.801609375000000000e+04 2.985258332082315330e-16
1.236574296875000000e+05 1.133804415997847216e-16
1.559158906250000000e+05 3.506104770033459728e-17
1.964457500000000000e+05 8.558121594914340724e-18
2.473148593750000000e+05 1.612054453699949977e-18
3.118317812500000000e+05 2.327553969051343930e-19
3.928915000000000000e+05 2.745970900719246327e-20
4.962840000000000000e+05 2.903775718196670502e-21
6.244907500000000000e+05 3.288284742810618231e-22
7.857830000000000000e+05 4.384305321664622473e-23
9.925680000000000000e+05 7.053169166809875846e-24
1.248981500000000000e+06 1.306661657449598478e-24
1.571566000000000000e+06 2.218706705587266512e-25
1.981000250000000000e+06 2.707089102790688935e-26
2.497963000000000000e+06 1.886021054410777075e-27
3.147267500000000000e+06 6.061400769883585864e-29
3.970272000000000000e+06 5.903039096504374464e-31
5.004197000000000000e+06 7.162647604111971313e-34
6.286264000000000000e+06 1.496740999511824905e-38
7.940544000000000000e+06 6.042909682395019522e-47
1.000839400000000000e+07 9.999999999999999821e-201
