1.211760009765625000e+03 2.652832025084832725e-18
1.526073364257812500e+03 1.780097980876803022e-18
1.923100463867187500e+03 1.200704799359159618e-18
2.423520019531250000e+03 8.033223737932942932e-19
3.056282226562500000e+03 5.382447819038180694e-19
3.850336669921875000e+03 3.629602574756643616e-19
4.838769042968750000e+03 2.439038129399720277e-19
6.120835937500000000e+03 1.627324474143362704e-19
7.692401855468750000e+03 1.092697640006304289e-19
9.718894531250000000e+03 7.280367050535777755e-20
1.224167187500000000e+04 4.865093947335328081e-20
1.542616113281250000e+04 3.240188214112529310e-20
1.943778906250000000e+04 2.143991556336219804e-20
2.448334375000000000e+04 1.410338918215501019e-20
3.085232226562500000e+04 9.131108808106381900e-21
3.891693750000000000e+04 5.770776094230584757e-21
4.921482812500000000e+04 3.523886811345466966e-21
6.162192968750000000e+04 2.097787902730726024e-21
7.775115625000000000e+04 1.180821038361968952e-21
9.801609375000000000e+04 6.155798288040757608e-22
1.236574296875000000e+05 2.868195294042574022e-22
1.559158906250000000e+05 1.150347634339433202e-22
1.964457500000000000e+05 3.827281615977580070e-23
2.473148593750000000e+05 1.035020715501104493e-23
3.118317812500000000e+05 2.240905065071195777e-24
3.928915000000000000e+05 4.013293759534612331e-25
4.962840000000000000e+05 6.289032533371894625e-26
6.244907500000000000e+05 1.004972338325881661e-26
7.857830000000000000e+05 1.766090725801716655e-27
9.925680000000000000e+05 3.628923435665195445e-28
1.248981500000000000e+06 8.969818131700642371e-29
1.571566000000000000e+06 2.283625065582208642e-29
1.981000250000000000e+06 4.984484749388606991e-30
2.497963000000000000e+06 7.749750652237156990e-31
3.147267500000000000e+06 7.269854685581560570e-32
3.970272000000000000e+06 3.279850284840456165e-33
5.004197000000000000e+06 4.683109090524257166e-35
6.286264000000000000e+06 7.996266255905708763e-38
7.940544000000000000e+06 1.368781114959967058e-42
1.000839400000000000e+07 9.999999999999999821e-201
