1.211760009765625000e+03 2.490922089281532764e-17
1.526073364257812500e+03 1.700982515060055905e-17
1.923100463867187500e+03 1.161466080425853774e-17
2.423520019531250000e+03 7.908677633468867565e-18
3.056282226562500000e+03 5.333067563817647216e-18
3.850336669921875000e+03 3.610004288715840978e-18
4.838769042968750000e+03 2.432800180219669799e-18
6.120835937500000000e+03 1.624858831000720800e-18
7.692401855468750000e+03 1.092697640006304145e-18
9.718894531250000000e+03 7.311413391902666732e-19
1.224167187500000000e+04 4.889727334410444012e-19
1.542616113281250000e+04 3.269467023276196645e-19
1.943778906250000000e+04 2.174840355707963797e-19
2.448334375000000000e+04 1.434550745137655538e-19
3.085232226562500000e+04 9.318413604170103904e-20
3.891693750000000000e+04 5.912390231512314680e-20
4.921482812500000000e+04 3.627530541090921952e-20
6.162192968750000000e+04 2.190610376302881843e-20
7.775115625000000000e+04 1.232215584617638623e-20
9.801609375000000000e+04 6.471076049272037559e-21
1.236574296875000000e+05 3.036912664280372040e-21
1.559158906250000000e+05 1.228044660298569399e-21
1.964457500000000000e+05 4.124376535939310503e-22
2.473148593750000000e+05 1.127278829417637607e-22
3.118317812500000000e+05 2.461946721149646848e-23
3.928915000000000000e+05 4.466678410193333522e-24
4.962840000000000000e+05 7.099474870146624485e-25
6.244907500000000000e+05 1.145796487645432353e-25
7.857830000000000000e+05 2.046422587040083790e-26
9.925680000000000000e+05 4.275662265783745343e-27
1.248981500000000000e+06 1.073254358544280893e-27
1.571566000000000000e+06 2.782719222997189046e-28
1.981000250000000000e+06 6.190730058740650984e-29
2.497963000000000000e+06 9.861507899376331278e-30
3.147267500000000000e+06 9.467717730059707196e-31
3.970272000000000000e+06 4.373133713120607126e-32
5.004197000000000000e+06 6.422549609861838521e-34
6.286264000000000000e+06 1.135347727937756851e-36
7.940544000000000000e+06 1.997604504874771599e-41
1.000839400000000000e+07 9.999999999999999821e-201
