1.211760009765625000e+03 4.433841318921128716e-13
1.526073364257812500e+03 2.383353407729496723e-13
1.923100463867187500e+03 1.247791262079126778e-13
2.423520019531250000e+03 6.414124379899946114e-14
3.056282226562500000e+03 3.170212361852541647e-14
3.850336669921875000e+03 1.509044072093954418e-14
4.838769042968750000e+03 6.891880344373259693e-15
6.120835937500000000e+03 2.956829362881521221e-15
7.692401855468750000e+03 1.219847406569876949e-15
9.718894531250000000e+03 4.726182378505886184e-16
1.224167187500000000e+04 1.845180681733867966e-16
1.542616113281250000e+04 4.354737448362855469e-17
1.943778906250000000e+04 3.222760697536209040e-17
2.448334375000000000e+04 2.249363449072370870e-17
3.085232226562500000e+04 1.459760073832077492e-17
3.891693750000000000e+04 8.703755431389894373e-18
4.921482812500000000e+04 4.676912153091231858e-18
6.162192968750000000e+04 2.277626362284840397e-18
7.775115625000000000e+04 9.092108174277667494e-19
9.801609375000000000e+04 2.871128621332043471e-19
1.236574296875000000e+05 6.716065509629092621e-20
1.559158906250000000e+05 1.112000581230583466e-20
1.964457500000000000e+05 1.283480034576656579e-21
2.473148593750000000e+05 1.037269582134124414e-22
3.118317812500000000e+05 6.257466912192113965e-24
3.928915000000000000e+05 3.293882465467347821e-25
4.962840000000000000e+05 1.757756066592675176e-26
6.244907500000000000e+05 1.173013336985218173e-27
7.857830000000000000e+05 9.529892313567162914e-29
9.925680000000000000e+05 7.057925861010529838e-30
1.248981500000000000e+06 3.778277530835907383e-31
1.571566000000000000e+06 1.016842687203478232e-32
1.981000250000000000e+06 9.197568218906707611e-35
2.497963000000000000e+06 1.793192012923474071e-37
3.147267500000000000e+06 2.870711989326802729e-41
3.970272000000000000e+06 2.782129364503929258e-47
5.004197000000000000e+06 8.898578105307359668e-58
6.286264000000000000e+06 2.061963714450050391e-76
7.940544000000000000e+06 1.251146524836534471e-109
1.000839400000000000e+07 9.999999999999999821e-201
