1.211760009765625000e+03 8.992228742306333376e-12
1.526073364257812500e+03 6.260011232750089824e-12
1.923100463867187500e+03 4.331954570236968976e-12
2.423520019531250000e+03 2.976651896691431970e-12
3.056282226562500000e+03 2.029528474643916583e-12
3.850336669921875000e+03 1.379697437343044097e-12
4.838769042968750000e+03 9.324308701210880069e-13
6.120835937500000000e+03 6.233981906741874741e-13
7.692401855468750000e+03 4.170585836266192286e-13
9.718894531250000000e+03 2.749217200568783073e-13
1.224167187500000000e+04 1.796623295372450406e-13
1.542616113281250000e+04 1.151898292792755529e-13
1.943778906250000000e+04 7.045429230544525363e-14
2.448334375000000000e+04 4.054773585827825941e-14
3.085232226562500000e+04 2.171678857043247591e-14
3.891693750000000000e+04 1.068917429707560597e-14
4.921482812500000000e+04 4.755421469809789073e-15
6.162192968750000000e+04 1.910452339145722099e-15
7.775115625000000000e+04 6.296406462935604000e-16
9.801609375000000000e+04 1.641823550704243814e-16
1.236574296875000000e+05 3.169143412356227523e-17
1.559158906250000000e+05 4.386438278902647368e-18
1.964457500000000000e+05 4.258367866657433459e-19
2.473148593750000000e+05 2.941235526229206713e-20
3.118317812500000000e+05 1.522435248739524861e-21
3.928915000000000000e+05 7.012130156547051950e-23
4.962840000000000000e+05 3.281144657639660221e-24
6.244907500000000000e+05 1.976744697512126482e-25
7.857830000000000000e+05 1.462675325577014228e-26
9.925680000000000000e+05 1.005452579888902939e-27
1.248981500000000000e+06 5.045574785970451038e-29
1.571566000000000000e+06 1.273189583137128474e-30
1.981000250000000000e+06 1.080017480250408823e-32
2.497963000000000000e+06 1.968813911096391668e-35
3.147267500000000000e+06 2.931360834171735217e-39
3.970272000000000000e+06 2.660580023336281873e-45
5.004197000000000000e+06 7.961885673169744452e-56
6.286264000000000000e+06 1.723490425474287860e-74
7.940544000000000000e+06 9.782901018668646489e-108
1.000839400000000000e+07 9.999999999999999821e-201
