1.211760009765625000e+03 9.851596863108460915e-14
1.526073364257812500e+03 6.497357630200329300e-14
1.923100463867187500e+03 4.269172619943678872e-14
2.423520019531250000e+03 2.796060045218520694e-14
3.056282226562500000e+03 1.817193392115642780e-14
3.850336669921875000e+03 1.183720184448878935e-14
4.838769042968750000e+03 7.671614658598187843e-15
6.120835937500000000e+03 4.952942823322674106e-15
7.692401855468750000e+03 3.192009000645822829e-15
9.718894531250000000e+03 2.039492415761848231e-15
1.224167187500000000e+04 1.300364073294185469e-15
1.542616113281250000e+04 8.078684704453357751e-16
1.943778906250000000e+04 4.846278819206427375e-16
2.448334375000000000e+04 2.757698550880788038e-16
3.085232226562500000e+04 1.466624425868208527e-16
3.891693750000000000e+04 7.212260793578431656e-17
4.921482812500000000e+04 3.228148044875560163e-17
6.162192968750000000e+04 1.317717362302864146e-17
7.775115625000000000e+04 4.462297829250376007e-18
9.801609375000000000e+04 1.205650430407004445e-18
1.236574296875000000e+05 2.466984851143763965e-19
1.559158906250000000e+05 3.597440873432305612e-20
1.964457500000000000e+05 3.710864993271909809e-21
2.473148593750000000e+05 2.725750439258278517e-22
3.118317812500000000e+05 1.501963019934377923e-23
3.928915000000000000e+05 7.308016748551259697e-25
4.962840000000000000e+05 3.600805548988306684e-26
6.244907500000000000e+05 2.281748512921299709e-27
7.857830000000000000e+05 1.775991610127460493e-28
9.925680000000000000e+05 1.334007918144931727e-29
1.248981500000000000e+06 7.506822238201228190e-31
1.571566000000000000e+06 2.192346421210480363e-32
1.981000250000000000e+06 2.237323752923556367e-34
2.497963000000000000e+06 5.213439400943234921e-37
3.147267500000000000e+06 1.130158763099337466e-40
3.970272000000000000e+06 1.965317254889726363e-46
5.004197000000000000e+06 2.010333514675403222e-56
6.286264000000000000e+06 3.840929085104115934e-74
7.940544000000000000e+06 8.562095065717644849e-106
1.000839400000000000e+07 9.999999999999999821e-201
