1.211760009765625000e+03 1.805918514729111490e-13
1.526073364257812500e+03 1.196621420478295304e-13
1.923100463867187500e+03 7.926221224527784607e-14
2.423520019531250000e+03 5.187345250928792601e-14
3.056282226562500000e+03 3.397361559172723939e-14
3.850336669921875000e+03 2.214575841766942627e-14
4.838769042968750000e+03 1.440766655395269555e-14
6.120835937500000000e+03 9.289847982052977023e-15
7.692401855468750000e+03 6.011943332504710503e-15
9.718894531250000000e+03 3.847224329732577963e-15
1.224167187500000000e+04 2.442739988150759298e-15
1.542616113281250000e+04 1.521798746652841708e-15
1.943778906250000000e+04 9.200906164000608837e-16
2.448334375000000000e+04 5.245622243523237811e-16
3.085232226562500000e+04 2.783253171818077607e-16
3.891693750000000000e+04 1.370122895742836825e-16
4.921482812500000000e+04 6.140498998404598900e-17
6.162192968750000000e+04 2.513986119785187591e-17
7.775115625000000000e+04 8.530863497096304602e-18
9.801609375000000000e+04 2.310829991613425250e-18
1.236574296875000000e+05 4.718407919177877268e-19
1.559158906250000000e+05 6.912907873093685243e-20
1.964457500000000000e+05 7.152738125417024722e-21
2.473148593750000000e+05 5.250904525843869953e-22
3.118317812500000000e+05 2.896642967016300447e-23
3.928915000000000000e+05 1.414365218635966156e-24
4.962840000000000000e+05 6.981153615385492247e-26
6.244907500000000000e+05 4.407212881121962176e-27
7.857830000000000000e+05 3.452394905668335208e-28
9.925680000000000000e+05 2.596732970434791427e-29
1.248981500000000000e+06 1.467302077973014757e-30
1.571566000000000000e+06 4.279291572170457125e-32
1.981000250000000000e+06 4.377696809887093442e-34
2.497963000000000000e+06 1.025713891441389874e-36
3.147267500000000000e+06 2.223624059864281041e-40
3.970272000000000000e+06 3.894573642717255905e-46
5.004197000000000000e+06 3.989377791768310085e-56
6.286264000000000000e+06 7.653511830096762308e-74
7.940544000000000000e+06 1.721479431202489014e-105
1.000839400000000000e+07 9.999999999999999821e-201
