1.211760009765625000e+03 1.320188707319212440e-13
1.526073364257812500e+03 8.702701239842147438e-14
1.923100463867187500e+03 5.736700708049317242e-14
2.423520019531250000e+03 3.761292354815115219e-14
3.056282226562500000e+03 2.459135855510914203e-14
3.850336669921875000e+03 1.607014050773516729e-14
4.838769042968750000e+03 1.050867109451011839e-14
6.120835937500000000e+03 6.799313648805193415e-15
7.692401855468750000e+03 4.403226001316182365e-15
9.718894531250000000e+03 2.822162024262520091e-15
1.224167187500000000e+04 1.800394230889119685e-15
1.542616113281250000e+04 1.119788792514566336e-15
1.943778906250000000e+04 6.622524070685702192e-16
2.448334375000000000e+04 3.695926227003028551e-16
3.085232226562500000e+04 1.914545358040061785e-16
3.891693750000000000e+04 9.139297954094456852e-17
4.921482812500000000e+04 3.922268590597198707e-17
6.162192968750000000e+04 1.521893342089652262e-17
7.775115625000000000e+04 4.803497412253454186e-18
9.801609375000000000e+04 1.191741430550368150e-18
1.236574296875000000e+05 2.192623699932040609e-19
1.559158906250000000e+05 2.850679998700253090e-20
1.964457500000000000e+05 2.570605736008258504e-21
2.473148593750000000e+05 1.655681919177109863e-22
3.118317812500000000e+05 8.079412410188970384e-24
3.928915000000000000e+05 3.561429811383614613e-25
4.962840000000000000e+05 1.630085179758678479e-26
6.244907500000000000e+05 9.648956991188396436e-28
7.857830000000000000e+05 6.839394218574007455e-29
9.925680000000000000e+05 4.265730260767404746e-30
1.248981500000000000e+06 1.787682056946248245e-31
1.571566000000000000e+06 3.450847804525749150e-33
1.981000250000000000e+06 1.998053046180878928e-35
2.497963000000000000e+06 2.060510732262175141e-38
3.147267500000000000e+06 1.121787134564330188e-42
3.970272000000000000e+06 1.363021693420987026e-49
5.004197000000000000e+06 8.164884150979434849e-62
6.286264000000000000e+06 1.865571528344195463e-83
7.940544000000000000e+06 1.437804469171826552e-121
1.000839400000000000e+07 9.999999999999999821e-201
