1.211760009765625000e+03 1.992737671425226568e-13
1.526073364257812500e+03 1.354852352111788894e-13
1.923100463867187500e+03 9.181860230393574330e-14
2.423520019531250000e+03 6.214850612757426663e-14
3.056282226562500000e+03 4.187435830701913624e-14
3.850336669921875000e+03 2.814134202323400340e-14
4.838769042968750000e+03 1.886265887175401065e-14
6.120835937500000000e+03 1.250842237820804585e-14
7.692401855468750000e+03 8.286976703910890167e-15
9.718894531250000000e+03 5.407641592715161572e-15
1.224167187500000000e+04 3.476047693051761042e-15
1.542616113281250000e+04 2.150244075822385586e-15
1.943778906250000000e+04 1.254504828342527203e-15
2.448334375000000000e+04 6.788448973161966991e-16
3.085232226562500000e+04 3.366227191929604248e-16
3.891693750000000000e+04 1.526852083565522925e-16
4.921482812500000000e+04 6.133980445123943756e-17
6.162192968750000000e+04 2.196965707363938790e-17
7.775115625000000000e+04 6.254363681121627716e-18
9.801609375000000000e+04 1.371225194405691640e-18
1.236574296875000000e+05 2.165865027536319803e-19
1.559158906250000000e+05 2.390909436631440216e-20
1.964457500000000000e+05 1.808490196862496368e-21
2.473148593750000000e+05 9.860032556696240814e-23
3.118317812500000000e+05 4.119165357669826872e-24
3.928915000000000000e+05 1.611489484996882587e-25
4.962840000000000000e+05 6.776284173132495463e-27
6.244907500000000000e+05 3.695610028196394704e-28
7.857830000000000000e+05 2.214683538258000611e-29
9.925680000000000000e+05 9.976748349513684778e-31
1.248981500000000000e+06 2.605939984316414457e-32
1.571566000000000000e+06 2.589363995431232981e-34
1.981000250000000000e+06 6.020981184300361720e-37
2.497963000000000000e+06 1.588540941099831911e-40
3.147267500000000000e+06 7.905026890463735519e-46
3.970272000000000000e+06 8.829700430020575924e-55
5.004197000000000000e+06 7.309320239538741766e-71
6.286264000000000000e+06 4.025542719323591852e-99
7.940544000000000000e+06 8.804811050504507286e-148
1.000839400000000000e+07 9.999999999999999821e-201
