1.211760009765625000e+03 3.524654756333368914e-16
1.526073364257812500e+03 1.958107778964483132e-16
1.923100463867187500e+03 1.059445411199258446e-16
2.423520019531250000e+03 5.567210869544225935e-17
3.056282226562500000e+03 2.799860471004265308e-17
3.850336669921875000e+03 1.356180332357623087e-17
4.838769042968750000e+03 6.174637563496561782e-18
6.120835937500000000e+03 2.636522902849752415e-18
7.692401855468750000e+03 4.895134501265449747e-22
9.718894531250000000e+03 3.537078342766767837e-22
1.224167187500000000e+04 2.525342287153838217e-22
1.542616113281250000e+04 1.761279516404714162e-22
1.943778906250000000e+04 1.172838369372715935e-22
2.448334375000000000e+04 7.409628940182398135e-23
3.085232226562500000e+04 4.320178687825764904e-23
3.891693750000000000e+04 2.333685034701156069e-23
4.921482812500000000e+04 1.137708111858685147e-23
6.162192968750000000e+04 5.020391359513760391e-24
7.775115625000000000e+04 1.822790602568013026e-24
9.801609375000000000e+04 5.250829475611324312e-25
1.236574296875000000e+05 1.120562321285157600e-25
1.559158906250000000e+05 1.705196847108894172e-26
1.964457500000000000e+05 1.806561715301904081e-27
2.473148593750000000e+05 1.349871637921189968e-28
3.118317812500000000e+05 7.621128135044501644e-30
3.928915000000000000e+05 3.830508113220713968e-31
4.962840000000000000e+05 1.976054527920240017e-32
6.244907500000000000e+05 1.314276757025245457e-33
7.857830000000000000e+05 1.082761078262265538e-34
9.925680000000000000e+05 8.408391084850676038e-36
1.248981500000000000e+06 4.794648348835602389e-37
1.571566000000000000e+06 1.381898870558785159e-38
1.981000250000000000e+06 1.343874823584747807e-40
2.497963000000000000e+06 2.848240080375538608e-43
3.147267500000000000e+06 5.024169885087066505e-47
3.970272000000000000e+06 5.568291899113211204e-53
5.004197000000000000e+06 2.186021541847482912e-63
6.286264000000000000e+06 6.873545271414174505e-82
7.940544000000000000e+06 6.580554831503992409e-115
1.000839400000000000e+07 9.999999999999999821e-201
