1.211760009765625000e+03 1.407370980444066025e-13
1.526073364257812500e+03 7.565416418726409895e-14
1.923100463867187500e+03 3.970958356050554112e-14
2.423520019531250000e+03 2.036328807987653297e-14
3.056282226562500000e+03 1.002419180976835628e-14
3.850336669921875000e+03 4.781907530278323622e-15
4.838769042968750000e+03 2.182952673963431262e-15
6.120835937500000000e+03 9.437273568144439171e-16
7.692401855468750000e+03 5.051778805305944455e-17
9.718894531250000000e+03 3.676090155364587712e-17
1.224167187500000000e+04 2.646752974036233616e-17
1.542616113281250000e+04 1.845596088998556912e-17
1.943778906250000000e+04 1.242650177073472626e-17
2.448334375000000000e+04 7.854206676593340740e-18
3.085232226562500000e+04 4.614736325632067225e-18
3.891693750000000000e+04 2.494628830197787505e-18
4.921482812500000000e+04 1.216559169116217843e-18
6.162192968750000000e+04 5.372395811157829468e-19
7.775115625000000000e+04 1.955089920496336468e-19
9.801609375000000000e+04 5.634223373830563238e-20
1.236574296875000000e+05 1.205614489883651939e-20
1.559158906250000000e+05 1.834259911224933824e-21
1.964457500000000000e+05 1.933427004297824782e-22
2.473148593750000000e+05 1.444268255957636992e-23
3.118317812500000000e+05 8.085022891090686886e-25
3.928915000000000000e+05 4.038687901982709607e-26
4.962840000000000000e+05 2.070152362583108388e-27
6.244907500000000000e+05 1.370442430402392625e-28
7.857830000000000000e+05 1.117764130361260915e-29
9.925680000000000000e+05 8.591430890779397715e-31
1.248981500000000000e+06 4.844248159340799526e-32
1.571566000000000000e+06 1.375851173094632895e-33
1.981000250000000000e+06 1.317597941559347475e-35
2.497963000000000000e+06 2.736344934360785030e-38
3.147267500000000000e+06 4.724563424049764617e-42
3.970272000000000000e+06 5.107013280251761999e-48
5.004197000000000000e+06 1.935713731712275489e-58
6.286264000000000000e+06 5.879943677724599696e-77
7.940544000000000000e+06 5.421286104710543446e-110
1.000839400000000000e+07 9.999999999999999821e-201
