1.211760009765625000e+03 2.366375984817456067e-12
1.526073364257812500e+03 1.295515752749228760e-12
1.923100463867187500e+03 7.008035201488429067e-13
2.423520019531250000e+03 3.748837744368706681e-13
3.056282226562500000e+03 1.980148234343404305e-13
3.850336669921875000e+03 1.050451818126713726e-13
4.838769042968750000e+03 5.613306875905966464e-14
6.120835937500000000e+03 3.080050120151580258e-14
7.692401855468750000e+03 1.245322217121930330e-14
9.718894531250000000e+03 9.004876304947705993e-15
1.224167187500000000e+04 6.434766404766991089e-15
1.542616113281250000e+04 4.478146855539646511e-15
1.943778906250000000e+04 2.987945369592395189e-15
2.448334375000000000e+04 1.877105998179540341e-15
3.085232226562500000e+04 1.093136122525610327e-15
3.891693750000000000e+04 5.854330561189967993e-16
4.921482812500000000e+04 2.827373624520098606e-16
6.162192968750000000e+04 1.234900863144764074e-16
7.775115625000000000e+04 4.434477137967881094e-17
9.801609375000000000e+04 1.258532144154460253e-17
1.236574296875000000e+05 2.636617226553312423e-18
1.559158906250000000e+05 3.950111962339410118e-19
1.964457500000000000e+05 4.059689247869447611e-20
2.473148593750000000e+05 2.949894313638963893e-21
3.118317812500000000e+05 1.603750442331103728e-22
3.928915000000000000e+05 7.765106120822427808e-24
4.962840000000000000e+05 3.817683577750667520e-25
6.244907500000000000e+05 2.415123955217331950e-26
7.857830000000000000e+05 1.878497129312766293e-27
9.925680000000000000e+05 1.361358556594871267e-28
1.248981500000000000e+06 7.208505793421802295e-30
1.571566000000000000e+06 1.908048549940029145e-31
1.981000250000000000e+06 1.696735810782978048e-33
2.497963000000000000e+06 3.244959234427845271e-36
3.147267500000000000e+06 5.208543091879252267e-40
3.970272000000000000e+06 5.139961753027580408e-46
5.004197000000000000e+06 1.785529045631150434e-56
6.286264000000000000e+06 4.906758555138235582e-75
7.940544000000000000e+06 4.108584752312077539e-108
1.000839400000000000e+07 9.999999999999999821e-201
