1.211760009765625000e+03 1.855736956514741807e-12
1.526073364257812500e+03 1.236179153386668676e-12
1.923100463867187500e+03 8.240130975994232227e-13
2.423520019531250000e+03 5.517392427758595206e-13
3.056282226562500000e+03 3.668952962885659456e-13
3.850336669921875000e+03 2.430149728502098782e-13
4.838769042968750000e+03 1.606029467273095896e-13
6.120835937500000000e+03 1.049681080947658412e-13
7.692401855468750000e+03 6.853188301771629608e-14
9.718894531250000000e+03 4.417486489219630474e-14
1.224167187500000000e+04 2.816727935671588898e-14
1.542616113281250000e+04 1.751911008338731823e-14
1.943778906250000000e+04 1.040195934741277687e-14
2.448334375000000000e+04 5.828908099610151877e-15
3.085232226562500000e+04 3.043762257331789187e-15
3.891693750000000000e+04 1.464588539019346170e-15
4.921482812500000000e+04 6.375671201109065958e-16
6.162192968750000000e+04 2.527507374100031294e-16
7.775115625000000000e+04 8.256457433675005192e-17
9.801609375000000000e+04 2.142005040050968466e-17
1.236574296875000000e+05 4.146293219176579644e-18
1.559158906250000000e+05 5.710062836649048280e-19
1.964457500000000000e+05 5.531326600222122732e-20
2.473148593750000000e+05 3.818343199574275303e-21
3.118317812500000000e+05 1.978179781139811611e-22
3.928915000000000000e+05 9.118274747775394757e-24
4.962840000000000000e+05 4.288172751065011552e-25
6.244907500000000000e+05 2.594854110024202607e-26
7.857830000000000000e+05 1.936835549477759216e-27
9.925680000000000000e+05 1.361358556594871267e-28
1.248981500000000000e+06 6.993573281232620020e-30
1.571566000000000000e+06 1.814309239245669964e-31
1.981000250000000000e+06 1.591628282681377562e-33
2.497963000000000000e+06 3.031341228399680576e-36
3.147267500000000000e+06 4.816750027445857081e-40
3.970272000000000000e+06 4.843425498045218908e-46
5.004197000000000000e+06 1.718780296261761539e-56
6.286264000000000000e+06 4.845509141828605884e-75
7.940544000000000000e+06 4.193825099870419127e-108
1.000839400000000000e+07 9.999999999999999821e-201
