1.211760009765625000e+03 3.250653326512399345e-14
1.526073364257812500e+03 1.760319114422616312e-14
1.923100463867187500e+03 9.260337668260185162e-15
2.423520019531250000e+03 4.738979274858116737e-15
3.056282226562500000e+03 2.335686071931247668e-15
3.850336669921875000e+03 1.109245763171119474e-15
4.838769042968750000e+03 4.989606111916412680e-16
6.120835937500000000e+03 2.109218322279801747e-16
7.692401855468750000e+03 2.819597472728899464e-18
9.718894531250000000e+03 2.038839918101368325e-18
1.224167187500000000e+04 1.469069311276992696e-18
1.542616113281250000e+04 1.030535887258077673e-18
1.943778906250000000e+04 6.883444239294629298e-19
2.448334375000000000e+04 4.346982311573671923e-19
3.085232226562500000e+04 2.552832860987952098e-19
3.891693750000000000e+04 1.380093046383614650e-19
4.921482812500000000e+04 6.747397613894578644e-20
6.162192968750000000e+04 2.989152556584055628e-20
7.775115625000000000e+04 1.087794391855104824e-20
9.801609375000000000e+04 3.133828385444218587e-21
1.236574296875000000e+05 6.719121319281021857e-22
1.559158906250000000e+05 1.024682509042500500e-22
1.964457500000000000e+05 1.080892262245240592e-23
2.473148593750000000e+05 8.070910842116204885e-25
3.118317812500000000e+05 4.539541541309116203e-26
3.928915000000000000e+05 2.289977676381949075e-27
4.962840000000000000e+05 1.172190168943162900e-28
6.244907500000000000e+05 7.773329195397180888e-30
7.857830000000000000e+05 6.382223166050205806e-31
9.925680000000000000e+05 4.930634772204955228e-32
1.248981500000000000e+06 2.802389293543568371e-33
1.571566000000000000e+06 8.013199140001709263e-35
1.981000250000000000e+06 7.732910996046314866e-37
2.497963000000000000e+06 1.627565760214593148e-39
3.147267500000000000e+06 2.857784705278881326e-43
3.970272000000000000e+06 3.126810066425110993e-49
5.004197000000000000e+06 1.208152363585937391e-59
6.286264000000000000e+06 3.736214211887505801e-78
7.940544000000000000e+06 3.528950388915354232e-111
1.000839400000000000e+07 9.999999999999999821e-201
