1.211760009765625000e+03 8.655954260253326368e-11
1.526073364257812500e+03 4.915048313865394058e-11
1.923100463867187500e+03 2.785949044264716844e-11
2.423520019531250000e+03 1.575508221470569812e-11
3.056282226562500000e+03 8.839062537368934638e-12
3.850336669921875000e+03 5.017017909192738413e-12
4.838769042968750000e+03 2.881304615538080594e-12
6.120835937500000000e+03 1.682575078486393889e-12
7.692401855468750000e+03 1.021534848559761790e-12
9.718894531250000000e+03 6.461424565859388430e-13
1.224167187500000000e+04 4.264864735355558570e-13
1.542616113281250000e+04 2.895776256776176904e-13
1.943778906250000000e+04 1.836560582271676184e-13
2.448334375000000000e+04 1.236941976572803163e-13
3.085232226562500000e+04 7.724912626505112225e-14
3.891693750000000000e+04 4.394851917047700034e-14
4.921482812500000000e+04 2.225698605742238862e-14
6.162192968750000000e+04 1.013507510092360614e-14
7.775115625000000000e+04 3.712935514954651502e-15
9.801609375000000000e+04 1.054337219461144694e-15
1.236574296875000000e+05 2.172350019949593843e-16
1.559158906250000000e+05 3.131133657270789430e-17
1.964457500000000000e+05 3.077039572382620158e-18
2.473148593750000000e+05 2.126713617264654921e-19
3.118317812500000000e+05 1.082713791542613244e-20
3.928915000000000000e+05 4.876718347925790835e-22
4.962840000000000000e+05 2.220198076061718388e-23
6.244907500000000000e+05 1.264585971004705843e-24
7.857830000000000000e+05 8.267585615318557973e-26
9.925680000000000000e+05 4.590646916053781303e-27
1.248981500000000000e+06 1.733315700094104209e-28
1.571566000000000000e+06 2.974954749326210365e-30
1.981000250000000000e+06 1.514402840935282839e-32
2.497963000000000000e+06 1.354748540452870158e-35
3.147267500000000000e+06 6.337070841240268610e-40
3.970272000000000000e+06 6.381649422882061606e-47
5.004197000000000000e+06 3.043118994737180613e-59
6.286264000000000000e+06 5.114853049958950831e-81
7.940544000000000000e+06 2.598780173909411950e-119
1.000839400000000000e+07 9.999999999999999821e-201
