1.211760009765625000e+03 5.355482491955295691e-12
1.526073364257812500e+03 2.927260087071541687e-12
1.923100463867187500e+03 1.569404532330261275e-12
2.423520019531250000e+03 8.339984733681362385e-13
3.056282226562500000e+03 4.366070859992466079e-13
3.850336669921875000e+03 2.263409298572797087e-13
4.838769042968750000e+03 1.182427182157957273e-13
6.120835937500000000e+03 6.147317586603283733e-14
7.692401855468750000e+03 2.043339026269880326e-14
9.718894531250000000e+03 1.364399511483478583e-14
1.224167187500000000e+04 8.358078948104205247e-15
1.542616113281250000e+04 4.538643966169386110e-15
1.943778906250000000e+04 2.195539946704947508e-15
2.448334375000000000e+04 9.513236184064660482e-16
3.085232226562500000e+04 3.566273181248594136e-16
3.891693750000000000e+04 1.137854309292337537e-16
4.921482812500000000e+04 2.933114433118451211e-17
6.162192968750000000e+04 6.310724261941609947e-18
7.775115625000000000e+04 9.671828236257085947e-19
9.801609375000000000e+04 1.063200892947239095e-19
1.236574296875000000e+05 7.963257328615839845e-21
1.559158906250000000e+05 4.112341059918240439e-22
1.964457500000000000e+05 1.527420004895551854e-23
2.473148593750000000e+05 4.420645387618051384e-25
3.118317812500000000e+05 1.050606891223907040e-26
3.928915000000000000e+05 2.062962538325222397e-28
4.962840000000000000e+05 2.827096984187650695e-30
6.244907500000000000e+05 2.388292189786568638e-32
7.857830000000000000e+05 8.288915408268561019e-35
9.925680000000000000e+05 6.661197382444435827e-38
1.248981500000000000e+06 7.508365461542294329e-42
1.571566000000000000e+06 2.475040205177697196e-47
1.981000250000000000e+06 7.961546776602292698e-56
2.497963000000000000e+06 3.024240810665779133e-70
3.147267500000000000e+06 1.880747577334739433e-95
3.970272000000000000e+06 6.192260201605744788e-139
5.004197000000000000e+06 9.999999999999999821e-201
6.286264000000000000e+06 9.999999999999999821e-201
7.940544000000000000e+06 9.999999999999999821e-201
1.000839400000000000e+07 9.999999999999999821e-201
