1.211760009765625000e+03 2.341466763924641097e-14
1.526073364257812500e+03 1.246068586613761956e-14
1.923100463867187500e+03 6.435149905062163493e-15
2.423520019531250000e+03 3.194607579503565986e-15
3.056282226562500000e+03 1.501159405897885259e-15
3.850336669921875000e+03 6.702451889960461831e-16
4.838769042968750000e+03 2.769108513137007565e-16
6.120835937500000000e+03 1.047066717601629169e-16
7.692401855468750000e+03 3.542768247578583586e-17
9.718894531250000000e+03 1.050740740151949845e-17
1.224167187500000000e+04 8.374391773188613720e-20
1.542616113281250000e+04 5.816081081293331052e-20
1.943778906250000000e+04 3.863211421412321996e-20
2.448334375000000000e+04 2.415957079016609292e-20
3.085232226562500000e+04 1.400186724221605350e-20
3.891693750000000000e+04 7.463679890094103220e-21
4.921482812500000000e+04 3.585376772192912519e-21
6.162192968750000000e+04 1.557905461731598968e-21
7.775115625000000000e+04 5.527277331427464999e-22
9.801609375000000000e+04 1.542614091265821953e-22
1.236574296875000000e+05 3.165443504210949101e-23
1.559158906250000000e+05 4.647442436742458918e-24
1.964457500000000000e+05 4.707922081934163933e-25
2.473148593750000000e+05 3.374640574776759853e-26
3.118317812500000000e+05 1.824697922681558861e-27
3.928915000000000000e+05 8.830082743164565606e-29
4.962840000000000000e+05 4.435492726740686215e-30
6.244907500000000000e+05 2.894459607757955751e-31
7.857830000000000000e+05 2.284794139524021451e-32
9.925680000000000000e+05 1.621700618846661294e-33
1.248981500000000000e+06 8.018420220677352318e-35
1.571566000000000000e+06 1.878504199578143920e-36
1.981000250000000000e+06 1.375960315776027964e-38
2.497963000000000000e+06 1.917080462517499641e-41
3.147267500000000000e+06 1.626620540783370798e-45
3.970272000000000000e+06 4.308844978713015808e-52
5.004197000000000000e+06 1.062118877167004595e-63
6.286264000000000000e+06 2.641411466494246466e-84
7.940544000000000000e+06 9.363415721069014333e-121
1.000839400000000000e+07 9.999999999999999821e-201
