1.211760009765625000e+03 1.190660758676572626e-12
1.526073364257812500e+03 6.922603258965344426e-13
1.923100463867187500e+03 3.978806099837215417e-13
2.423520019531250000e+03 2.235602575130175588e-13
3.056282226562500000e+03 1.234500874186960259e-13
3.850336669921875000e+03 6.662805954636193747e-14
4.838769042968750000e+03 3.460350022283992754e-14
6.120835937500000000e+03 1.745159934285671456e-14
7.692401855468750000e+03 8.396795809400248237e-15
9.718894531250000000e+03 3.814853828554787253e-15
1.224167187500000000e+04 1.599702033924096839e-15
1.542616113281250000e+04 5.985001779692285970e-16
1.943778906250000000e+04 3.262247130246722231e-19
2.448334375000000000e+04 2.038964887026314260e-19
3.085232226562500000e+04 1.162335600899821386e-19
3.891693750000000000e+04 5.992305668989581705e-20
4.921482812500000000e+04 2.714307391884977147e-20
6.162192968750000000e+04 1.076557287441622155e-20
7.775115625000000000e+04 3.339489270097202071e-21
9.801609375000000000e+04 7.858534467750105811e-22
1.236574296875000000e+05 1.308503130115466101e-22
1.559158906250000000e+05 1.501619970197461869e-23
1.964457500000000000e+05 1.175990097203564721e-24
2.473148593750000000e+05 6.571018933007981346e-26
3.118317812500000000e+05 2.863117502363385355e-27
3.928915000000000000e+05 1.178848801961577865e-28
4.962840000000000000e+05 5.261749324217290851e-30
6.244907500000000000e+05 3.004109039664877797e-31
7.857830000000000000e+05 1.752306500561034586e-32
9.925680000000000000e+05 7.093937485232614306e-34
1.248981500000000000e+06 1.536348861890086105e-35
1.571566000000000000e+06 1.140692011375308836e-37
1.981000250000000000e+06 1.723284220644120451e-40
2.497963000000000000e+06 2.219907401495258625e-44
3.147267500000000000e+06 2.702275588899518240e-50
3.970272000000000000e+06 1.683008849857543747e-60
5.004197000000000000e+06 5.529044664366424819e-79
6.286264000000000000e+06 2.618095707473995624e-111
7.940544000000000000e+06 2.494977821884990903e-166
1.000839400000000000e+07 9.999999999999999821e-201
