1.211760009765625000e+03 1.432280201336881335e-13
1.526073364257812500e+03 9.830096627730789328e-14
1.923100463867187500e+03 6.717668681381964476e-14
2.423520019531250000e+03 4.583296644278020576e-14
3.056282226562500000e+03 3.110956078893627910e-14
3.850336669921875000e+03 2.108773688392625100e-14
4.838769042968750000e+03 1.425326627425148031e-14
6.120835937500000000e+03 9.540191939845069062e-15
7.692401855468750000e+03 6.391215876421261999e-15
9.718894531250000000e+03 4.246069345057313218e-15
1.224167187500000000e+04 2.807840916529095358e-15
1.542616113281250000e+04 1.849423404407010657e-15
1.943778906250000000e+04 1.191242391267768470e-15
2.448334375000000000e+04 7.434384866767572659e-16
3.085232226562500000e+04 4.420848005928239418e-16
3.891693750000000000e+04 2.498522155495742998e-16
4.921482812500000000e+04 1.312397290863744445e-16
6.162192968750000000e+04 6.499065753665399243e-17
7.775115625000000000e+04 2.811122807157691879e-17
9.801609375000000000e+04 1.031902661920347765e-17
1.236574296875000000e+05 3.024186612756811958e-18
1.559158906250000000e+05 6.753305177748532306e-19
1.964457500000000000e+05 1.113559266982188211e-19
2.473148593750000000e+05 1.345224983091636253e-20
3.118317812500000000e+05 1.218772212028619361e-21
3.928915000000000000e+05 9.240554165247591600e-23
4.962840000000000000e+05 6.575717228196733326e-24
6.244907500000000000e+05 5.543125223614540641e-25
7.857830000000000000e+05 5.873758140783639942e-26
9.925680000000000000e+05 7.178292075759778658e-27
1.248981500000000000e+06 8.558326240923041734e-28
1.571566000000000000e+06 7.275723030636041438e-29
1.981000250000000000e+06 3.205110932399936414e-30
2.497963000000000000e+06 5.501063808565533021e-32
3.147267500000000000e+06 2.476512339735231573e-34
3.970272000000000000e+06 1.028077302012052184e-37
5.004197000000000000e+06 3.857055569774522032e-43
6.286264000000000000e+06 1.593893666437167777e-52
7.940544000000000000e+06 1.169030049994266307e-69
1.000839400000000000e+07 9.999999999999999821e-201
