1.211760009765625000e+03 6.289578275435868302e-14
1.526073364257812500e+03 3.510748795618139496e-14
1.923100463867187500e+03 1.914836881167901569e-14
2.423520019531250000e+03 1.027378988090998031e-14
3.056282226562500000e+03 5.329360905195357577e-15
3.850336669921875000e+03 2.666602621031929760e-15
4.838769042968750000e+03 1.288324608171659995e-15
6.120835937500000000e+03 5.792988285948802454e-16
7.692401855468750000e+03 2.416064758015610620e-16
9.718894531250000000e+03 6.205719758227982777e-19
1.224167187500000000e+04 4.069391230447352947e-19
1.542616113281250000e+04 2.399296760520293292e-19
1.943778906250000000e+04 1.264505209185186466e-19
2.448334375000000000e+04 5.951598721721676419e-20
3.085232226562500000e+04 2.461951958177248313e-20
3.891693750000000000e+04 8.739764425415260816e-21
4.921482812500000000e+04 2.521639426285103699e-21
6.162192968750000000e+04 6.110970545863508705e-22
7.775115625000000000e+04 1.063201286259287386e-22
9.801609375000000000e+04 1.329339173635792000e-23
1.236574296875000000e+05 1.135266244643411706e-24
1.559158906250000000e+05 6.631667319784944482e-26
1.964457500000000000e+05 2.757725774724900692e-27
2.473148593750000000e+05 9.108640164385637888e-29
3.118317812500000000e+05 2.579548319015695333e-30
3.928915000000000000e+05 7.039048808364870965e-32
4.962840000000000000e+05 1.578847470583294505e-33
6.244907500000000000e+05 2.510015204239225170e-35
7.857830000000000000e+05 1.944379386769837250e-37
9.925680000000000000e+05 4.372689825847849025e-40
1.248981500000000000e+06 1.991994672739701339e-43
1.571566000000000000e+06 6.514491914198992908e-48
1.981000250000000000e+06 1.431794009098649872e-54
2.497963000000000000e+06 1.306464771889309687e-65
3.147267500000000000e+06 3.827538572295814523e-85
3.970272000000000000e+06 5.544507697144128523e-120
5.004197000000000000e+06 1.714216240172916831e-178
6.286264000000000000e+06 9.999999999999999821e-201
7.940544000000000000e+06 9.999999999999999821e-201
1.000839400000000000e+07 9.999999999999999821e-201
