1.211760009765625000e+03 3.188380274280361620e-11
1.526073364257812500e+03 1.651535348924589706e-11
1.923100463867187500e+03 8.318608413860843905e-12
2.423520019531250000e+03 4.022839174189675798e-12
3.056282226562500000e+03 1.871511672858229593e-12
3.850336669921875000e+03 8.348869048935588193e-13
4.838769042968750000e+03 3.586781537251131090e-13
6.120835937500000000e+03 1.496514398684905679e-13
7.692401855468750000e+03 6.491359969384292485e-14
9.718894531250000000e+03 3.148471156381040574e-14
1.224167187500000000e+04 1.585352264596046893e-14
1.542616113281250000e+04 1.134696159187814351e-14
1.943778906250000000e+04 8.033028196261003452e-15
2.448334375000000000e+04 5.569043143639948276e-15
3.085232226562500000e+04 3.706027083514486292e-15
3.891693750000000000e+04 2.346081413932296678e-15
4.921482812500000000e+04 1.399543933716924976e-15
6.162192968750000000e+04 7.929311897820268173e-16
7.775115625000000000e+04 4.029818642799831853e-16
9.801609375000000000e+04 1.787236057937933220e-16
1.236574296875000000e+05 6.542595933254781815e-17
1.559158906250000000e+05 1.883851929368436881e-17
1.964457500000000000e+05 4.145479971032548921e-18
2.473148593750000000e+05 6.808998947827350753e-19
3.118317812500000000e+05 8.403423400586762684e-20
3.928915000000000000e+05 8.492513685258870287e-21
4.962840000000000000e+05 7.737554874817913846e-22
6.244907500000000000e+05 8.008794563477369969e-23
7.857830000000000000e+05 9.968222105533853466e-24
9.925680000000000000e+05 1.492487359503894104e-24
1.248981500000000000e+06 2.434095658443787910e-25
1.571566000000000000e+06 3.306808335448477212e-26
1.981000250000000000e+06 2.840103822994995828e-27
2.497963000000000000e+06 1.201656237701848226e-28
3.147267500000000000e+06 1.900009142559269784e-30
3.970272000000000000e+06 6.031969779241371864e-33
5.004197000000000000e+06 9.359375673487343606e-37
6.286264000000000000e+06 3.998777548364920621e-43
7.940544000000000000e+06 1.018002320352240634e-54
1.000839400000000000e+07 9.999999999999999821e-201
