1.211760009765625000e+03 5.529847038205001842e-17
1.526073364257812500e+03 3.649200860797445445e-17
1.923100463867187500e+03 2.401409598718319622e-17
2.423520019531250000e+03 1.575508221470569600e-17
3.056282226562500000e+03 1.027109308587102507e-17
3.850336669921875000e+03 6.702612708941254749e-18
4.838769042968750000e+03 4.366499717893084169e-18
6.120835937500000000e+03 2.835179097802567876e-18
7.692401855468750000e+03 1.839417222752318382e-18
9.718894531250000000e+03 1.187828495579357628e-18
1.224167187500000000e+04 7.664989761979652340e-19
1.542616113281250000e+04 4.919666508000959992e-19
1.943778906250000000e+04 3.117954495500184245e-19
2.448334375000000000e+04 1.929138585078620063e-19
3.085232226562500000e+04 1.149724643489389883e-19
3.891693750000000000e+04 6.508280704235138209e-20
4.921482812500000000e+04 3.490912996133153348e-20
6.162192968750000000e+04 1.773368570103132127e-20
7.775115625000000000e+04 8.076518324593391196e-21
9.801609375000000000e+04 3.199808505323189882e-21
1.236574296875000000e+05 1.039789126456989992e-21
1.559158906250000000e+05 2.658297486798238370e-22
1.964457500000000000e+05 5.149909612853175454e-23
2.473148593750000000e+05 7.488713401763188300e-24
3.118317812500000000e+05 8.186627663235884919e-25
3.928915000000000000e+05 7.429270528068490688e-26
4.962840000000000000e+05 6.196550059267685246e-27
6.244907500000000000e+05 5.868059701888219912e-28
7.857830000000000000e+05 6.778971816842252398e-29
9.925680000000000000e+05 9.353560495513714620e-30
1.248981500000000000e+06 1.367983588390288824e-30
1.571566000000000000e+06 1.603935432254411553e-31
1.981000250000000000e+06 1.138324173176869599e-32
2.497963000000000000e+06 3.749556422148325115e-34
3.147267500000000000e+06 4.255322619190695482e-36
3.970272000000000000e+06 8.162710591749779477e-39
5.004197000000000000e+06 5.312651598783504474e-43
6.286264000000000000e+06 4.604536642645878211e-50
7.940544000000000000e+06 6.311499551275240307e-63
1.000839400000000000e+07 9.999999999999999821e-201
