1.211760009765625000e+03 1.693827020711442343e-13
1.526073364257812500e+03 1.018611622390614953e-13
1.923100463867187500e+03 5.987828509222476196e-14
2.423520019531250000e+03 3.493518230217350132e-14
3.056282226562500000e+03 2.004838361953671257e-14
3.850336669921875000e+03 1.128861087821684705e-14
4.838769042968750000e+03 6.269046023546501203e-15
6.120835937500000000e+03 3.377561186077842137e-15
7.692401855468750000e+03 1.776665249268230736e-15
9.718894531250000000e+03 8.978494764235615093e-16
1.224167187500000000e+04 4.385258565747973110e-16
1.542616113281250000e+04 2.014351641071259190e-16
1.943778906250000000e+04 8.681955617010197815e-17
2.448334375000000000e+04 2.090380019055341023e-20
3.085232226562500000e+04 1.569734753103595201e-20
3.891693750000000000e+04 1.119543699123016876e-20
4.921482812500000000e+04 7.477694315580674359e-21
6.162192968750000000e+04 4.741559935665821832e-21
7.775115625000000000e+04 2.673113144599936042e-21
9.801609375000000000e+04 1.300475882008428199e-21
1.236574296875000000e+05 5.184463889576635986e-22
1.559158906250000000e+05 1.604305851681743608e-22
1.964457500000000000e+05 3.742267652006640799e-23
2.473148593750000000e+05 6.494449193054515170e-24
3.118317812500000000e+05 8.363955338251824655e-25
3.928915000000000000e+05 8.873850908526249642e-26
4.962840000000000000e+05 8.483372104949805473e-27
6.244907500000000000e+05 9.027784156751107004e-28
7.857830000000000000e+05 1.166201389014109911e-28
9.925680000000000000e+05 1.752250119212331446e-29
1.248981500000000000e+06 2.716901203423221755e-30
1.571566000000000000e+06 3.278577994933031371e-31
1.981000250000000000e+06 2.365027552345732392e-32
2.497963000000000000e+06 7.971746006752321539e-34
3.147267500000000000e+06 9.317689183400317512e-36
3.970272000000000000e+06 1.852805737492409900e-38
5.004197000000000000e+06 1.246249769318157018e-42
6.286264000000000000e+06 1.135071823535960441e-49
7.940544000000000000e+06 1.633728866148679044e-62
1.000839400000000000e+07 9.999999999999999821e-201
