1.211760009765625000e+03 7.771676918558383539e-14
1.526073364257812500e+03 3.886547258247685952e-14
1.923100463867187500e+03 1.993326921811937919e-14
2.423520019531250000e+03 1.077323803614263136e-14
3.056282226562500000e+03 6.320672668228321479e-15
3.850336669921875000e+03 3.998049686035135007e-15
4.838769042968750000e+03 2.679159469764399621e-15
6.120835937500000000e+03 1.824376115107739255e-15
7.692401855468750000e+03 1.276610460566907363e-15
9.718894531250000000e+03 8.854439568874847341e-16
1.224167187500000000e+04 6.117251444656837707e-16
1.542616113281250000e+04 4.183653408378769088e-16
1.943778906250000000e+04 2.815973430560698918e-16
2.448334375000000000e+04 1.842759245448234147e-16
3.085232226562500000e+04 1.158209696208869084e-16
3.891693750000000000e+04 6.896389186597783952e-17
4.921482812500000000e+04 3.847938188919498397e-17
6.162192968750000000e+04 2.037487293309981912e-17
7.775115625000000000e+04 9.577464207924904345e-18
9.801609375000000000e+04 3.897884115011637473e-18
1.236574296875000000e+05 1.281634229685844092e-18
1.559158906250000000e+05 3.301885299391495330e-19
1.964457500000000000e+05 6.454553381442644833e-20
2.473148593750000000e+05 9.477241819180530022e-21
3.118317812500000000e+05 1.049188743844310059e-21
3.928915000000000000e+05 9.630535869718413483e-23
4.962840000000000000e+05 8.114529839517205126e-24
6.244907500000000000e+05 7.763894374805951909e-25
7.857830000000000000e+05 9.138654159525772356e-26
9.925680000000000000e+05 1.283338115479454316e-26
1.248981500000000000e+06 1.901830842396255091e-27
1.571566000000000000e+06 2.273792457325859138e-28
1.981000250000000000e+06 1.640318063211389698e-29
2.497963000000000000e+06 5.514053561982830940e-31
3.147267500000000000e+06 6.407439805907828395e-33
3.970272000000000000e+06 1.256798297459886732e-35
5.004197000000000000e+06 8.308331795454378984e-40
6.286264000000000000e+06 7.352980995232951200e-47
7.940544000000000000e+06 1.034694948560829991e-59
1.000839400000000000e+07 9.999999999999999821e-201
