1.211760009765625000e+03 1.731190852050665571e-17
1.526073364257812500e+03 9.444394600824243711e-18
1.923100463867187500e+03 4.975175394302576438e-18
2.423520019531250000e+03 2.489886190711835081e-18
3.056282226562500000e+03 1.183151247132393643e-18
3.850336669921875000e+03 5.186738619854507148e-19
4.838769042968750000e+03 2.111452350464848594e-19
6.120835937500000000e+03 7.476195637897196240e-20
7.692401855468750000e+03 4.334809842616804551e-24
9.718894531250000000e+03 2.845269667226691081e-24
1.224167187500000000e+04 1.703738427427973157e-24
1.542616113281250000e+04 9.095209490529039409e-25
1.943778906250000000e+04 4.329979168468600060e-25
2.448334375000000000e+04 1.830279151916996162e-25
3.085232226562500000e+04 6.793410127403066102e-26
3.891693750000000000e+04 2.152102529973229561e-26
4.921482812500000000e+04 5.540836338717612750e-27
6.162192968750000000e+04 1.204040037486089773e-27
7.775115625000000000e+04 1.871325056926576908e-28
9.801609375000000000e+04 2.095561129179972438e-29
1.236574296875000000e+05 1.621720073166005295e-30
1.559158906250000000e+05 8.734753498656666217e-32
1.964457500000000000e+05 3.419256532496821990e-33
2.473148593750000000e+05 1.059673685038975822e-34
3.118317812500000000e+05 2.760796059669812241e-36
3.928915000000000000e+05 6.375084400152085954e-38
4.962840000000000000e+05 1.070076107878018210e-39
6.244907500000000000e+05 1.146012785929754459e-41
7.857830000000000000e+05 5.212546977980326553e-44
9.925680000000000000e+05 5.834014402137725908e-47
1.248981500000000000e+06 9.938861029064103082e-51
1.571566000000000000e+06 6.059275641894844834e-56
1.981000250000000000e+06 5.179719889293106776e-64
2.497963000000000000e+06 1.034676235120240417e-77
3.147267500000000000e+06 8.320102174634468266e-102
3.970272000000000000e+06 1.064433754731453583e-143
5.004197000000000000e+06 9.999999999999999821e-201
6.286264000000000000e+06 9.999999999999999821e-201
7.940544000000000000e+06 9.999999999999999821e-201
1.000839400000000000e+07 9.999999999999999821e-201
