1.211760009765625000e+03 3.300471768298030192e-11
1.526073364257812500e+03 2.284455657372146937e-11
1.923100463867187500e+03 1.592997799753032990e-11
2.423520019531250000e+03 1.126673501297105559e-11
3.056282226562500000e+03 7.936972949513140739e-12
3.850336669921875000e+03 5.576718967211987404e-12
4.838769042968750000e+03 3.872532695175705158e-12
6.120835937500000000e+03 2.617847683932456529e-12
7.692401855468750000e+03 1.684982535597822255e-12
9.718894531250000000e+03 9.988457228407624297e-13
1.224167187500000000e+04 5.376241259883826281e-13
1.542616113281250000e+04 2.582004969112272539e-13
1.943778906250000000e+04 1.102377349523383145e-13
2.448334375000000000e+04 4.179137396877141677e-14
3.085232226562500000e+04 1.379393641722695840e-14
3.891693750000000000e+04 3.867968060627560121e-15
4.921482812500000000e+04 8.772990869636217617e-16
6.162192968750000000e+04 1.667132359596124470e-16
7.775115625000000000e+04 2.274944186851917355e-17
9.801609375000000000e+04 2.219955168811660545e-18
1.236574296875000000e+05 1.478050912321767868e-19
1.559158906250000000e+05 6.806119926153273981e-21
1.964457500000000000e+05 2.286130821146130958e-22
2.473148593750000000e+05 6.134952913383545389e-24
3.118317812500000000e+05 1.397029331399182166e-25
3.928915000000000000e+05 2.798224068769044978e-27
4.962840000000000000e+05 4.067328118779069446e-29
6.244907500000000000e+05 3.742226936770617785e-31
7.857830000000000000e+05 1.468614426335727191e-33
9.925680000000000000e+05 1.403717170869686277e-36
1.248981500000000000e+06 2.039740106618384444e-40
1.571566000000000000e+06 1.054232079586434194e-45
1.981000250000000000e+06 7.701425624870013122e-54
2.497963000000000000e+06 1.312560709695390629e-67
3.147267500000000000e+06 8.972050479363291024e-92
3.970272000000000000e+06 9.809487543603592521e-134
5.004197000000000000e+06 9.999999999999999821e-201
6.286264000000000000e+06 9.999999999999999821e-201
7.940544000000000000e+06 9.999999999999999821e-201
1.000839400000000000e+07 9.999999999999999821e-201
