1.211760009765625000e+03 6.912308797756253375e-11
1.526073364257812500e+03 4.034888756654086650e-11
1.923100463867187500e+03 2.330779904638368507e-11
2.423520019531250000e+03 1.338870622988823721e-11
3.056282226562500000e+03 7.555179048741667629e-12
3.850336669921875000e+03 4.272365763103492353e-12
4.838769042968750000e+03 2.357611219236477706e-12
6.120835937500000000e+03 1.278880580579294082e-12
7.692401855468750000e+03 6.853812840291756859e-13
9.718894531250000000e+03 3.537941789470945813e-13
1.224167187500000000e+04 1.773917444208876897e-13
1.542616113281250000e+04 8.411477246228833704e-14
1.943778906250000000e+04 3.710146388564904170e-14
2.448334375000000000e+04 1.469829164084142247e-14
3.085232226562500000e+04 8.197476864217127643e-17
3.891693750000000000e+04 5.318383014920241801e-17
4.921482812500000000e+04 3.141514309720943492e-17
6.162192968750000000e+04 1.691839137464789554e-17
7.775115625000000000e+04 7.540313211501923754e-18
9.801609375000000000e+04 2.690189848434781489e-18
1.236574296875000000e+05 7.171597285804476557e-19
1.559158906250000000e+05 1.369078517166200657e-19
1.964457500000000000e+05 1.836667852481656655e-20
2.473148593750000000e+05 1.745862258957055747e-21
3.118317812500000000e+05 1.243095715583079676e-22
3.928915000000000000e+05 7.758344082525637022e-24
4.962840000000000000e+05 4.878999784826440462e-25
6.244907500000000000e+05 3.887313959116756456e-26
7.857830000000000000e+05 3.786171168230175927e-27
9.925680000000000000e+05 3.446721313869100327e-28
1.248981500000000000e+06 2.290355388975080985e-29
1.571566000000000000e+06 7.575898955386689127e-31
1.981000250000000000e+06 8.364983359001835039e-33
2.497963000000000000e+06 1.939778441351145733e-35
3.147267500000000000e+06 3.830557732750007702e-39
3.970272000000000000e+06 5.698679669017619812e-45
5.004197000000000000e+06 4.401329228748655101e-55
6.286264000000000000e+06 5.179563968633093635e-73
7.940544000000000000e+06 5.199978905644919607e-105
1.000839400000000000e+07 9.999999999999999821e-201
