1.211760009765625000e+03 2.727559687763278501e-09
1.526073364257812500e+03 1.582309316334935751e-09
1.923100463867187500e+03 9.103382792526961571e-10
2.423520019531250000e+03 5.174890640482384500e-10
3.056282226562500000e+03 2.913435058011492382e-10
3.850336669921875000e+03 1.626634671273348410e-10
4.838769042968750000e+03 8.950190739694037238e-11
6.120835937500000000e+03 4.829683888122188674e-11
7.692401855468750000e+03 2.565284234509200554e-11
9.718894531250000000e+03 1.330204314731215772e-11
1.224167187500000000e+04 6.719016072928143126e-12
1.542616113281250000e+04 3.257569871028353430e-12
1.943778906250000000e+04 1.514917996086992858e-12
2.448334375000000000e+04 6.676512135161868192e-13
3.085232226562500000e+04 1.320888984598549204e-13
3.891693750000000000e+04 7.844101589573485146e-14
4.921482812500000000e+04 4.196413948778529790e-14
6.162192968750000000e+04 2.021807763566078243e-14
7.775115625000000000e+04 7.953481058707508030e-15
9.801609375000000000e+04 2.475689661184167254e-15
1.236574296875000000e+05 5.681395252390559995e-16
1.559158906250000000e+05 9.258832279553469377e-17
1.964457500000000000e+05 1.047017661128077902e-17
2.473148593750000000e+05 8.337611428993629018e-19
3.118317812500000000e+05 5.085391563748961999e-20
3.928915000000000000e+05 2.646659185343192907e-21
4.962840000000000000e+05 1.397168120200298531e-22
6.244907500000000000e+05 9.349784875645135496e-24
7.857830000000000000e+05 7.694476890274231182e-25
9.925680000000000000e+05 5.950617514975802283e-26
1.248981500000000000e+06 3.382678728332427467e-27
1.571566000000000000e+06 9.654651717535474860e-29
1.981000250000000000e+06 9.252178563744454891e-31
2.497963000000000000e+06 1.912151891830376964e-33
3.147267500000000000e+06 3.468132328632467366e-37
3.970272000000000000e+06 4.807131475556089538e-43
5.004197000000000000e+06 3.477593464690294450e-53
6.286264000000000000e+06 3.908216449059514896e-71
7.940544000000000000e+06 3.769112226910411159e-103
1.000839400000000000e+07 9.999999999999999821e-201
