1.211760009765625000e+03 6.339396717221501446e-13
1.526073364257812500e+03 4.301903453785606562e-13
1.923100463867187500e+03 2.903665201064634300e-13
2.423520019531250000e+03 1.955373840086003350e-13
3.056282226562500000e+03 1.313514788866198198e-13
3.850336669921875000e+03 8.780032146279570189e-14
4.838769042968750000e+03 5.863672911002599487e-14
6.120835937500000000e+03 3.895729482528420364e-14
7.692401855468750000e+03 2.569941749501206194e-14
9.718894531250000000e+03 1.692112090289521947e-14
1.224167187500000000e+04 1.104949030868745334e-14
1.542616113281250000e+04 7.185490368837586503e-15
1.943778906250000000e+04 4.639523304943560452e-15
2.448334375000000000e+04 2.973423794674895249e-15
3.085232226562500000e+04 1.874086552457595845e-15
3.891693750000000000e+04 1.152122660402017508e-15
4.921482812500000000e+04 6.858314821638149671e-16
6.162192968750000000e+04 4.006338333941395346e-16
7.775115625000000000e+04 2.193337588751150603e-16
9.801609375000000000e+04 1.121079356629506569e-16
1.236574296875000000e+05 5.179205274143743098e-17
1.559158906250000000e+05 2.068364934826169542e-17
1.964457500000000000e+05 6.916087135827744601e-18
2.473148593750000000e+05 1.892186886811488268e-18
3.118317812500000000e+05 4.162904560922788850e-19
3.928915000000000000e+05 7.632369830623147365e-20
4.962840000000000000e+05 1.213702129249013698e-20
6.244907500000000000e+05 1.949365088412201550e-21
7.857830000000000000e+05 3.404462416177805269e-22
9.925680000000000000e+05 6.849776130343386925e-23
1.248981500000000000e+06 1.666094125498913265e-23
1.571566000000000000e+06 4.220473776149387258e-24
1.981000250000000000e+06 9.370514982897693572e-25
2.497963000000000000e+06 1.543277273437290126e-25
3.147267500000000000e+06 1.589726592755484291e-26
3.970272000000000000e+06 8.411938032258234450e-28
5.004197000000000000e+06 1.602834889920184976e-29
6.286264000000000000e+06 4.703298094444425268e-32
7.940544000000000000e+06 2.353687275156550825e-36
1.000839400000000000e+07 9.999999999999999821e-201
