1.211760009765625000e+03 1.345097928212027548e-11
1.526073364257812500e+03 7.733536783586999844e-12
1.923100463867187500e+03 4.371193289170274310e-12
2.423520019531250000e+03 2.422421731826290514e-12
3.056282226562500000e+03 1.323390839910304903e-12
3.850336669921875000e+03 7.055355928029057864e-13
4.838769042968750000e+03 3.680137097489749331e-13
6.120835937500000000e+03 1.833790596866255378e-13
7.692401855468750000e+03 8.916195260843114729e-14
9.718894531250000000e+03 4.101807527684139875e-14
1.224167187500000000e+04 1.796319828542441743e-14
1.542616113281250000e+04 5.121579792317499522e-16
1.943778906250000000e+04 3.800569298431581497e-16
2.448334375000000000e+04 2.688189923379738193e-16
3.085232226562500000e+04 1.787886247291076484e-16
3.891693750000000000e+04 1.103109093146333148e-16
4.921482812500000000e+04 6.228059830268390700e-17
6.162192968750000000e+04 3.243372702334573542e-17
7.775115625000000000e+04 1.431067277751060835e-17
9.801609375000000000e+04 5.134633313912700837e-18
1.236574296875000000e+05 1.417228001654941839e-18
1.559158906250000000e+05 2.857327892321409544e-19
1.964457500000000000e+05 4.110633866504388685e-20
2.473148593750000000e+05 4.220115785932464606e-21
3.118317812500000000e+05 3.194959105116036929e-22
3.928915000000000000e+05 2.056825798849117880e-23
4.962840000000000000e+05 1.287037667691881682e-24
6.244907500000000000e+05 9.713510106448091993e-26
7.857830000000000000e+05 9.234058626229546807e-27
9.925680000000000000e+05 9.384293175539157464e-28
1.248981500000000000e+06 8.196012552956499686e-29
1.571566000000000000e+06 4.357172681102270013e-30
1.981000250000000000e+06 9.939074231567595933e-32
2.497963000000000000e+06 6.887142045757527844e-34
3.147267500000000000e+06 8.046819156498835453e-37
3.970272000000000000e+06 3.131463417931850125e-41
5.004197000000000000e+06 1.234404166633218976e-48
6.286264000000000000e+06 1.069407534271645903e-61
7.940544000000000000e+06 2.037006232429611122e-85
1.000839400000000000e+07 9.999999999999999821e-201
