1.211760009765625000e+03 8.942410300520702110e-11
1.526073364257812500e+03 5.102947545180166700e-11
1.923100463867187500e+03 2.872274225917989548e-11
2.423520019531250000e+03 1.587962831916977144e-11
3.056282226562500000e+03 8.690924918813942214e-12
3.850336669921875000e+03 4.625177775041272007e-12
4.838769042968750000e+03 2.426395476141546862e-12
6.120835937500000000e+03 1.224991836885119517e-12
7.692401855468750000e+03 6.094366431037820672e-13
9.718894531250000000e+03 2.909961566809881345e-13
1.224167187500000000e+04 1.368624631270431852e-13
1.542616113281250000e+04 2.088688965581996622e-14
1.943778906250000000e+04 1.540574935501902736e-14
2.448334375000000000e+04 1.080599117715023611e-14
3.085232226562500000e+04 7.129381110065656590e-15
3.891693750000000000e+04 4.349950890184887154e-15
4.921482812500000000e+04 2.427642810870278083e-15
6.162192968750000000e+04 1.245584529076120414e-15
7.775115625000000000e+04 5.414849159058067513e-16
9.801609375000000000e+04 1.910205845949665803e-16
1.236574296875000000e+05 5.191825352597312447e-17
1.559158906250000000e+05 1.020777734022630157e-17
1.964457500000000000e+05 1.431754677231613717e-18
2.473148593750000000e+05 1.431529472482973543e-19
3.118317812500000000e+05 1.050296901222053400e-20
3.928915000000000000e+05 6.522673594980421294e-22
4.962840000000000000e+05 3.893023027894452087e-23
6.244907500000000000e+05 2.821019412995223624e-24
7.857830000000000000e+05 2.552308251317683542e-25
9.925680000000000000e+05 2.447398718537621202e-26
1.248981500000000000e+06 2.022845651367986868e-27
1.571566000000000000e+06 1.006698413408519162e-28
1.981000250000000000e+06 2.136370404223070696e-30
2.497963000000000000e+06 1.377428409151505945e-32
3.147267500000000000e+06 1.490883058443342184e-35
3.970272000000000000e+06 5.346400957444623120e-40
5.004197000000000000e+06 1.945528306106703388e-47
6.286264000000000000e+06 1.590081173406820508e-60
7.940544000000000000e+06 2.796841890558115755e-84
1.000839400000000000e+07 9.999999999999999821e-201
