1.211760009765625000e+03 1.194397141810495246e-10
1.526073364257812500e+03 6.734704027650571138e-11
1.923100463867187500e+03 3.766917015073017270e-11
2.423520019531250000e+03 2.073659851641459980e-11
3.056282226562500000e+03 1.130588600326258059e-11
3.850336669921875000e+03 6.030655277155040737e-12
4.838769042968750000e+03 3.171801781770853068e-12
6.120835937500000000e+03 1.598734467350512740e-12
7.692401855468750000e+03 7.804276501865484073e-13
9.718894531250000000e+03 3.562146000620619049e-13
1.224167187500000000e+04 1.491862321184448929e-13
1.542616113281250000e+04 5.586248082945853647e-14
1.943778906250000000e+04 5.134803932367831303e-15
2.448334375000000000e+04 2.847304609619618665e-15
3.085232226562500000e+04 1.416403938575493891e-15
3.891693750000000000e+04 6.129844332092044367e-16
4.921482812500000000e+04 2.187408705818008888e-16
6.162192968750000000e+04 6.641951440856575166e-17
7.775115625000000000e+04 1.464458925912446069e-17
9.801609375000000000e+04 2.340044569676079085e-18
1.236574296875000000e+05 2.540788537967512930e-19
1.559158906250000000e+05 1.855235614254907803e-20
1.964457500000000000e+05 9.381090707073383223e-22
2.473148593750000000e+05 3.629575693034653868e-23
3.118317812500000000e+05 1.181420789599977106e-24
3.928915000000000000e+05 3.903380717677274448e-26
4.962840000000000000e+05 1.286930597804178940e-27
6.244907500000000000e+05 3.716384610022054086e-29
7.857830000000000000e+05 6.315502637508967161e-31
9.925680000000000000e+05 3.992861780461969736e-33
1.248981500000000000e+06 6.798001291414981443e-36
1.571566000000000000e+06 1.557401620380818719e-39
1.981000250000000000e+06 1.165605009472696284e-44
2.497963000000000000e+06 1.216689170184129326e-52
3.147267500000000000e+06 2.125713136675934804e-66
3.970272000000000000e+06 2.412450335155507234e-91
5.004197000000000000e+06 6.020748307769220452e-135
6.286264000000000000e+06 9.999999999999999821e-201
7.940544000000000000e+06 9.999999999999999821e-201
1.000839400000000000e+07 9.999999999999999821e-201
