1.211760009765625000e+03 1.419825590890473530e-15
1.526073364257812500e+03 9.236730634105189550e-16
1.923100463867187500e+03 6.003523992772622489e-16
2.423520019531250000e+03 3.885777019292105854e-16
3.056282226562500000e+03 2.503093538713593347e-16
3.850336669921875000e+03 1.609480077214754070e-16
4.838769042968750000e+03 1.035499993460484488e-16
6.120835937500000000e+03 6.575834429927949483e-17
7.692401855468750000e+03 4.150803923786299389e-17
9.718894531250000000e+03 2.509366008534363373e-17
1.224167187500000000e+04 1.440418792867743586e-17
1.542616113281250000e+04 7.556277600119993365e-18
1.943778906250000000e+04 3.582328055940994886e-18
2.448334375000000000e+04 1.533661801090567826e-18
3.085232226562500000e+04 5.873910451151312120e-19
3.891693750000000000e+04 1.966842138210828629e-19
4.921482812500000000e+04 5.484146112443723145e-20
6.162192968750000000e+04 1.300126665018733933e-20
7.775115625000000000e+04 2.259450914264916692e-21
9.801609375000000000e+04 2.848749910910009349e-22
1.236574296875000000e+05 2.464944103998333738e-23
1.559158906250000000e+05 1.463896851873013367e-24
1.964457500000000000e+05 6.042985930473103064e-26
2.473148593750000000e+05 1.932503814940072603e-27
3.118317812500000000e+05 5.309889234538433871e-29
3.928915000000000000e+05 1.505399389411372176e-30
4.962840000000000000e+05 4.352601489244492899e-32
6.244907500000000000e+05 1.133407826491477130e-33
7.857830000000000000e+05 1.768340738502510963e-35
9.925680000000000000e+05 1.057235895597899265e-37
1.248981500000000000e+06 1.760447920638845267e-40
1.571566000000000000e+06 4.125215023740413868e-44
1.981000250000000000e+06 3.409175554021645419e-49
2.497963000000000000e+06 4.050756011310142459e-57
3.147267500000000000e+06 8.002201962390103422e-71
3.970272000000000000e+06 1.012633474015891970e-95
5.004197000000000000e+06 2.796830371540086357e-139
6.286264000000000000e+06 9.999999999999999821e-201
7.940544000000000000e+06 9.999999999999999821e-201
1.000839400000000000e+07 9.999999999999999821e-201
