1.211760009765625000e+03 2.690195856424055501e-13
1.526073364257812500e+03 1.799876847330989268e-13
1.923100463867187500e+03 1.200704799359159458e-13
2.423520019531250000e+03 8.033216914968493457e-14
3.056282226562500000e+03 5.283429921509106966e-14
3.850336669921875000e+03 3.506848014165669134e-14
4.838769042968750000e+03 2.311105346094738574e-14
6.120835937500000000e+03 1.502804109542338179e-14
7.692401855468750000e+03 9.737100798479181339e-15
9.718894531250000000e+03 6.150197348622923493e-15
1.224167187500000000e+04 3.724661807337616268e-15
1.542616113281250000e+04 2.112012875316955292e-15
1.943778906250000000e+04 1.090808480682395988e-15
2.448334375000000000e+04 5.113114967176013904e-16
3.085232226562500000e+04 2.173309421210226928e-16
3.891693750000000000e+04 8.228893723260993465e-17
4.921482812500000000e+04 2.645185518074305778e-17
6.162192968750000000e+04 7.315816563924731435e-18
7.775115625000000000e+04 1.519810283806470965e-18
9.801609375000000000e+04 2.325519291349004574e-19
1.236574296875000000e+05 2.457212861939851802e-20
1.559158906250000000e+05 1.770439721599881186e-21
1.964457500000000000e+05 8.744433958179150625e-23
2.473148593750000000e+05 3.193764456159137906e-24
3.118317812500000000e+05 9.618337110315030099e-26
3.928915000000000000e+05 2.934780466438359670e-27
4.962840000000000000e+05 9.867159714592230359e-29
6.244907500000000000e+05 3.717427289678944160e-30
7.857830000000000000e+05 1.077875460907126733e-31
9.925680000000000000e+05 1.557530161199937968e-33
1.248981500000000000e+06 8.497477263556438593e-36
1.571566000000000000e+06 1.031401671473226202e-38
1.981000250000000000e+06 1.201405627037093506e-42
2.497963000000000000e+06 2.150526021904475375e-48
3.147267500000000000e+06 7.698469139533213589e-58
3.970272000000000000e+06 7.323119709013250313e-75
5.004197000000000000e+06 1.947109917579370846e-105
6.286264000000000000e+06 1.028875484002574481e-156
7.940544000000000000e+06 9.999999999999999821e-201
1.000839400000000000e+07 9.999999999999999821e-201
