1.211760009765625000e+03 1.108460329730282103e-12
1.526073364257812500e+03 7.436853786774199224e-13
1.923100463867187500e+03 5.014708279676489382e-13
2.423520019531250000e+03 3.381423864207668687e-13
3.056282226562500000e+03 2.281256657698324190e-13
3.850336669921875000e+03 1.535960247545186783e-13
4.838769042968750000e+03 1.030964783770024961e-13
6.120835937500000000e+03 6.851018734678306542e-14
7.692401855468750000e+03 4.538807941920575417e-14
9.718894531250000000e+03 2.925093860930414405e-14
1.224167187500000000e+04 1.806236599341434700e-14
1.542616113281250000e+04 1.048125792601324590e-14
1.943778906250000000e+04 5.555987121232764284e-15
2.448334375000000000e+04 2.649796638871803870e-15
3.085232226562500000e+04 1.141389910843000440e-15
3.891693750000000000e+04 4.345163508077066688e-16
4.921482812500000000e+04 1.402797551796837328e-16
6.162192968750000000e+04 3.885486794193711471e-17
7.775115625000000000e+04 8.101712407839945650e-18
9.801609375000000000e+04 1.241442629216385837e-18
1.236574296875000000e+05 1.320651863909040849e-19
1.559158906250000000e+05 9.452347666168859377e-21
1.964457500000000000e+05 4.683130186491501243e-22
2.473148593750000000e+05 1.714300038967772301e-23
3.118317812500000000e+05 5.176928503493089416e-25
3.928915000000000000e+05 1.577299882750708436e-26
4.962840000000000000e+05 5.275337609400109150e-28
6.244907500000000000e+05 1.980227611935514800e-29
7.857830000000000000e+05 5.712739942807770390e-31
9.925680000000000000e+05 8.186088754213627571e-33
1.248981500000000000e+06 4.409801926316217700e-35
1.571566000000000000e+06 5.261094764579026873e-38
1.981000250000000000e+06 6.085448868020786664e-42
2.497963000000000000e+06 1.075263010952237809e-47
3.147267500000000000e+06 3.797911442169718119e-57
3.970272000000000000e+06 3.577062319402625624e-74
5.004197000000000000e+06 9.343952062573630725e-105
6.286264000000000000e+06 4.851607973345473266e-156
7.940544000000000000e+06 9.999999999999999821e-201
1.000839400000000000e+07 9.999999999999999821e-201
