1.211760009765625000e+03 2.715105077316870730e-11
1.526073364257812500e+03 1.691093081832962825e-11
1.923100463867187500e+03 1.067293153995780878e-11
2.423520019531250000e+03 6.912194124974356808e-12
3.056282226562500000e+03 4.591450560325984881e-12
3.850336669921875000e+03 3.097510908498508857e-12
4.838769042968750000e+03 2.117547595806103243e-12
6.120835937500000000e+03 1.429870539812597016e-12
7.692401855468750000e+03 9.770444553641208585e-13
9.718894531250000000e+03 6.382022216818578881e-13
1.224167187500000000e+04 3.911716282124638172e-13
1.542616113281250000e+04 2.191735008553901675e-13
1.943778906250000000e+04 1.101596471081898890e-13
2.448334375000000000e+04 4.949353242877232631e-14
3.085232226562500000e+04 1.982555142579270208e-14
3.891693750000000000e+04 6.893569830560843566e-15
4.921482812500000000e+04 1.973795123293381804e-15
6.162192968750000000e+04 4.729798348464916874e-16
7.775115625000000000e+04 8.234523388352735934e-17
9.801609375000000000e+04 1.023871721359141965e-17
1.236574296875000000e+05 8.602331904687818454e-19
1.559158906250000000e+05 4.879061181880563863e-20
1.964457500000000000e+05 1.950128157576459601e-21
2.473148593750000000e+05 5.956883586960558463e-23
3.118317812500000000e+05 1.556676822902223946e-24
3.928915000000000000e+05 4.197592345522994499e-26
4.962840000000000000e+05 1.146420224747414959e-27
6.244907500000000000e+05 2.784321569356930847e-29
7.857830000000000000e+05 4.072441814415548875e-31
9.925680000000000000e+05 2.254244022483286876e-33
1.248981500000000000e+06 3.482763014627553386e-36
1.571566000000000000e+06 7.464076438570026360e-40
1.981000250000000000e+06 5.591201187166608810e-45
2.497963000000000000e+06 5.711499129431846845e-53
3.147267500000000000e+06 8.842202154483382464e-67
3.970272000000000000e+06 7.541754555275525223e-92
5.004197000000000000e+06 1.143404149636894118e-135
6.286264000000000000e+06 9.999999999999999821e-201
7.940544000000000000e+06 9.999999999999999821e-201
1.000839400000000000e+07 9.999999999999999821e-201
