1.211760009765625000e+03 3.923202290618414881e-11
1.526073364257812500e+03 2.175675309960536774e-11
1.923100463867187500e+03 1.192857054465872338e-11
2.423520019531250000e+03 6.414017971823051914e-12
3.056282226562500000e+03 3.421371223984847734e-12
3.850336669921875000e+03 1.789585948399265096e-12
4.838769042968750000e+03 9.359498184106271027e-13
6.120835937500000000e+03 4.864004058507808054e-13
7.692401855468750000e+03 2.600353149305683378e-13
9.718894531250000000e+03 9.378547320877867575e-14
1.224167187500000000e+04 6.221784952670685238e-14
1.542616113281250000e+04 3.758220459452855222e-14
1.943778906250000000e+04 2.031567405002487110e-14
2.448334375000000000e+04 9.834429170911907521e-15
3.085232226562500000e+04 4.223255486015215808e-15
3.891693750000000000e+04 1.570686796836648121e-15
4.921482812500000000e+04 4.826545887428348017e-16
6.162192968750000000e+04 1.242731330773135050e-16
7.775115625000000000e+04 2.330719213411559792e-17
9.801609375000000000e+04 3.119738794416834843e-18
1.236574296875000000e+05 2.848944329724567601e-19
1.559158906250000000e+05 1.748565279055462082e-20
1.964457500000000000e+05 7.383170028489861442e-22
2.473148593750000000e+05 2.370079214386434559e-23
3.118317812500000000e+05 6.421291894471673664e-25
3.928915000000000000e+05 1.768310885844042696e-26
4.962840000000000000e+05 4.932081254668734839e-28
6.244907500000000000e+05 1.246966101613840241e-29
7.857830000000000000e+05 1.857605038154460495e-31
9.925680000000000000e+05 1.046273596933171286e-33
1.248981500000000000e+06 1.628828800133739922e-36
1.571566000000000000e+06 3.545436308320762684e-40
1.981000250000000000e+06 2.668362595175742218e-45
2.497963000000000000e+06 2.730640536166463640e-53
3.147267500000000000e+06 4.235340527777755777e-67
3.970272000000000000e+06 3.600179129267328806e-92
5.004197000000000000e+06 5.425972419185986999e-136
6.286264000000000000e+06 9.999999999999999821e-201
7.940544000000000000e+06 9.999999999999999821e-201
1.000839400000000000e+07 9.999999999999999821e-201
