1.211760009765625000e+03 9.042047184091964286e-15
1.526073364257812500e+03 5.439188274901342149e-15
1.923100463867187500e+03 3.201879464957758838e-15
2.423520019531250000e+03 1.849509651291538078e-15
3.056282226562500000e+03 1.036985359631209067e-15
3.850336669921875000e+03 5.644290849028785517e-16
4.838769042968750000e+03 2.981574695255270452e-16
6.120835937500000000e+03 1.488807249561920720e-16
7.692401855468750000e+03 7.153711438493474341e-17
9.718894531250000000e+03 3.174417147385692023e-17
1.224167187500000000e+04 1.321341266641945414e-17
1.542616113281250000e+04 4.900425065295225708e-18
1.943778906250000000e+04 6.684769060914729423e-22
2.448334375000000000e+04 4.798807473388059430e-22
3.085232226562500000e+04 3.250322513397216530e-22
3.891693750000000000e+04 2.050821585147154879e-22
4.921482812500000000e+04 1.188932072025073919e-22
6.162192968750000000e+04 6.382626644231990633e-23
7.775115625000000000e+04 2.923544740417335052e-23
9.801609375000000000e+04 1.105282707369584035e-23
1.236574296875000000e+05 3.234627646442591402e-24
1.559158906250000000e+05 7.019532811624801440e-25
1.964457500000000000e+05 1.097076726872489436e-25
2.473148593750000000e+05 1.234042305629150922e-26
3.118317812500000000e+05 1.024582145734993165e-27
3.928915000000000000e+05 7.199831405389649968e-29
4.962840000000000000e+05 4.819490505887784652e-30
6.244907500000000000e+05 3.876761293227093152e-31
7.857830000000000000e+05 3.880038514940310486e-32
9.925680000000000000e+05 4.230698589728139655e-33
1.248981500000000000e+06 4.182846264966354406e-34
1.571566000000000000e+06 2.663741097177276556e-35
1.981000250000000000e+06 7.802878322883264063e-37
2.497963000000000000e+06 7.608618529856434028e-39
3.147267500000000000e+06 1.474944973578332477e-41
3.970272000000000000e+06 1.365401537179897509e-45
5.004197000000000000e+06 2.803172823471895580e-52
6.286264000000000000e+06 5.057811804379818764e-64
7.940544000000000000e+06 2.165310916128100048e-85
1.000839400000000000e+07 9.999999999999999821e-201
