1.211760009765625000e+03 1.307734096872804906e-11
1.526073364257812500e+03 7.288512288367799015e-12
1.923100463867187500e+03 4.088674512850471705e-12
2.423520019531250000e+03 2.335239458701437333e-12
3.056282226562500000e+03 1.377709120652892537e-12
3.850336669921875000e+03 8.466443950027475966e-13
4.838769042968750000e+03 5.489155701532048910e-13
6.120835937500000000e+03 3.672904225719849229e-13
7.692401855468750000e+03 2.548262288582086028e-13
9.718894531250000000e+03 1.765934024856054700e-13
1.224167187500000000e+04 1.261509773179631911e-13
1.542616113281250000e+04 8.880956305072495416e-14
1.943778906250000000e+04 6.071285113343375085e-14
2.448334375000000000e+04 3.993260969136769106e-14
3.085232226562500000e+04 2.489784753242306923e-14
3.891693750000000000e+04 1.452404155785989506e-14
4.921482812500000000e+04 7.847056375383326462e-15
6.162192968750000000e+04 3.944761327953553986e-15
7.775115625000000000e+04 1.710658936212354244e-15
9.801609375000000000e+04 6.180935712411139743e-16
1.236574296875000000e+05 1.754343542335437333e-16
1.559158906250000000e+05 3.731139269909980719e-17
1.964457500000000000e+05 5.743296060103761230e-18
2.473148593750000000e+05 6.372980039785854863e-19
3.118317812500000000e+05 5.202564614422559506e-20
3.928915000000000000e+05 3.581017519774895734e-21
4.962840000000000000e+05 2.346754581164717310e-22
6.244907500000000000e+05 1.839656526047461847e-23
7.857830000000000000e+05 1.817688131332829881e-24
9.925680000000000000e+05 2.008966791901987262e-25
1.248981500000000000e+06 2.064712431430919711e-26
1.571566000000000000e+06 1.431007530660853851e-27
1.981000250000000000e+06 4.823248324597075885e-29
2.497963000000000000e+06 5.735082813813777125e-31
3.147267500000000000e+06 1.536119832501160219e-33
3.970272000000000000e+06 2.680792327643124176e-37
5.004197000000000000e+06 2.096219935195119484e-43
6.286264000000000000e+06 4.890068416736759771e-54
7.940544000000000000e+06 2.207289360887989629e-73
1.000839400000000000e+07 9.999999999999999821e-201
