1.211760009765625000e+03 2.428649037049494856e-15
1.526073364257812500e+03 1.335073485657602322e-15
1.923100463867187500e+03 7.078664895568379053e-16
2.423520019531250000e+03 3.605609724235018487e-16
3.056282226562500000e+03 1.762874440536345521e-16
3.850336669921875000e+03 8.152646834462543133e-17
4.838769042968750000e+03 3.523657294381274593e-17
6.120835937500000000e+03 1.394324213818735571e-17
7.692401855468750000e+03 4.990066975295827801e-18
9.718894531250000000e+03 2.590455541971944645e-21
1.224167187500000000e+04 1.896204579272318085e-21
1.542616113281250000e+04 1.349590754842694834e-21
1.943778906250000000e+04 9.166563948963656499e-22
2.448334375000000000e+04 5.836224336791006933e-22
3.085232226562500000e+04 3.403612881904079573e-22
3.891693750000000000e+04 1.829568193335329399e-22
4.921482812500000000e+04 8.831626019091385723e-23
6.162192968750000000e+04 3.823917519523422719e-23
7.775115625000000000e+04 1.339704848448367658e-23
9.801609375000000000e+04 3.680016049036169198e-24
1.236574296875000000e+05 7.397201100835708738e-25
1.559158906250000000e+05 1.051103803606284242e-25
1.964457500000000000e+05 1.030879761328042530e-26
2.473148593750000000e+05 7.172863256841030553e-28
3.118317812500000000e+05 3.739100640751726335e-29
3.928915000000000000e+05 1.750532977850263321e-30
4.962840000000000000e+05 8.509317256903467216e-32
6.244907500000000000e+05 5.381132083668527352e-33
7.857830000000000000e+05 4.079111670414695057e-34
9.925680000000000000e+05 2.676994192433195080e-35
1.248981500000000000e+06 1.190760346342328990e-36
1.571566000000000000e+06 2.410105875455883007e-38
1.981000250000000000e+06 1.451635154999431503e-40
2.497963000000000000e+06 1.530408086333785640e-43
3.147267500000000000e+06 8.183917271841199966e-48
3.970272000000000000e+06 8.832684229956608971e-55
5.004197000000000000e+06 3.966891122467907574e-67
6.286264000000000000e+06 5.018481879151286106e-89
7.940544000000000000e+06 1.423484472194778367e-127
1.000839400000000000e+07 9.999999999999999821e-201
