1.211760009765625000e+03 4.159839889100160003e-11
1.526073364257812500e+03 2.333906241594030545e-11
1.923100463867187500e+03 1.294877724799093794e-11
2.423520019531250000e+03 7.036822704675650774e-12
3.056282226562500000e+03 3.752515841371850158e-12
3.850336669921875000e+03 1.950841834421553289e-12
4.838769042968750000e+03 9.929063518103729920e-13
6.120835937500000000e+03 4.853060022219972519e-13
7.692401855468750000e+03 2.275903422045623553e-13
9.718894531250000000e+03 1.013454932997860410e-13
1.224167187500000000e+04 7.480726263293052772e-15
1.542616113281250000e+04 5.265745030343961627e-15
1.943778906250000000e+04 3.365299075566282465e-15
2.448334375000000000e+04 1.944950606176798707e-15
3.085232226562500000e+04 1.007054768971886451e-15
3.891693750000000000e+04 4.585948340788596838e-16
4.921482812500000000e+04 1.749530825005427858e-16
6.162192968750000000e+04 5.668319769810022441e-17
7.775115625000000000e+04 1.349108425546395818e-17
9.801609375000000000e+04 2.327589911872741889e-18
1.236574296875000000e+05 2.738946881170850812e-19
1.559158906250000000e+05 2.161401529421091099e-20
1.964457500000000000e+05 1.164676882325874334e-21
2.473148593750000000e+05 4.670852304194821121e-23
3.118317812500000000e+05 1.551633394463028833e-24
3.928915000000000000e+05 5.173697567323317011e-26
4.962840000000000000e+05 1.802236151075659485e-27
6.244907500000000000e+05 6.126192218586486297e-29
7.857830000000000000e+05 1.350153409198608016e-30
9.925680000000000000e+05 1.214950164645549723e-32
1.248981500000000000e+06 3.276808688047721893e-35
1.571566000000000000e+06 1.550785895902659117e-38
1.981000250000000000e+06 4.463311357694131487e-43
2.497963000000000000e+06 6.564124423915670413e-50
3.147267500000000000e+06 1.968502239383719020e-61
3.970272000000000000e+06 2.602481054488423642e-82
5.004197000000000000e+06 2.388115909207315269e-119
6.286264000000000000e+06 4.107004564992608249e-180
7.940544000000000000e+06 9.999999999999999821e-201
1.000839400000000000e+07 9.999999999999999821e-201
