1.211760009765625000e+03 1.668917799818626780e-13
1.526073364257812500e+03 1.107616521434455255e-13
1.923100463867187500e+03 7.376879159461503418e-14
2.423520019531250000e+03 4.875979989768600595e-14
3.056282226562500000e+03 3.209697843693251581e-14
3.850336669921875000e+03 2.104639923808994758e-14
4.838769042968750000e+03 1.377850659409400641e-14
6.120835937500000000e+03 8.934032623082998644e-15
7.692401855468750000e+03 5.817453950174342178e-15
9.718894531250000000e+03 3.719434560073767706e-15
1.224167187500000000e+04 2.340157783752299876e-15
1.542616113281250000e+04 1.413143063295059541e-15
1.943778906250000000e+04 7.979830922633264809e-16
2.448334375000000000e+04 4.179831614506918967e-16
3.085232226562500000e+04 1.992267097857481251e-16
3.891693750000000000e+04 8.638937625267776220e-17
4.921482812500000000e+04 3.288433038973537510e-17
6.162192968750000000e+04 1.102271946944469273e-17
7.775115625000000000e+04 2.882179741050618613e-18
9.801609375000000000e+04 5.722076519248838446e-19
1.236574296875000000e+05 8.059955135542235461e-20
1.559158906250000000e+05 7.832758982623877965e-21
1.964457500000000000e+05 5.225334365924998529e-22
2.473148593750000000e+05 2.497959378236617258e-23
3.118317812500000000e+05 9.354681419723918539e-25
3.928915000000000000e+05 3.347287572964075106e-26
4.962840000000000000e+05 1.311212108138999262e-27
6.244907500000000000e+05 6.578465506356755961e-29
7.857830000000000000e+05 3.355054139276228992e-30
9.925680000000000000e+05 1.166887485571790821e-31
1.248981500000000000e+06 2.128735047223504657e-33
1.571566000000000000e+06 1.292767109071873884e-35
1.981000250000000000e+06 1.531244371531232880e-38
2.497963000000000000e+06 1.417375600602697277e-42
3.147267500000000000e+06 1.013654972104901863e-48
3.970272000000000000e+06 2.455569606344556422e-59
5.004197000000000000e+06 1.583019282031570578e-78
6.286264000000000000e+06 5.714969326798242612e-112
7.940544000000000000e+06 1.243233906341343163e-168
1.000839400000000000e+07 9.999999999999999821e-201
