1.211760009765625000e+03 7.983405296147313321e-12
1.526073364257812500e+03 4.371129486375259622e-12
1.923100463867187500e+03 2.377866367358335635e-12
2.423520019531250000e+03 1.295279486426396928e-12
3.056282226562500000e+03 7.110756751756864804e-13
3.850336669921875000e+03 4.037246924405337646e-13
4.838769042968750000e+03 2.370409923789025810e-13
6.120835937500000000e+03 1.454657935864120137e-13
7.692401855468750000e+03 9.414622304944715197e-14
9.718894531250000000e+03 6.066271588781759947e-14
1.224167187500000000e+04 4.243523403332401526e-14
1.542616113281250000e+04 2.936289881884225446e-14
1.943778906250000000e+04 2.006687366840655101e-14
2.448334375000000000e+04 1.344289451874896460e-14
3.085232226562500000e+04 8.736493722108727173e-15
3.891693750000000000e+04 5.428024159384168867e-15
4.921482812500000000e+04 3.189976274818971508e-15
6.162192968750000000e+04 1.781238358936845875e-15
7.775115625000000000e+04 9.112710219364215266e-16
9.801609375000000000e+04 4.090500152987589876e-16
1.236574296875000000e+05 1.542848459958675271e-16
1.559158906250000000e+05 4.668688862636864013e-17
1.964457500000000000e+05 1.090147433877456749e-17
2.473148593750000000e+05 1.942445210756943711e-18
3.118317812500000000e+05 2.638052359827350363e-19
3.928915000000000000e+05 2.937280097318325159e-20
4.962840000000000000e+05 2.924116608228211414e-21
6.244907500000000000e+05 3.176625920731702816e-22
7.857830000000000000e+05 4.105098211366250935e-23
9.925680000000000000e+05 6.416595377177183823e-24
1.248981500000000000e+06 1.136886426986015375e-24
1.571566000000000000e+06 1.783913790387236045e-25
1.981000250000000000e+06 1.931067949176000565e-26
2.497963000000000000e+06 1.137333670073615108e-27
3.147267500000000000e+06 2.904100962731262507e-29
3.970272000000000000e+06 2.005855831113061457e-31
5.004197000000000000e+06 1.336077427545406561e-34
6.286264000000000000e+06 9.116238926385768003e-40
7.940544000000000000e+06 4.322644787395370991e-49
1.000839400000000000e+07 9.999999999999999821e-201
