1.211760009765625000e+03 3.512200145886961135e-12
1.526073364257812500e+03 1.849324013466455870e-12
1.923100463867187500e+03 9.731202295459856528e-13
2.423520019531250000e+03 5.199799861375198994e-13
3.056282226562500000e+03 2.873930853835066036e-13
3.850336669921875000e+03 1.685451118840619284e-13
4.838769042968750000e+03 1.057299422751496907e-13
6.120835937500000000e+03 6.976426212707394310e-14
7.692401855468750000e+03 4.724807672642164310e-14
9.718894531250000000e+03 3.362786872032792289e-14
1.224167187500000000e+04 2.391005529310566681e-14
1.542616113281250000e+04 1.666508212327842568e-14
1.943778906250000000e+04 1.139294107308675267e-14
2.448334375000000000e+04 7.548432886533724419e-15
3.085232226562500000e+04 4.744808962937109082e-15
3.891693750000000000e+04 2.793557235628648071e-15
4.921482812500000000e+04 1.532014351991275657e-15
6.162192968750000000e+04 7.853258944683475211e-16
7.775115625000000000e+04 3.504978167724739909e-16
9.801609375000000000e+04 1.316797330944458401e-16
1.236574296875000000e+05 3.916547821060386147e-17
1.559158906250000000e+05 8.794949112635006861e-18
1.964457500000000000e+05 1.440342559533497691e-18
2.473148593750000000e+05 1.723722235140138000e-19
3.118317812500000000e+05 1.542265429743134912e-20
3.928915000000000000e+05 1.148991248146086505e-21
4.962840000000000000e+05 8.065799090916364966e-23
6.244907500000000000e+05 6.704596208877832268e-24
7.857830000000000000e+05 6.967167513728788528e-25
9.925680000000000000e+05 8.317333607777934951e-26
1.248981500000000000e+06 9.635979812239547481e-27
1.571566000000000000e+06 7.955912599029536191e-28
1.981000250000000000e+06 3.404319210691576592e-29
2.497963000000000000e+06 5.625091543104674219e-31
3.147267500000000000e+06 2.419977798018189825e-33
3.970272000000000000e+06 9.589379945946293185e-37
5.004197000000000000e+06 3.431616250057721903e-42
6.286264000000000000e+06 1.403705405928787259e-51
7.940544000000000000e+06 1.056751035797427579e-68
1.000839400000000000e+07 9.999999999999999821e-201
