1.211760009765625000e+03 7.833949970790420552e-14
1.526073364257812500e+03 5.350183375857501152e-14
1.923100463867187500e+03 3.672744092157428722e-14
2.423520019531250000e+03 2.522058615397551716e-14
3.056282226562500000e+03 1.723370907196628858e-14
3.850336669921875000e+03 1.175896129423687671e-14
4.838769042968750000e+03 8.015514797850581110e-15
6.120835937500000000e+03 5.398718517960846391e-15
7.692401855468750000e+03 3.646532062703081724e-15
9.718894531250000000e+03 2.432984050272573141e-15
1.224167187500000000e+04 1.618526819840999241e-15
1.542616113281250000e+04 1.069262494614974237e-15
1.943778906250000000e+04 6.843211010566487561e-16
2.448334375000000000e+04 4.232713848226688708e-16
3.085232226562500000e+04 2.493035217814413285e-16
3.891693750000000000e+04 1.388562273003651559e-16
4.921482812500000000e+04 7.206400083968074333e-17
6.162192968750000000e+04 3.517168110252626800e-17
7.775115625000000000e+04 1.502925764957918779e-17
9.801609375000000000e+04 5.461716202212810244e-18
1.236574296875000000e+05 1.580991780978504661e-18
1.559158906250000000e+05 3.468430635968734604e-19
1.964457500000000000e+05 5.680224178441963886e-20
2.473148593750000000e+05 6.779974124884539986e-21
3.118317812500000000e+05 6.039095531072837553e-22
3.928915000000000000e+05 4.513303751710527891e-23
4.962840000000000000e+05 3.174041308925421657e-24
6.244907500000000000e+05 2.638531283158859635e-25
7.857830000000000000e+05 2.758518593072587699e-26
9.925680000000000000e+05 3.323489412631763105e-27
1.248981500000000000e+06 3.897099868661978541e-28
1.571566000000000000e+06 3.247919375633780618e-29
1.981000250000000000e+06 1.415847630703009485e-30
2.497963000000000000e+06 2.398699750881064838e-32
3.147267500000000000e+06 1.065476054795457861e-34
3.970272000000000000e+06 4.375329333937592979e-38
5.004197000000000000e+06 1.642482991480619148e-43
6.286264000000000000e+06 6.996662459458129617e-53
7.940544000000000000e+06 5.477654451610520075e-70
1.000839400000000000e+07 9.999999999999999821e-201
