1.211760009765625000e+03 6.887399576863439276e-13
1.526073364257812500e+03 4.529360418008753313e-13
1.923100463867187500e+03 2.966447151357923723e-13
2.423520019531250000e+03 1.936691924416391868e-13
3.056282226562500000e+03 1.259180072047444876e-13
3.850336669921875000e+03 8.151586791330879523e-14
4.838769042968750000e+03 5.267163798052975133e-14
6.120835937500000000e+03 3.345249111288418274e-14
7.692401855468750000e+03 2.144065335923679326e-14
9.718894531250000000e+03 1.347975160417237554e-14
1.224167187500000000e+04 8.266926956864199180e-15
1.542616113281250000e+04 4.813665873272698265e-15
1.943778906250000000e+04 2.611419995768874860e-15
2.448334375000000000e+04 1.302510787857132709e-15
3.085232226562500000e+04 5.892998337635631432e-16
3.891693750000000000e+04 2.408024475026188123e-16
4.921482812500000000e+04 8.498404783097396455e-17
6.162192968750000000e+04 2.630350542955064272e-17
7.775115625000000000e+04 6.269775334738152394e-18
9.801609375000000000e+04 1.113783307115222901e-18
1.236574296875000000e+05 1.393878253310001550e-19
1.559158906250000000e+05 1.192142831619012635e-20
1.964457500000000000e+05 6.980310482871145634e-22
2.473148593750000000e+05 2.962708533149069957e-23
3.118317812500000000e+05 1.006658715218583042e-24
3.928915000000000000e+05 3.358436935645437064e-26
4.962840000000000000e+05 1.230802558216003687e-27
6.244907500000000000e+05 5.705600630184119476e-29
7.857830000000000000e+05 2.454379591021973764e-30
9.925680000000000000e+05 6.507596050479941732e-32
1.248981500000000000e+06 8.117017247009380398e-34
1.571566000000000000e+06 2.957050879279232386e-36
1.981000250000000000e+06 1.729471166128383112e-39
2.497963000000000000e+06 5.028166490532260107e-44
3.147267500000000000e+06 3.964077910964456884e-51
3.970272000000000000e+06 1.250036227530401242e-63
5.004197000000000000e+06 2.878999747271262273e-86
6.286264000000000000e+06 2.775875081895498673e-125
7.940544000000000000e+06 2.835585066192226379e-190
1.000839400000000000e+07 9.999999999999999821e-201
