1.211760009765625000e+03 1.980283060978818374e-10
1.526073364257812500e+03 1.354852352111788593e-10
1.923100463867187500e+03 9.260337668260186785e-11
2.423520019531250000e+03 6.351851327667908576e-11
3.056282226562500000e+03 4.365214561495186172e-11
3.850336669921875000e+03 2.990693143123730219e-11
4.838769042968750000e+03 2.049078735884953267e-11
6.120835937500000000e+03 1.390285950058517183e-11
7.692401855468750000e+03 9.448277704326826375e-12
9.718894531250000000e+03 6.351347526611596813e-12
1.224167187500000000e+04 4.250292243641031818e-12
1.542616113281250000e+04 2.804181465675411378e-12
1.943778906250000000e+04 1.795861884181193724e-12
2.448334375000000000e+04 1.112404069470932849e-12
3.085232226562500000e+04 6.501724050710294502e-13
3.891693750000000000e+04 3.550550198200526402e-13
4.921482812500000000e+04 1.793889958814699104e-13
6.162192968750000000e+04 8.462782004160636952e-14
7.775115625000000000e+04 3.426751041844336176e-14
9.801609375000000000e+04 1.154658837839341617e-14
1.236574296875000000e+05 3.044234186848777379e-15
1.559158906250000000e+05 5.980334819609038376e-16
1.964457500000000000e+05 8.515352054571491385e-17
2.473148593750000000e+05 8.824584469690320702e-18
3.118317812500000000e+05 6.741199384491463589e-19
3.928915000000000000e+05 4.316446170491155271e-20
4.962840000000000000e+05 2.620224230336062784e-21
6.244907500000000000e+05 1.923128581149813092e-22
7.857830000000000000e+05 1.780898131820057672e-23
9.925680000000000000e+05 1.852941658596742436e-24
1.248981500000000000e+06 1.806834977483668529e-25
1.571566000000000000e+06 1.196636662855932896e-26
1.981000250000000000e+06 3.900948129900157009e-28
2.497963000000000000e+06 4.598102980055338402e-30
3.147267500000000000e+06 1.245170638384717596e-32
3.970272000000000000e+06 2.282443561807331212e-36
5.004197000000000000e+06 1.953113927707549321e-42
6.286264000000000000e+06 5.523360154160001446e-53
7.940544000000000000e+06 3.618757942689589279e-72
1.000839400000000000e+07 9.999999999999999821e-201
