1.211760009765625000e+03 7.497675488737413160e-12
1.526073364257812500e+03 4.361240053148167150e-12
1.923100463867187500e+03 2.519118751352339690e-12
2.423520019531250000e+03 1.432162426960072331e-12
3.056282226562500000e+03 8.044717481220967532e-13
3.850336669921875000e+03 4.459495666458753077e-13
4.838769042968750000e+03 2.412479620297419068e-13
6.120835937500000000e+03 1.262698726517632402e-13
7.692401855468750000e+03 6.303082662769058932e-14
9.718894531250000000e+03 2.891487399197770712e-14
1.224167187500000000e+04 1.175923398505144798e-14
1.542616113281250000e+04 4.163349555390959640e-15
1.943778906250000000e+04 1.248586199610110364e-15
2.448334375000000000e+04 4.543548714451535528e-20
3.085232226562500000e+04 2.252214619509420576e-20
3.891693750000000000e+04 9.598465177485328487e-21
4.921482812500000000e+04 3.365774706748697019e-21
6.162192968750000000e+04 9.912033935278294550e-22
7.775115625000000000e+04 2.116341695457891141e-22
9.801609375000000000e+04 3.267986907707651118e-23
1.236574296875000000e+05 3.465295063464200313e-24
1.559158906250000000e+05 2.530284662431808084e-25
1.964457500000000000e+05 1.326956164816198101e-26
2.473148593750000000e+05 5.509278860837087492e-28
3.118317812500000000e+05 1.995772138661026007e-29
3.928915000000000000e+05 7.234988058075326137e-31
4.962840000000000000e+05 2.310739087668111105e-32
6.244907500000000000e+05 5.453122921711464502e-34
7.857830000000000000e+05 6.529019343010342724e-36
9.925680000000000000e+05 2.393242216819759377e-38
1.248981500000000000e+06 1.903197013790776282e-41
1.571566000000000000e+06 1.296843396101552140e-45
1.981000250000000000e+06 8.956965223749599512e-52
2.497963000000000000e+06 5.844362664550489177e-62
3.147267500000000000e+06 4.568197887833422222e-80
3.970272000000000000e+06 1.133709838502568566e-112
5.004197000000000000e+06 5.800192789633881742e-168
6.286264000000000000e+06 9.999999999999999821e-201
7.940544000000000000e+06 9.999999999999999821e-201
1.000839400000000000e+07 9.999999999999999821e-201
