1.211760009765625000e+03 4.795025021866951216e-12
1.526073364257812500e+03 3.134950332988591552e-12
1.923100463867187500e+03 2.040407711375726726e-12
2.423520019531250000e+03 1.326306943228240968e-12
3.056282226562500000e+03 8.538258430989122577e-13
3.850336669921875000e+03 5.476573625475662205e-13
4.838769042968750000e+03 3.503987109172345439e-13
6.120835937500000000e+03 2.178821794893189027e-13
7.692401855468750000e+03 1.331479592076067467e-13
9.718894531250000000e+03 7.642757773466407516e-14
1.224167187500000000e+04 4.042236682361435826e-14
1.542616113281250000e+04 1.923715715973329807e-14
1.943778906250000000e+04 8.209454262436476713e-15
2.448334375000000000e+04 3.143139864106883293e-15
3.085232226562500000e+04 1.063929605535124965e-15
3.891693750000000000e+04 3.110859905168374811e-16
4.921482812500000000e+04 7.433457204100766172e-17
6.162192968750000000e+04 1.501616175482390299e-17
7.775115625000000000e+04 2.201353306903345670e-18
9.801609375000000000e+04 2.340671640354207794e-19
1.236574296875000000e+05 1.710555486700907655e-20
1.559158906250000000e+05 8.621072103685888864e-22
1.964457500000000000e+05 3.126002503653543591e-23
2.473148593750000000e+05 8.945263097262037957e-25
3.118317812500000000e+05 2.261489992144115806e-26
3.928915000000000000e+05 5.717650284784528322e-28
4.962840000000000000e+05 1.277885240428539357e-29
6.244907500000000000e+05 2.119865847838095336e-31
7.857830000000000000e+05 1.795899922113384177e-33
9.925680000000000000e+05 4.695022947646407545e-36
1.248981500000000000e+06 2.684305826312276245e-39
1.571566000000000000e+06 1.311673879665610668e-43
1.981000250000000000e+06 6.556129184394040168e-50
2.497963000000000000e+06 3.203694052209494590e-60
3.147267500000000000e+06 2.074482268683848926e-78
3.970272000000000000e+06 4.970693244406511666e-111
5.004197000000000000e+06 2.530993217294784842e-166
6.286264000000000000e+06 9.999999999999999821e-201
7.940544000000000000e+06 9.999999999999999821e-201
1.000839400000000000e+07 9.999999999999999821e-201
