1.211760009765625000e+03 6.551125094810431367e-09
1.526073364257812500e+03 3.817321225658032708e-09
1.923100463867187500e+03 2.213063747838451083e-09
2.423520019531250000e+03 1.264142960310377907e-09
3.056282226562500000e+03 7.160137006977397015e-10
3.850336669921875000e+03 3.998050352323732290e-10
4.838769042968750000e+03 2.220707184522105705e-10
6.120835937500000000e+03 1.208142087707718773e-10
7.692401855468750000e+03 6.551732392606798308e-11
9.718894531250000000e+03 3.507404615561658158e-11
1.224167187500000000e+04 1.883345351820716081e-11
1.542616113281250000e+04 1.023118009535668231e-11
1.943778906250000000e+04 5.726959318261231856e-12
2.448334375000000000e+04 2.405293192031247297e-12
3.085232226562500000e+04 1.699445671654231249e-12
3.891693750000000000e+04 1.150273532665430553e-12
4.921482812500000000e+04 7.358546737482795529e-13
6.162192968750000000e+04 4.498183517459659774e-13
7.775115625000000000e+04 2.519051402620736539e-13
9.801609375000000000e+04 1.259295138305549735e-13
1.236574296875000000e+05 5.356399263007824555e-14
1.559158906250000000e+05 1.869812440199132337e-14
1.964457500000000000e+05 5.148795593045529630e-15
2.473148593750000000e+05 1.100823284579677760e-15
3.118317812500000000e+05 1.796623903761778957e-16
3.928915000000000000e+05 2.370870523917577931e-17
4.962840000000000000e+05 2.722072134096834919e-18
6.244907500000000000e+05 3.234844881348365903e-19
7.857830000000000000e+05 4.362033279621166902e-20
9.925680000000000000e+05 6.920980889225502841e-21
1.248981500000000000e+06 1.325263232194189796e-21
1.571566000000000000e+06 2.395239609443664073e-22
1.981000250000000000e+06 3.342135831175240397e-23
2.497963000000000000e+06 2.920398893706746121e-24
3.147267500000000000e+06 1.309805532851876330e-25
3.970272000000000000e+06 2.192521247138267289e-27
5.004197000000000000e+06 6.892675528811982555e-30
6.286264000000000000e+06 8.621974378151071833e-34
7.940544000000000000e+06 1.089840067938931165e-40
1.000839400000000000e+07 9.999999999999999821e-201
