1.211760009765625000e+03 8.045678348379350691e-10
1.526073364257812500e+03 4.687591349642246616e-10
1.923100463867187500e+03 2.699623862611443170e-10
2.423520019531250000e+03 1.550599000577754114e-10
3.056282226562500000e+03 8.740304584873918497e-11
3.850336669921875000e+03 4.899483029704597983e-11
4.838769042968750000e+03 2.684996603866168458e-11
6.120835937500000000e+03 1.446330012918846987e-11
7.692401855468750000e+03 7.655151359769946661e-12
9.718894531250000000e+03 3.891108764475432167e-12
1.224167187500000000e+04 1.916446868627278373e-12
1.542616113281250000e+04 8.878136330415932418e-13
1.943778906250000000e+04 3.799167249319005168e-13
2.448334375000000000e+04 1.458917100647553879e-13
3.085232226562500000e+04 3.195801922339507069e-15
3.891693750000000000e+04 2.012360341540344558e-15
4.921482812500000000e+04 1.140594926191865647e-15
6.162192968750000000e+04 5.902907810730848574e-16
7.775115625000000000e+04 2.477325629144010743e-16
9.801609375000000000e+04 8.309169842932615622e-17
1.236574296875000000e+05 2.064934540398208017e-17
1.559158906250000000e+05 3.620488281391434041e-18
1.964457500000000000e+05 4.444531730608039637e-19
2.473148593750000000e+05 3.843985346847087197e-20
3.118317812500000000e+05 2.472617753281892079e-21
3.928915000000000000e+05 1.403669752532901499e-22
4.962840000000000000e+05 8.053236226631308904e-24
6.244907500000000000e+05 5.857929946029041353e-25
7.857830000000000000e+05 5.132920100667214171e-26
9.925680000000000000e+05 4.077794169127805128e-27
1.248981500000000000e+06 2.278682123117254969e-28
1.571566000000000000e+06 6.127054600205732379e-30
1.981000250000000000e+06 5.218488066771053962e-32
2.497963000000000000e+06 8.807502549586277733e-35
3.147267500000000000e+06 1.068341421503351498e-38
3.970272000000000000e+06 6.507503100890399965e-45
5.004197000000000000e+06 9.677351298906705938e-56
6.286264000000000000e+06 6.100096512482814683e-75
7.940544000000000000e+06 4.735758227632980572e-109
1.000839400000000000e+07 9.999999999999999821e-201
