1.211760009765625000e+03 1.295279486426397099e-14
1.526073364257812500e+03 8.643364640479588036e-15
1.923100463867187500e+03 5.728852964262656695e-15
2.423520019531250000e+03 3.779974270484725629e-15
3.056282226562500000e+03 2.488754714941814804e-15
3.850336669921875000e+03 1.634354767490941857e-15
4.838769042968750000e+03 1.072417401753117987e-15
6.120835937500000000e+03 6.990882497672384111e-16
7.692401855468750000e+03 4.550558393775074955e-16
9.718894531250000000e+03 2.927578773694422244e-16
1.224167187500000000e+04 1.850990991420262558e-16
1.542616113281250000e+04 1.124575686456725301e-16
1.943778906250000000e+04 6.426230281146285742e-17
2.448334375000000000e+04 3.423402502278180983e-17
3.085232226562500000e+04 1.663942839065468663e-17
3.891693750000000000e+04 7.341135025239764934e-18
4.921482812500000000e+04 2.858862599115044145e-18
6.162192968750000000e+04 9.808950116958788967e-19
7.775115625000000000e+04 2.652343735951595468e-19
9.801609375000000000e+04 5.451824873153712446e-20
1.236574296875000000e+05 7.982312936100497849e-21
1.559158906250000000e+05 8.118134920916978988e-22
1.964457500000000000e+05 5.633202990384856715e-23
2.473148593750000000e+05 2.805513340727346432e-24
3.118317812500000000e+05 1.089163636705665122e-25
3.928915000000000000e+05 4.015994624115331965e-27
4.962840000000000000e+05 1.612567725122785794e-28
6.244907500000000000e+05 8.336362146835640334e-30
7.857830000000000000e+05 4.500577056391989357e-31
9.925680000000000000e+05 1.703055107556810280e-32
1.248981500000000000e+06 3.461486082934626336e-34
1.571566000000000000e+06 2.467798941846661014e-36
1.981000250000000000e+06 3.646885403758310815e-39
2.497963000000000000e+06 4.797201207069479586e-43
3.147267500000000000e+06 6.627783270330428789e-49
3.970272000000000000e+06 5.942039665967948769e-59
5.004197000000000000e+06 4.300676199350978700e-77
6.286264000000000000e+06 8.295125528291688720e-109
7.940544000000000000e+06 7.483000913249515223e-163
1.000839400000000000e+07 9.999999999999999821e-201
