1.211760009765625000e+03 3.263107936958807550e-11
1.526073364257812500e+03 1.720761381514242342e-11
1.923100463867187500e+03 9.652724857593244649e-12
2.423520019531250000e+03 5.834984994141991217e-12
3.056282226562500000e+03 3.822031754069313633e-12
3.850336669921875000e+03 2.653607694406056129e-12
4.838769042968750000e+03 1.896316599178815435e-12
6.120835937500000000e+03 1.358453696891413705e-12
7.692401855468750000e+03 9.766530629302676431e-13
9.718894531250000000e+03 6.963996292975112806e-13
1.224167187500000000e+04 4.940657207010487435e-13
1.542616113281250000e+04 3.472513693783592323e-13
1.943778906250000000e+04 2.403319244270786199e-13
2.448334375000000000e+04 1.621660907810347884e-13
3.085232226562500000e+04 1.053254995970887564e-13
3.891693750000000000e+04 6.511044118309675156e-14
4.921482812500000000e+04 3.787670463034774911e-14
6.162192968750000000e+04 2.097591498901094314e-14
7.775115625000000000e+04 1.035344481347887934e-14
9.801609375000000000e+04 4.470381822156365036e-15
1.236574296875000000e+05 1.580044762141692143e-15
1.559158906250000000e+05 4.410642071609287429e-16
1.964457500000000000e+05 9.325362378570152730e-17
2.473148593750000000e+05 1.469792359988210681e-17
3.118317812500000000e+05 1.743498515847773745e-18
3.928915000000000000e+05 1.704183303819782185e-19
4.962840000000000000e+05 1.505410974979040394e-20
6.244907500000000000e+05 1.475471005506192252e-21
7.857830000000000000e+05 1.766010351736463065e-22
9.925680000000000000e+05 2.526206052982025754e-23
1.248981500000000000e+06 3.940949679249396831e-24
1.571566000000000000e+06 5.113680003071901272e-25
1.981000250000000000e+06 4.219836739253279592e-26
2.497963000000000000e+06 1.717973098341254261e-27
3.147267500000000000e+06 2.690338576127329200e-29
3.970272000000000000e+06 8.470880419675806185e-32
5.004197000000000000e+06 1.356931136468494443e-35
6.286264000000000000e+06 6.501037657903114070e-42
7.940544000000000000e+06 2.146041337594658428e-53
1.000839400000000000e+07 9.999999999999999821e-201
