1.211760009765625000e+03 7.148946396237999789e-11
1.526073364257812500e+03 4.252456287650140102e-11
1.923100463867187500e+03 2.558364467238606898e-11
2.423520019531250000e+03 1.575473077870179349e-11
3.056282226562500000e+03 9.923095857854868346e-12
3.850336669921875000e+03 6.499649525681220196e-12
4.838769042968750000e+03 4.351797769647079616e-12
6.120835937500000000e+03 3.003460577571972850e-12
7.692401855468750000e+03 2.096867939833426981e-12
9.718894531250000000e+03 1.372291115173032774e-12
1.224167187500000000e+04 8.986685888265136007e-13
1.542616113281250000e+04 5.327238673725779632e-13
1.943778906250000000e+04 2.826445543634644645e-13
2.448334375000000000e+04 1.335694711153474242e-13
3.085232226562500000e+04 5.565259436798923749e-14
3.891693750000000000e+04 1.996458976683603954e-14
4.921482812500000000e+04 5.866418369881306289e-15
6.162192968750000000e+04 1.429316161982478869e-15
7.775115625000000000e+04 2.507523288679892421e-16
9.801609375000000000e+04 3.129184562097979191e-17
1.236574296875000000e+05 2.608945405811386664e-18
1.559158906250000000e+05 1.452191524513973167e-19
1.964457500000000000e+05 5.584422473617552841e-21
2.473148593750000000e+05 1.649529036559816043e-22
3.118317812500000000e+05 4.115666410678504715e-24
3.928915000000000000e+05 1.036095602224559557e-25
4.962840000000000000e+05 2.593182029938688222e-27
6.244907500000000000e+05 5.581841938701682013e-29
7.857830000000000000e+05 7.019686092962703310e-31
9.925680000000000000e+05 3.229105242106076856e-33
1.248981500000000000e+06 3.968112825926663061e-36
1.571566000000000000e+06 6.366549253309670928e-40
1.981000250000000000e+06 2.969254543766172075e-45
2.497963000000000000e+06 1.276350348171272482e-53
3.147267500000000000e+06 4.002699040919017539e-68
3.970272000000000000e+06 2.108755879311184768e-94
5.004197000000000000e+06 4.424596682183005972e-140
6.286264000000000000e+06 9.999999999999999821e-201
7.940544000000000000e+06 9.999999999999999821e-201
1.000839400000000000e+07 9.999999999999999821e-201
