1.211760009765625000e+03 3.188380274280362509e-12
1.526073364257812500e+03 1.829545147012269714e-12
1.923100463867187500e+03 1.043749920683235217e-12
2.423520019531250000e+03 5.853536336750862568e-13
3.056282226562500000e+03 3.238582528732732448e-13
3.850336669921875000e+03 1.754122281629630721e-13
4.838769042968750000e+03 9.325280934958027641e-14
6.120835937500000000e+03 4.786002221171598528e-14
7.692401855468750000e+03 2.344679605450103977e-14
9.718894531250000000e+03 1.067814023994016367e-14
1.224167187500000000e+04 4.336657194674628264e-15
1.542616113281250000e+04 1.533301168083434499e-15
1.943778906250000000e+04 1.757395392436778966e-18
2.448334375000000000e+04 9.767904834236863008e-19
3.085232226562500000e+04 4.857482539784426773e-19
3.891693750000000000e+04 2.101323488590217783e-19
4.921482812500000000e+04 7.546538189417717154e-20
6.162192968750000000e+04 2.292689219364959162e-20
7.775115625000000000e+04 5.095645540210209711e-21
9.801609375000000000e+04 8.184021162410101162e-22
1.236574296875000000e+05 9.000089772710287179e-23
1.559158906250000000e+05 6.719267133267034915e-24
1.964457500000000000e+05 3.523794966977015153e-25
2.473148593750000000e+05 1.423221699226914705e-26
3.118317812500000000e+05 4.926191524378867475e-28
3.928915000000000000e+05 1.744651304391032760e-29
4.962840000000000000e+05 6.096471214615474156e-31
6.244907500000000000e+05 1.816121036577576854e-32
7.857830000000000000e+05 3.104415631871294345e-34
9.925680000000000000e+05 1.897235234840102186e-36
1.248981500000000000e+06 2.970944576924366248e-39
1.571566000000000000e+06 5.729894327978704504e-43
1.981000250000000000e+06 3.079909992602178069e-48
2.497963000000000000e+06 1.524185367233655032e-56
3.147267500000000000e+06 5.442212960035568950e-71
3.970272000000000000e+06 3.268571612932336097e-97
5.004197000000000000e+06 7.507438413812320669e-143
6.286264000000000000e+06 9.999999999999999821e-201
7.940544000000000000e+06 9.999999999999999821e-201
1.000839400000000000e+07 9.999999999999999821e-201
