1.211760009765625000e+03 1.581735526693773672e-09
1.526073364257812500e+03 9.078499702471694188e-10
1.923100463867187500e+03 5.148119924049730135e-10
2.423520019531250000e+03 2.870787707896966191e-10
3.056282226562500000e+03 1.585105320367062954e-10
3.850336669921875000e+03 8.583743395986981361e-11
4.838769042968750000e+03 4.583727630348895880e-11
6.120835937500000000e+03 2.372079294460851798e-11
7.692401855468750000e+03 1.220777486162764936e-11
9.718894531250000000e+03 6.163088599734049059e-12
1.224167187500000000e+04 3.084753950584312646e-12
1.542616113281250000e+04 1.552966006532467954e-12
1.943778906250000000e+04 4.990208568779235039e-13
2.448334375000000000e+04 3.225059531167542376e-13
3.085232226562500000e+04 1.914653613296579666e-13
3.891693750000000000e+04 1.032534726179202453e-13
4.921482812500000000e+04 4.937392110047471720e-14
6.162192968750000000e+04 2.103922435961386080e-14
7.775115625000000000e+04 7.252313194778080727e-15
9.801609375000000000e+04 1.911781400975040973e-15
1.236574296875000000e+05 3.637129415168319157e-16
1.559158906250000000e+05 4.842673692040128171e-17
1.964457500000000000e+05 4.406283365711272650e-18
2.473148593750000000e+05 2.815776608789592703e-19
3.118317812500000000e+05 1.354541171111970700e-20
3.928915000000000000e+05 5.906902827266632284e-22
4.962840000000000000e+05 2.667187466045612464e-23
6.244907500000000000e+05 1.545276670964337899e-24
7.857830000000000000e+05 1.030016173656600283e-25
9.925680000000000000e+05 5.623984544912974511e-27
1.248981500000000000e+06 1.951624067134326804e-28
1.571566000000000000e+06 2.901964794201901066e-30
1.981000250000000000e+06 1.216287025213506397e-32
2.497963000000000000e+06 8.098842432201978436e-36
3.147267500000000000e+06 2.191786128845237903e-40
3.970272000000000000e+06 7.284836225826217866e-48
5.004197000000000000e+06 3.919819910690784861e-61
6.286264000000000000e+06 1.378415448824795208e-84
7.940544000000000000e+06 1.236629113987505743e-125
1.000839400000000000e+07 9.999999999999999821e-201
