1.211760009765625000e+03 6.376760548560725017e-12
1.526073364257812500e+03 4.262345720877233543e-12
1.923100463867187500e+03 2.833035506984683648e-12
2.423520019531250000e+03 1.880646177407557521e-12
3.056282226562500000e+03 1.239443724025336020e-12
3.850336669921875000e+03 8.152596467421425957e-13
4.838769042968750000e+03 5.363273145714356069e-13
6.120835937500000000e+03 3.473137907777571244e-13
7.692401855468750000e+03 2.249830303024326495e-13
9.718894531250000000e+03 1.442162732337767696e-13
1.224167187500000000e+04 9.097614190199830267e-14
1.542616113281250000e+04 5.559434520426881024e-14
1.943778906250000000e+04 3.239611207957487870e-14
2.448334375000000000e+04 1.764568286338812947e-14
3.085232226562500000e+04 8.911521425942605004e-15
3.891693750000000000e+04 4.116302593478227930e-15
4.921482812500000000e+04 1.712972772873612413e-15
6.162192968750000000e+04 6.355599025300020911e-16
7.775115625000000000e+04 1.906711450270293732e-16
9.801609375000000000e+04 4.493725303922310898e-17
1.236574296875000000e+05 7.705585075084164267e-18
1.559158906250000000e+05 9.295706972077028552e-19
1.964457500000000000e+05 7.803651381329779294e-20
2.473148593750000000e+05 4.682047151824554277e-21
3.118317812500000000e+05 2.131410372190895037e-22
3.928915000000000000e+05 8.916079739270386479e-24
4.962840000000000000e+05 3.923304183676487491e-25
6.244907500000000000e+05 2.255337686713240569e-26
7.857830000000000000e+05 1.521720727144253512e-27
9.925680000000000000e+05 8.615084605424013183e-29
1.248981500000000000e+06 3.183755390624662102e-30
1.571566000000000000e+06 5.132726846887717381e-32
1.981000250000000000e+06 2.332437970037948609e-34
2.497963000000000000e+06 1.687258840042078771e-37
3.147267500000000000e+06 4.994556886527864588e-42
3.970272000000000000e+06 1.805581519998511272e-49
5.004197000000000000e+06 1.056814191607809466e-62
6.286264000000000000e+06 4.034632080136809013e-86
7.940544000000000000e+06 3.917106274576640443e-127
1.000839400000000000e+07 9.999999999999999821e-201
