1.211760009765625000e+03 6.513761263471208414e-11
1.526073364257812500e+03 3.757984626295472873e-11
1.923100463867187500e+03 2.134586309971839575e-11
2.423520019531250000e+03 1.201869908078339516e-11
3.056282226562500000e+03 6.616950558541636144e-12
3.850336669921875000e+03 3.586358542158944593e-12
4.838769042968750000e+03 1.908327421614642513e-12
6.120835937500000000e+03 9.778976946012027624e-13
7.692401855468750000e+03 4.890935441357231600e-13
9.718894531250000000e+03 2.311158224900268498e-13
1.224167187500000000e+04 1.047129368381940742e-13
1.542616113281250000e+04 4.337277840729732368e-14
1.943778906250000000e+04 8.652377760383353467e-16
2.448334375000000000e+04 6.081540830201652037e-16
3.085232226562500000e+04 3.941068881439964378e-16
3.891693750000000000e+04 2.352172910558987515e-16
4.921482812500000000e+04 1.245798380271718302e-16
6.162192968750000000e+04 5.917281851141398006e-17
7.775115625000000000e+04 2.264219847195973222e-17
9.801609375000000000e+04 6.753575601270524501e-18
1.236574296875000000e+05 1.457183259282178764e-18
1.559158906250000000e+05 2.207962334684962602e-19
1.964457500000000000e+05 2.306092228783470066e-20
2.473148593750000000e+05 1.702562600663474659e-21
3.118317812500000000e+05 9.412069166917737616e-23
3.928915000000000000e+05 4.692086962791041726e-24
4.962840000000000000e+05 2.416623501373836426e-25
6.244907500000000000e+05 1.591251844645921798e-26
7.857830000000000000e+05 1.195471260375194539e-27
9.925680000000000000e+05 7.307597752625775036e-29
1.248981500000000000e+06 2.788034381620466533e-30
1.571566000000000000e+06 4.481265362475044709e-32
1.981000250000000000e+06 2.014933324901893051e-34
2.497963000000000000e+06 1.422118165178323485e-37
3.147267500000000000e+06 4.048985437136667217e-42
3.970272000000000000e+06 1.406478281223873452e-49
5.004197000000000000e+06 7.801210214414011887e-63
6.286264000000000000e+06 2.817199457452136246e-86
7.940544000000000000e+06 2.566840971736228260e-127
1.000839400000000000e+07 9.999999999999999821e-201
