1.211760009765625000e+03 3.586927808565407226e-11
1.526073364257812500e+03 1.997665511872856442e-11
1.923100463867187500e+03 1.106531873919225445e-11
2.423520019531250000e+03 6.096525625440650152e-12
3.056282226562500000e+03 3.303366493693608420e-12
3.850336669921875000e+03 1.790617425747350237e-12
4.838769042968750000e+03 9.717355892296117748e-13
6.120835937500000000e+03 5.327838887098771570e-13
7.692401855468750000e+03 3.044020483311584365e-13
9.718894531250000000e+03 1.797806263894641309e-13
1.224167187500000000e+04 8.735638997315438134e-14
1.542616113281250000e+04 6.025148356260382156e-14
1.943778906250000000e+04 3.786949680414552986e-14
2.448334375000000000e+04 2.148075533886803514e-14
3.085232226562500000e+04 1.093806646093351878e-14
3.891693750000000000e+04 4.903748494975495942e-15
4.921482812500000000e+04 1.854877853584527028e-15
6.162192968750000000e+04 5.941957217355519266e-16
7.775115625000000000e+04 1.410588723243834888e-16
9.801609375000000000e+04 2.422909914144496558e-17
1.236574296875000000e+05 2.835944213855577416e-18
1.559158906250000000e+05 2.206218776714689479e-19
1.964457500000000000e+05 1.151838924472744004e-20
2.473148593750000000e+05 4.369828447382127654e-22
3.118317812500000000e+05 1.335309270571105739e-23
3.928915000000000000e+05 4.016271004528740099e-25
4.962840000000000000e+05 1.307524204038394529e-26
6.244907500000000000e+05 4.567264034809481258e-28
7.857830000000000000e+05 1.196741879745062530e-29
9.925680000000000000e+05 1.538608191341807645e-31
1.248981500000000000e+06 7.369606261795265291e-34
1.571566000000000000e+06 7.768969347985539247e-37
1.981000250000000000e+06 7.493431191402522888e-41
2.497963000000000000e+06 1.005626365152647253e-46
3.147267500000000000e+06 2.232478899911747318e-56
3.970272000000000000e+06 9.318247878820665333e-74
5.004197000000000000e+06 6.424712585560966881e-105
6.286264000000000000e+06 4.659589052169617970e-157
7.940544000000000000e+06 9.999999999999999821e-201
1.000839400000000000e+07 9.999999999999999821e-201
