1.211760009765625000e+03 1.955373840086003128e-11
1.526073364257812500e+03 1.087837654980268387e-11
1.923100463867187500e+03 6.034914971942442607e-12
2.423520019531250000e+03 3.337832211681499322e-12
3.056282226562500000e+03 1.851662832787897211e-12
3.850336669921875000e+03 1.046159415042762615e-12
4.838769042968750000e+03 6.104492804134742034e-13
6.120835937500000000e+03 3.707390193326795566e-13
7.692401855468750000e+03 2.384805856352387375e-13
9.718894531250000000e+03 1.391801682631768103e-13
1.224167187500000000e+04 1.013378864477309716e-13
1.542616113281250000e+04 6.855662954132424934e-14
1.943778906250000000e+04 4.226235843342642778e-14
2.448334375000000000e+04 2.349828484583354476e-14
3.085232226562500000e+04 1.168096981882929511e-14
3.891693750000000000e+04 5.114016424315944072e-15
4.921482812500000000e+04 1.885385713018483206e-15
6.162192968750000000e+04 5.888522350292969978e-16
7.775115625000000000e+04 1.362628706653544708e-16
9.801609375000000000e+04 2.279737964672322121e-17
1.236574296875000000e+05 2.603980439107495906e-18
1.559158906250000000e+05 1.977271545168825081e-19
1.964457500000000000e+05 1.013974033898786104e-20
2.473148593750000000e+05 3.772973830178715279e-22
3.118317812500000000e+05 1.131185560420108599e-23
3.928915000000000000e+05 3.348046604637320096e-25
4.962840000000000000e+05 1.051024240566747926e-26
6.244907500000000000e+05 3.625315299727456390e-28
7.857830000000000000e+05 9.567782123411685762e-30
9.925680000000000000e+05 1.246391906939681273e-31
1.248981500000000000e+06 5.982386259574980503e-34
1.571566000000000000e+06 6.222050672501692427e-37
1.981000250000000000e+06 5.990655768297242143e-41
2.497963000000000000e+06 8.045010921221178413e-47
3.147267500000000000e+06 1.784489823006380073e-56
3.970272000000000000e+06 7.405554893167999762e-74
5.004197000000000000e+06 5.080876869747798341e-105
6.286264000000000000e+06 3.665954830448681268e-157
7.940544000000000000e+06 9.999999999999999821e-201
1.000839400000000000e+07 9.999999999999999821e-201
