1.211760009765625000e+03 1.357552538658435339e-09
1.526073364257812500e+03 8.099445812989453205e-10
1.923100463867187500e+03 4.873448891516590341e-10
2.423520019531250000e+03 2.970421884838349352e-10
3.056282226562500000e+03 1.841791369428873827e-10
3.850336669921875000e+03 1.159799437341032991e-10
4.838769042968750000e+03 7.506276294332313140e-11
6.120835937500000000e+03 4.910872926465981875e-11
7.692401855468750000e+03 3.296919982846451959e-11
9.718894531250000000e+03 2.204040691795389826e-11
1.224167187500000000e+04 1.378372629371630689e-11
1.542616113281250000e+04 8.728584735490268837e-12
1.943778906250000000e+04 5.018323254889125959e-12
2.448334375000000000e+04 2.591447020553089677e-12
3.085232226562500000e+04 1.197568697797753164e-12
3.891693750000000000e+04 4.847899588145421947e-13
4.921482812500000000e+04 1.645014968881654060e-13
6.162192968750000000e+04 4.717222289608907044e-14
7.775115625000000000e+04 9.936606365701699093e-15
9.801609375000000000e+04 1.512118460487132739e-15
1.236574296875000000e+05 1.600073868760927083e-16
1.559158906250000000e+05 1.151205124681121784e-17
1.964457500000000000e+05 5.640492290136917069e-19
2.473148593750000000e+05 2.011302267876032302e-20
3.118317812500000000e+05 5.870465977363140830e-22
3.928915000000000000e+05 1.711400484448343020e-23
4.962840000000000000e+05 5.408568579184466653e-25
6.244907500000000000e+05 1.878886268976271448e-26
7.857830000000000000e+05 4.950390050347693699e-28
9.925680000000000000e+05 6.501045788169260875e-30
1.248981500000000000e+06 3.215150825541270611e-32
1.571566000000000000e+06 3.493883307880777287e-35
1.981000250000000000e+06 3.636090014650245682e-39
2.497963000000000000e+06 5.602817869132973652e-45
3.147267500000000000e+06 1.632471342571782668e-54
3.970272000000000000e+06 1.105827814374695401e-71
5.004197000000000000e+06 1.742311718323754148e-102
6.286264000000000000e+06 4.335636248398581839e-154
7.940544000000000000e+06 9.999999999999999821e-201
1.000839400000000000e+07 9.999999999999999821e-201
