1.211760009765625000e+03 3.773746965261522504e-10
1.526073364257812500e+03 2.541584339362990716e-10
1.923100463867187500e+03 1.726503633065458220e-10
2.423520019531250000e+03 1.195641513394052566e-10
3.056282226562500000e+03 8.295467830135410549e-11
3.850336669921875000e+03 5.798997186705164957e-11
4.838769042968750000e+03 4.080175081151589858e-11
6.120835937500000000e+03 2.848306297350269294e-11
7.692401855468750000e+03 1.978151989707870529e-11
9.718894531250000000e+03 1.335918541761695293e-11
1.224167187500000000e+04 8.662455630116020531e-12
1.542616113281250000e+04 5.213560071738782167e-12
1.943778906250000000e+04 2.859631571358883527e-12
2.448334375000000000e+04 1.409435966143770576e-12
3.085232226562500000e+04 6.219682555985660128e-13
3.891693750000000000e+04 2.408704826814391678e-13
4.921482812500000000e+04 7.867462894651389312e-14
6.162192968750000000e+04 2.178021428380911170e-14
7.775115625000000000e+04 4.445323900445496880e-15
9.801609375000000000e+04 6.562023507774352059e-16
1.236574296875000000e+05 6.556400242727701453e-17
1.559158906250000000e+05 4.502814981347679744e-18
1.964457500000000000e+05 2.101083378076001526e-19
2.473148593750000000e+05 7.179986699512414702e-21
3.118317812500000000e+05 2.005213262746914775e-22
3.928915000000000000e+05 5.704668281494476732e-24
4.962840000000000000e+05 1.780460463955134904e-25
6.244907500000000000e+05 6.228636672496680810e-27
7.857830000000000000e+05 1.722464483271663023e-28
9.925680000000000000e+05 2.324208079708182033e-30
1.248981500000000000e+06 1.179732507639552696e-32
1.571566000000000000e+06 1.318604998406927989e-35
1.981000250000000000e+06 1.403637689478955197e-39
2.497963000000000000e+06 2.225299978531344949e-45
3.147267500000000000e+06 6.586177485548225997e-55
3.970272000000000000e+06 4.561173080511013362e-72
5.004197000000000000e+06 7.280247747965383269e-103
6.286264000000000000e+06 1.819896696858663757e-154
7.940544000000000000e+06 9.999999999999999821e-201
1.000839400000000000e+07 9.999999999999999821e-201
