1.211760009765625000e+03 2.266739101246195150e-10
1.526073364257812500e+03 1.275736886295042095e-10
1.923100463867187500e+03 7.070817151781717481e-11
2.423520019531250000e+03 3.860925234422205885e-11
3.056282226562500000e+03 2.059048104122762190e-11
3.850336669921875000e+03 1.081420797580817107e-11
4.838769042968750000e+03 5.543838226076417360e-12
6.120835937500000000e+03 2.725250339628448926e-12
7.692401855468750000e+03 1.322234907041527751e-12
9.718894531250000000e+03 6.156461727903256516e-13
1.224167187500000000e+04 2.817543512683154404e-13
1.542616113281250000e+04 6.701623325112426815e-14
1.943778906250000000e+04 4.362126988621210898e-14
2.448334375000000000e+04 2.573610205139865262e-14
3.085232226562500000e+04 1.365509505587867337e-14
3.891693750000000000e+04 6.415351675019468398e-15
4.921482812500000000e+04 2.549247106837417076e-15
6.162192968750000000e+04 8.634030673043441818e-16
7.775115625000000000e+04 2.175604254401773362e-16
9.801609375000000000e+04 3.995051412952663372e-17
1.236574296875000000e+05 5.020627969124522165e-18
1.559158906250000000e+05 4.215756233527897625e-19
1.964457500000000000e+05 2.399841656475376439e-20
2.473148593750000000e+05 9.953582775016311169e-22
3.118317812500000000e+05 3.338915842709860476e-23
3.928915000000000000e+05 1.109229737814013832e-24
4.962840000000000000e+05 3.959150853817033085e-26
6.244907500000000000e+05 1.525156901297812517e-27
7.857830000000000000e+05 4.309477316432771437e-29
9.925680000000000000e+05 5.764805189244724534e-31
1.248981500000000000e+06 2.776798470127959756e-33
1.571566000000000000e+06 2.859751518701125699e-36
1.981000250000000000e+06 2.713715657131819922e-40
2.497963000000000000e+06 3.524504915385870503e-46
3.147267500000000000e+06 7.375348956587376001e-56
3.970272000000000000e+06 2.740435886292042162e-73
5.004197000000000000e+06 1.567599181050797349e-104
6.286264000000000000e+06 8.738769469378192218e-157
7.940544000000000000e+06 9.999999999999999821e-201
1.000839400000000000e+07 9.999999999999999821e-201
