1.211760009765625000e+03 9.590050043733900665e-14
1.526073364257812500e+03 4.964495480000860937e-14
1.923100463867187500e+03 2.464191549011608276e-14
2.423520019531250000e+03 1.152051466292709035e-14
3.056282226562500000e+03 5.086166287714978648e-15
3.850336669921875000e+03 2.061739691492434811e-15
4.838769042968750000e+03 7.641488982011745818e-16
6.120835937500000000e+03 2.514989775813013175e-16
7.692401855468750000e+03 7.082568362672545553e-17
9.718894531250000000e+03 1.692564586352599198e-17
1.224167187500000000e+04 3.340661181056647147e-18
1.542616113281250000e+04 2.337582608157498328e-19
1.943778906250000000e+04 1.637120047069158823e-19
2.448334375000000000e+04 1.144364595897290701e-19
3.085232226562500000e+04 7.932018157069033627e-20
3.891693750000000000e+04 5.437188545715131441e-20
4.921482812500000000e+04 3.670812155376821771e-20
6.162192968750000000e+04 2.492445206465021672e-20
7.775115625000000000e+04 1.629131941923782669e-20
9.801609375000000000e+04 1.046198387552224011e-20
1.236574296875000000e+05 6.471985580563374900e-21
1.559158906250000000e+05 3.815676558748945024e-21
1.964457500000000000e+05 2.099920058810976904e-21
2.473148593750000000e+05 1.059475760480117377e-21
3.118317812500000000e+05 4.838077776967135129e-22
3.928915000000000000e+05 2.007376443698094371e-22
4.962840000000000000e+05 7.588816406444212508e-23
6.244907500000000000e+05 2.768077287831876530e-23
7.857830000000000000e+05 1.005057529022395811e-23
9.925680000000000000e+05 3.755196253355411407e-24
1.248981500000000000e+06 1.525152740140265391e-24
1.571566000000000000e+06 6.743401475927426970e-25
1.981000250000000000e+06 3.079036185092032481e-25
2.497963000000000000e+06 1.371925145180712552e-25
3.147267500000000000e+06 5.566594955691526300e-26
3.970272000000000000e+06 1.898069358002014031e-26
5.004197000000000000e+06 5.093540496274850337e-27
6.286264000000000000e+06 9.760127450664361898e-28
7.940544000000000000e+06 9.252955236930958177e-29
1.000839400000000000e+07 9.999999999999999821e-201
