1.211760009765625000e+03 7.360674773826928955e-12
1.526073364257812500e+03 3.688758593705819267e-12
1.923100463867187500e+03 1.781437839572086116e-12
2.423520019531250000e+03 8.157769842397020087e-13
3.056282226562500000e+03 3.530688248268164378e-13
3.850336669921875000e+03 1.422835566562269485e-13
4.838769042968750000e+03 5.333447411934727195e-14
6.120835937500000000e+03 1.859119893100992166e-14
7.692401855468750000e+03 6.258557639037513283e-15
9.718894531250000000e+03 2.313689205197590012e-15
1.224167187500000000e+04 1.099582942251855593e-15
1.542616113281250000e+04 6.425907002340905562e-16
1.943778906250000000e+04 4.507899276526925950e-16
2.448334375000000000e+04 3.150078887631251175e-16
3.085232226562500000e+04 2.184954694799997312e-16
3.891693750000000000e+04 1.500970359098825020e-16
4.921482812500000000e+04 1.014696042949690601e-16
6.162192968750000000e+04 6.848400847670246595e-17
7.775115625000000000e+04 4.504594331220950868e-17
9.801609375000000000e+04 2.889755136972894687e-17
1.236574296875000000e+05 1.796146827788326861e-17
1.559158906250000000e+05 1.058014072640583995e-17
1.964457500000000000e+05 5.800635708492849767e-18
2.473148593750000000e+05 2.936888766097734304e-18
3.118317812500000000e+05 1.338483978044220250e-18
3.928915000000000000e+05 5.549349550918283521e-19
4.962840000000000000e+05 2.096815149268708824e-19
6.244907500000000000e+05 7.628306014141335269e-20
7.857830000000000000e+05 2.763908204811588684e-20
9.925680000000000000e+05 1.024443890169765594e-20
1.248981500000000000e+06 4.177592288210293451e-21
1.571566000000000000e+06 1.839933467222134466e-21
1.981000250000000000e+06 8.364714969500022604e-22
2.497963000000000000e+06 3.720956397902139814e-22
3.147267500000000000e+06 1.492076998432780445e-22
3.970272000000000000e+06 5.077793266423394010e-23
5.004197000000000000e+06 1.355539003040887500e-23
6.286264000000000000e+06 2.573124509720604851e-24
7.940544000000000000e+06 2.422270447374919973e-25
1.000839400000000000e+07 9.999999999999999821e-201
