1.211760009765625000e+03 1.245461044640766147e-11
1.526073364257812500e+03 8.158782412352014113e-12
1.923100463867187500e+03 5.485572906876159852e-12
2.423520019531250000e+03 3.798653756319089496e-12
3.056282226562500000e+03 2.671353598094802293e-12
3.850336669921875000e+03 1.900399421725670504e-12
4.838769042968750000e+03 1.358096339385022584e-12
6.120835937500000000e+03 9.578356469375017119e-13
7.692401855468750000e+03 6.753525136397705519e-13
9.718894531250000000e+03 4.627472735185735081e-13
1.224167187500000000e+04 3.040635586246349049e-13
1.542616113281250000e+04 1.865604480642593824e-13
1.943778906250000000e+04 1.047196530414616964e-13
2.448334375000000000e+04 5.293984447493133753e-14
3.085232226562500000e+04 2.421984835625471759e-14
3.891693750000000000e+04 9.748845582917089936e-15
4.921482812500000000e+04 3.301791303506143686e-15
6.162192968750000000e+04 9.633744845357499282e-16
7.775115625000000000e+04 2.086711095730662042e-16
9.801609375000000000e+04 3.294180005708525520e-17
1.236574296875000000e+05 3.547435483825080922e-18
1.559158906250000000e+05 2.550858800203819690e-19
1.964457500000000000e+05 1.254964374353817264e-20
2.473148593750000000e+05 4.539268433460029673e-22
3.118317812500000000e+05 1.343179743181101871e-23
3.928915000000000000e+05 3.987160175369278071e-25
4.962840000000000000e+05 1.305625362922988587e-26
6.244907500000000000e+05 4.818851582629182679e-28
7.857830000000000000e+05 1.390516328567069813e-29
9.925680000000000000e+05 2.038715917136329991e-31
1.248981500000000000e+06 1.139934725257417569e-33
1.571566000000000000e+06 1.474360862690335809e-36
1.981000250000000000e+06 1.898023135224217220e-40
2.497963000000000000e+06 4.152561141222019351e-46
3.147267500000000000e+06 2.318766385845622653e-55
3.970272000000000000e+06 5.353149881176442126e-72
5.004197000000000000e+06 6.738810503934405695e-102
6.286264000000000000e+06 3.759936232444890528e-152
7.940544000000000000e+06 9.999999999999999821e-201
1.000839400000000000e+07 9.999999999999999821e-201
