1.211760009765625000e+03 2.005192281871633813e-10
1.526073364257812500e+03 1.186731987251201865e-10
1.923100463867187500e+03 6.921710019835155273e-11
2.423520019531250000e+03 4.010384563743267497e-11
3.056282226562500000e+03 2.281351875555941021e-11
3.850336669921875000e+03 1.281584898682037014e-11
4.838769042968750000e+03 7.044889408568394744e-12
6.120835937500000000e+03 3.765240732620542993e-12
7.692401855468750000e+03 1.971207376913061293e-12
9.718894531250000000e+03 9.819058634992695593e-13
1.224167187500000000e+04 4.634960034259776318e-13
1.542616113281250000e+04 1.991856373537902362e-13
1.943778906250000000e+04 7.608015614752125507e-14
2.448334375000000000e+04 1.040984739646033320e-16
3.085232226562500000e+04 6.284325555552195792e-17
3.891693750000000000e+04 3.421771122316142092e-17
4.921482812500000000e+04 1.628726867259330778e-17
6.162192968750000000e+04 6.822869012295288365e-18
7.775115625000000000e+04 2.221625246007228857e-18
9.801609375000000000e+04 5.443902493254913881e-19
1.236574296875000000e+05 9.443240223722439172e-20
1.559158906250000000e+05 1.120535544896461547e-20
1.964457500000000000e+05 9.100156272697980903e-22
2.473148593750000000e+05 5.267286671658981900e-23
3.118317812500000000e+05 2.379722806439236658e-24
3.928915000000000000e+05 1.022981969700975329e-25
4.962840000000000000e+05 4.777841894015790033e-27
6.244907500000000000e+05 2.816231385883194846e-28
7.857830000000000000e+05 1.646295967693000757e-29
9.925680000000000000e+05 6.326007934866870460e-31
1.248981500000000000e+06 1.212589624373329357e-32
1.571566000000000000e+06 7.379782364690692982e-35
1.981000250000000000e+06 8.451731770303238877e-38
2.497963000000000000e+06 7.025591635540463462e-42
3.147267500000000000e+06 3.814831066285701700e-48
3.970272000000000000e+06 5.011587884649157776e-59
5.004197000000000000e+06 9.867161214882988760e-79
6.286264000000000000e+06 5.041023130796789925e-113
7.940544000000000000e+06 5.674796022616361175e-171
1.000839400000000000e+07 9.999999999999999821e-201
