1.211760009765625000e+03 5.442664765080149528e-17
1.526073364257812500e+03 2.927272235219631106e-17
1.923100463867187500e+03 1.514614550825606569e-17
2.423520019531250000e+03 7.472766267844599832e-18
3.056282226562500000e+03 3.441775277716399298e-18
3.850336669921875000e+03 1.481449841023539316e-18
4.838769042968750000e+03 5.797789110171725701e-19
6.120835937500000000e+03 2.037445925325068852e-19
7.692401855468750000e+03 2.107235137989331219e-23
9.718894531250000000e+03 1.486829573654257644e-23
1.224167187500000000e+04 1.023543831883301929e-23
1.542616113281250000e+04 6.725426035755533334e-24
1.943778906250000000e+04 4.134663244485287506e-24
2.448334375000000000e+04 2.336651790051189035e-24
3.085232226562500000e+04 1.204881791259842501e-24
3.891693750000000000e+04 5.612120022400728252e-25
4.921482812500000000e+04 2.282130089732007199e-25
6.162192968750000000e+04 8.127981398306489694e-26
7.775115625000000000e+04 2.238779748528364620e-26
9.801609375000000000e+04 4.653074527790970502e-27
1.236574296875000000e+05 6.791201895390906260e-28
1.559158906250000000e+05 6.825077997857253742e-29
1.964457500000000000e+05 4.655516215330151206e-30
2.473148593750000000e+05 2.309644799156304877e-31
3.118317812500000000e+05 9.038450993412379045e-33
3.928915000000000000e+05 3.435134306808340344e-34
4.962840000000000000e+05 1.439049146927850493e-35
6.244907500000000000e+05 7.693594494736014910e-37
7.857830000000000000e+05 4.076754281084695026e-38
9.925680000000000000e+05 1.426028112098449987e-39
1.248981500000000000e+06 2.521650500123054491e-41
1.571566000000000000e+06 1.418865638584413425e-43
1.981000250000000000e+06 1.460878845672591795e-46
2.497963000000000000e+06 1.015978635750642525e-50
3.147267500000000000e+06 3.829084926723403320e-57
3.970272000000000000e+06 2.361546458388900126e-68
5.004197000000000000e+06 1.150034053720131767e-88
6.286264000000000000e+06 5.986435673574215262e-124
7.940544000000000000e+06 2.188827660168914484e-183
1.000839400000000000e+07 9.999999999999999821e-201
