1.211760009765625000e+03 1.295279486426397090e-11
1.526073364257812500e+03 9.474077031555426807e-12
1.923100463867187500e+03 6.913862276048494529e-12
2.423520019531250000e+03 5.025434960679303135e-12
3.056282226562500000e+03 3.624421608051415134e-12
3.850336669921875000e+03 2.598135031938222179e-12
4.838769042968750000e+03 1.850861283330535121e-12
6.120835937500000000e+03 1.292994881812293305e-12
7.692401855468750000e+03 8.988940562805601824e-13
9.718894531250000000e+03 6.088254353338817930e-13
1.224167187500000000e+04 3.974986601409643057e-13
1.542616113281250000e+04 2.437093431870406897e-13
1.943778906250000000e+04 1.373114412124249789e-13
2.448334375000000000e+04 7.022642208627999681e-14
3.085232226562500000e+04 3.239543159898743868e-14
3.891693750000000000e+04 1.322608266867436742e-14
4.921482812500000000e+04 4.634895639006975220e-15
6.162192968750000000e+04 1.387048797374841643e-15
7.775115625000000000e+04 3.130534793663439707e-16
9.801609375000000000e+04 5.182639764071139760e-17
1.236574296875000000e+05 5.921780369125997350e-18
1.559158906250000000e+05 4.552691881085080786e-19
1.964457500000000000e+05 2.361959945071712809e-20
2.473148593750000000e+05 8.933956462026689985e-22
3.118317812500000000e+05 2.700217517407121321e-23
3.928915000000000000e+05 8.145905215583021696e-25
4.962840000000000000e+05 2.701274037639378148e-26
6.244907500000000000e+05 1.069831036401200305e-27
7.857830000000000000e+05 3.618932778143463164e-29
9.925680000000000000e+05 6.823202460084878738e-31
1.248981500000000000e+06 5.496396035055832450e-33
1.571566000000000000e+06 1.144963007249757971e-35
1.981000250000000000e+06 3.096855196464668726e-39
2.497963000000000000e+06 2.604484239570705882e-44
3.147267500000000000e+06 2.088006706757328434e-52
3.970272000000000000e+06 8.523006988490118197e-67
5.004197000000000000e+06 9.497978690124691336e-93
6.286264000000000000e+06 6.171551827726133557e-137
7.940544000000000000e+06 9.999999999999999821e-201
1.000839400000000000e+07 9.999999999999999821e-201
