1.211760009765625000e+03 8.207588284182650202e-15
1.526073364257812500e+03 4.262345720877233354e-15
1.923100463867187500e+03 2.158129541331822733e-15
2.423520019531250000e+03 1.046187203710189401e-15
3.056282226562500000e+03 4.893462961279225227e-16
3.850336669921875000e+03 2.163153148763044043e-16
4.838769042968750000e+03 9.098510012331924314e-17
6.120835937500000000e+03 3.564339503094723856e-17
7.692401855468750000e+03 1.326938844985588697e-17
9.718894531250000000e+03 1.635650423285055549e-18
1.224167187500000000e+04 1.171816859375096995e-18
1.542616113281250000e+04 7.889573652326231851e-19
1.943778906250000000e+04 4.891375435960680636e-19
2.448334375000000000e+04 2.748284018184227011e-19
3.085232226562500000e+04 1.393756940886668682e-19
3.891693750000000000e+04 6.272942065714127698e-20
4.921482812500000000e+04 2.415888080862927882e-20
6.162192968750000000e+04 8.012337745729531467e-21
7.775115625000000000e+04 2.001929975347006505e-21
9.801609375000000000e+04 3.693597742304431757e-22
1.236574296875000000e+05 4.705176976459022696e-23
1.559158906250000000e+05 4.065447265049218690e-24
1.964457500000000000e+05 2.372844553113517961e-25
2.473148593750000000e+05 1.002206654394019374e-26
3.118317812500000000e+05 3.387545612747115784e-28
3.928915000000000000e+05 1.115589086371835353e-29
4.962840000000000000e+05 4.097268269777638554e-31
6.244907500000000000e+05 1.804428914257065595e-32
7.857830000000000000e+05 6.858461313417047604e-34
9.925680000000000000e+05 1.468022347472807376e-35
1.248981500000000000e+06 1.346364900330190086e-37
1.571566000000000000e+06 3.207179292016128679e-40
1.981000250000000000e+06 1.005472466384632866e-43
2.497963000000000000e+06 9.766815898390147832e-49
3.147267500000000000e+06 9.107263295430899256e-57
3.970272000000000000e+06 4.348178141585636831e-71
5.004197000000000000e+06 5.647446788722790138e-97
6.286264000000000000e+06 4.270553217016565097e-141
7.940544000000000000e+06 9.999999999999999821e-201
1.000839400000000000e+07 9.999999999999999821e-201
