1.211760009765625000e+03 2.079919944550079979e-15
1.526073364257812500e+03 1.384520651793068753e-15
1.923100463867187500e+03 9.103382792526961210e-16
2.423520019531250000e+03 6.028031456061309196e-16
3.056282226562500000e+03 3.965217722142703977e-16
3.850336669921875000e+03 2.602420516266895526e-16
4.838769042968750000e+03 1.711488786533272261e-16
6.120835937500000000e+03 1.112605275666684950e-16
7.692401855468750000e+03 7.264797300941295928e-17
9.718894531250000000e+03 4.673994455434304644e-17
1.224167187500000000e+04 2.952728048964202474e-17
1.542616113281250000e+04 1.795044156326345544e-17
1.943778906250000000e+04 1.026678235963108432e-17
2.448334375000000000e+04 5.450008340350776023e-18
3.085232226562500000e+04 2.641159521736859622e-18
3.891693750000000000e+04 1.167079044934029633e-18
4.921482812500000000e+04 4.532587155795467456e-19
6.162192968750000000e+04 1.554474722367708992e-19
7.775115625000000000e+04 4.186444582964625565e-20
9.801609375000000000e+04 8.567910222657703857e-21
1.236574296875000000e+05 1.254687508751537285e-21
1.559158906250000000e+05 1.267495578747941847e-22
1.964457500000000000e+05 8.768110537254595069e-24
2.473148593750000000e+05 4.352439309949034112e-25
3.118317812500000000e+05 1.681938932941074155e-26
3.928915000000000000e+05 6.191985263791757948e-28
4.962840000000000000e+05 2.485605763660370488e-29
6.244907500000000000e+05 1.286415276442036576e-30
7.857830000000000000e+05 6.911392201824948727e-32
9.925680000000000000e+05 2.576200026408368911e-33
1.248981500000000000e+06 5.182881195677499984e-35
1.571566000000000000e+06 3.568672865378393732e-37
1.981000250000000000e+06 5.041735034441191788e-40
2.497963000000000000e+06 6.218306541713750275e-44
3.147267500000000000e+06 7.668874684580344147e-50
3.970272000000000000e+06 5.492969941806072156e-60
5.004197000000000000e+06 2.606577740413979180e-78
6.286264000000000000e+06 2.484070256701149814e-110
7.940544000000000000e+06 7.477781986911119531e-165
1.000839400000000000e+07 9.999999999999999821e-201
