1.211760009765625000e+03 1.631553968479404068e-13
1.526073364257812500e+03 1.018611622390614953e-13
1.923100463867187500e+03 6.623495755942029079e-14
2.423520019531250000e+03 4.440068624144332670e-14
3.056282226562500000e+03 3.017120832165868038e-14
3.850336669921875000e+03 2.057636703373674739e-14
4.838769042968750000e+03 1.409094592919925399e-14
6.120835937500000000e+03 9.526067293871837684e-15
7.692401855468750000e+03 6.444578250835020125e-15
9.718894531250000000e+03 4.290880155808542188e-15
1.224167187500000000e+04 2.810427902026168900e-15
1.542616113281250000e+04 1.759673828122870526e-15
1.943778906250000000e+04 1.032900528302278625e-15
2.448334375000000000e+04 5.572023452448181835e-16
3.085232226562500000e+04 2.763435425520973336e-16
3.891693750000000000e+04 1.234075545791321946e-16
4.921482812500000000e+04 4.857271049477090827e-17
6.162192968750000000e+04 1.691223845161277480e-17
7.775115625000000000e+04 4.621154404220546003e-18
9.801609375000000000e+04 9.620539192869936990e-19
1.236574296875000000e+05 1.427434339666603704e-19
1.559158906250000000e+05 1.467008771699006783e-20
1.964457500000000000e+05 1.028165342761401856e-21
2.473148593750000000e+05 5.189446869554615045e-23
3.118317812500000000e+05 2.041269918614543393e-24
3.928915000000000000e+05 7.674802787489257821e-26
4.962840000000000000e+05 3.128583643496125879e-27
6.244907500000000000e+05 1.645898529212213286e-28
7.857830000000000000e+05 8.986949612280117193e-30
9.925680000000000000e+05 3.409676505540487803e-31
1.248981500000000000e+06 6.930252570220200992e-33
1.571566000000000000e+06 4.833163250748691892e-35
1.981000250000000000e+06 6.895151852353928831e-38
2.497963000000000000e+06 8.566810694318178849e-42
3.147267500000000000e+06 1.056123043846301847e-47
3.970272000000000000e+06 7.542334874223017202e-58
5.004197000000000000e+06 3.646922364877453427e-76
6.286264000000000000e+06 3.505997893951622378e-108
7.940544000000000000e+06 1.073200192565947566e-162
1.000839400000000000e+07 9.999999999999999821e-201
