1.211760009765625000e+03 4.645569696510058548e-12
1.526073364257812500e+03 3.134950332988591552e-12
1.923100463867187500e+03 2.118890822398516714e-12
2.423520019531250000e+03 1.432280201336881133e-12
3.056282226562500000e+03 9.629144822708060502e-13
3.850336669921875000e+03 6.467212563317406443e-13
4.838769042968750000e+03 4.334302723759842376e-13
6.120835937500000000e+03 2.882029207129026152e-13
7.692401855468750000e+03 1.901703837061192155e-13
9.718894531250000000e+03 1.242065341104066381e-13
1.224167187500000000e+04 8.005082919138476735e-14
1.542616113281250000e+04 4.996102698502215099e-14
1.943778906250000000e+04 2.965757336452174896e-14
2.448334375000000000e+04 1.643128686772267787e-14
3.085232226562500000e+04 8.411998988816088996e-15
3.891693750000000000e+04 3.948044557941973248e-15
4.921482812500000000e+04 1.662269615937418363e-15
6.162192968750000000e+04 6.293695421453496264e-16
7.775115625000000000e+04 1.918284818869934274e-16
9.801609375000000000e+04 4.577413527411664485e-17
1.236574296875000000e+05 7.981462821343153097e-18
1.559158906250000000e+05 9.804229920777926554e-19
1.964457500000000000e+05 8.304731753299240005e-20
2.473148593750000000e+05 5.003716728189011184e-21
3.118317812500000000e+05 2.329090662035213733e-22
3.928915000000000000e+05 9.787639839685193987e-24
4.962840000000000000e+05 4.340979824699416940e-25
6.244907500000000000e+05 2.509570282197366880e-26
7.857830000000000000e+05 1.702880704612433736e-27
9.925680000000000000e+05 9.778132102462133688e-29
1.248981500000000000e+06 3.686294651061321083e-30
1.571566000000000000e+06 6.123391918261661547e-32
1.981000250000000000e+06 2.879092744116796658e-34
2.497963000000000000e+06 2.213662284008504516e-37
3.147267500000000000e+06 7.252630644882384918e-42
3.970272000000000000e+06 3.255162604085792865e-49
5.004197000000000000e+06 2.881439469160973491e-62
6.286264000000000000e+06 2.294566083147195427e-85
7.940544000000000000e+06 7.404275217130214763e-126
1.000839400000000000e+07 9.999999999999999821e-201
