1.211760009765625000e+03 4.707842748742098295e-17
1.526073364257812500e+03 2.462460396828959302e-17
1.923100463867187500e+03 1.239838886042029747e-17
2.423520019531250000e+03 5.912852714995941206e-18
3.056282226562500000e+03 2.666192443337402998e-18
3.850336669921875000e+03 1.106637082937442078e-18
4.838769042968750000e+03 2.029364481494795862e-22
6.120835937500000000e+03 1.461309395456897378e-22
7.692401855468750000e+03 1.004764247268581993e-22
9.718894531250000000e+03 6.334600086493095354e-23
1.224167187500000000e+04 3.634726393832926564e-23
1.542616113281250000e+04 1.863586208847390524e-23
1.943778906250000000e+04 8.538454503838596881e-24
2.448334375000000000e+04 3.480707070725965795e-24
3.085232226562500000e+04 1.241845011046006499e-24
3.891693750000000000e+04 3.779460953386768007e-25
4.921482812500000000e+04 9.383397811088087532e-26
6.162192968750000000e+04 1.953694334044814235e-26
7.775115625000000000e+04 2.926188558946797247e-27
9.801609375000000000e+04 3.190715042581422026e-28
1.236574296875000000e+05 2.386538644004969996e-29
1.559158906250000000e+05 1.243929840146796284e-30
1.964457500000000000e+05 4.687398858242886825e-32
2.473148593750000000e+05 1.416736824492686422e-33
3.118317812500000000e+05 3.622447290867554354e-35
3.928915000000000000e+05 8.050821446569832868e-37
4.962840000000000000e+05 1.278487843861116373e-38
6.244907500000000000e+05 1.273001002197582939e-40
7.857830000000000000e+05 5.275359069637349939e-43
9.925680000000000000e+05 5.168684474093129526e-46
1.248981500000000000e+06 7.260048460447937895e-50
1.571566000000000000e+06 3.110516311104621179e-55
1.981000250000000000e+06 1.375283984206160014e-63
2.497963000000000000e+06 8.403392081596066752e-78
3.147267500000000000e+06 9.984114804906125147e-103
3.970272000000000000e+06 7.742560680217231352e-146
5.004197000000000000e+06 9.999999999999999821e-201
6.286264000000000000e+06 9.999999999999999821e-201
7.940544000000000000e+06 9.999999999999999821e-201
1.000839400000000000e+07 9.999999999999999821e-201
