1.211760009765625000e+03 9.764414589983609602e-13
1.526073364257812500e+03 6.744570243523496246e-13
1.923100463867187500e+03 4.684707689665137797e-13
2.423520019531250000e+03 3.261405076481971634e-13
3.056282226562500000e+03 2.257146282899316811e-13
3.850336669921875000e+03 1.558643778785129328e-13
4.838769042968750000e+03 1.063730324892287279e-13
6.120835937500000000e+03 7.002107519897632038e-14
7.692401855468750000e+03 4.412000811333738568e-14
9.718894531250000000e+03 2.557301516399064068e-14
1.224167187500000000e+04 1.348366242873505191e-14
1.542616113281250000e+04 6.363465103381334074e-15
1.943778906250000000e+04 2.664333469256761892e-15
2.448334375000000000e+04 9.944877344931329339e-16
3.085232226562500000e+04 3.247309004039557891e-16
3.891693750000000000e+04 9.019777381664164829e-17
4.921482812500000000e+04 2.026047935536978958e-17
6.162192968750000000e+04 3.795748991858497581e-18
7.775115625000000000e+04 5.129049608940453913e-19
9.801609375000000000e+04 4.998786900044229069e-20
1.236574296875000000e+05 3.368098892748949527e-21
1.559158906250000000e+05 1.588781677019175080e-22
1.964457500000000000e+05 5.491952393612934974e-24
2.473148593750000000e+05 1.516820273632671990e-25
3.118317812500000000e+05 3.514422023744268169e-27
3.928915000000000000e+05 7.013973229966144582e-29
4.962840000000000000e+05 9.948362000462706333e-31
6.244907500000000000e+05 8.712752760942472133e-33
7.857830000000000000e+05 3.192980489517343742e-35
9.925680000000000000e+05 2.717051703273280392e-38
1.248981500000000000e+06 3.308056863717148284e-42
1.571566000000000000e+06 1.231539263446399649e-47
1.981000250000000000e+06 4.692145357879838988e-56
2.497963000000000000e+06 2.451661413440694940e-70
3.147267500000000000e+06 2.501045844344574525e-95
3.970272000000000000e+06 1.663881417702312478e-138
5.004197000000000000e+06 9.999999999999999821e-201
6.286264000000000000e+06 9.999999999999999821e-201
7.940544000000000000e+06 9.999999999999999821e-201
1.000839400000000000e+07 9.999999999999999821e-201
