1.211760009765625000e+03 4.184749109992975363e-14
1.526073364257812500e+03 2.897603935538351016e-14
1.923100463867187500e+03 1.993326917823705831e-14
2.423520019531250000e+03 1.369979978428837796e-14
3.056282226562500000e+03 9.380188853195821555e-15
3.850336669921875000e+03 6.421689266232664349e-15
4.838769042968750000e+03 4.383517050601795579e-15
6.120835937500000000e+03 2.931443702677563800e-15
7.692401855468750000e+03 1.946917788291007884e-15
9.718894531250000000e+03 1.239227908860357701e-15
1.224167187500000000e+04 7.398620638178561182e-16
1.542616113281250000e+04 4.028504941462758333e-16
1.943778906250000000e+04 1.973502036357734881e-16
2.448334375000000000e+04 8.666626834796852003e-17
3.085232226562500000e+04 3.387565552146626581e-17
3.891693750000000000e+04 1.155858586247937308e-17
4.921482812500000000e+04 3.284634456224475512e-18
6.162192968750000000e+04 7.947341842928911560e-19
7.775115625000000000e+04 1.396684411353779888e-19
9.801609375000000000e+04 1.804720476575274245e-20
1.236574296875000000e+05 1.589355124958348613e-21
1.559158906250000000e+05 9.570788264836460439e-23
1.964457500000000000e+05 4.054782163184782531e-24
2.473148593750000000e+05 1.331188322719800544e-25
3.118317812500000000e+05 3.766408629041333456e-27
3.928915000000000000e+05 1.098662261436324733e-28
4.962840000000000000e+05 3.236773574724929184e-30
6.244907500000000000e+05 8.301119688384816001e-32
7.857830000000000000e+05 1.266711017131031019e-33
9.925680000000000000e+05 7.202158922775017830e-36
1.248981500000000000e+06 1.098986453877784645e-38
1.571566000000000000e+06 2.251244872897228726e-42
1.981000250000000000e+06 1.442462810930260966e-47
2.497963000000000000e+06 1.002485552232467357e-55
3.147267500000000000e+06 6.921094636339182569e-70
3.970272000000000000e+06 1.320504726510192907e-95
5.004197000000000000e+06 1.881651537437948787e-140
6.286264000000000000e+06 9.999999999999999821e-201
7.940544000000000000e+06 9.999999999999999821e-201
1.000839400000000000e+07 9.999999999999999821e-201
