1.211760009765625000e+03 2.565649751959979387e-10
1.526073364257812500e+03 1.493304417291095676e-10
1.923100463867187500e+03 8.554040727460680433e-11
2.423520019531250000e+03 4.900843390656854880e-11
3.056282226562500000e+03 2.759956087592992194e-11
3.850336669921875000e+03 1.543183411096480331e-11
4.838769042968750000e+03 8.462270118535056953e-12
6.120835937500000000e+03 4.528662928379335607e-12
7.692401855468750000e+03 2.362930786500283123e-12
9.718894531250000000e+03 1.162810437195396616e-12
1.224167187500000000e+04 5.270303659445416639e-13
1.542616113281250000e+04 2.116754968037237422e-13
1.943778906250000000e+04 7.381664730474874288e-14
2.448334375000000000e+04 2.187699061359086765e-14
3.085232226562500000e+04 2.203460661493055249e-17
3.891693750000000000e+04 1.035239266218341447e-17
4.921482812500000000e+04 4.048457585272306676e-18
6.162192968750000000e+04 1.345019066851695913e-18
7.775115625000000000e+04 3.267698849475435149e-19
9.801609375000000000e+04 5.771155309908327798e-20
1.236574296875000000e+05 6.973736953418781382e-21
1.559158906250000000e+05 5.702179091109104929e-22
1.964457500000000000e+05 3.233005077670612739e-23
2.473148593750000000e+05 1.388570938884719825e-24
3.118317812500000000e+05 5.115960030242716861e-26
3.928915000000000000e+05 1.913511407445388389e-27
4.962840000000000000e+05 7.441047855071542790e-29
6.244907500000000000e+05 2.714861405369132498e-30
7.857830000000000000e+05 6.283389145320145950e-32
9.925680000000000000e+05 5.833928966767665776e-34
1.248981500000000000e+06 1.620035587411995753e-36
1.571566000000000000e+06 7.008649975155478641e-40
1.981000250000000000e+06 1.416350195630851760e-44
2.497963000000000000e+06 7.608429148974879454e-52
3.147267500000000000e+06 2.313960765179567426e-64
3.970272000000000000e+06 3.387996579308183478e-87
5.004197000000000000e+06 1.557307427283838370e-127
6.286264000000000000e+06 4.351441836365052337e-193
7.940544000000000000e+06 9.999999999999999821e-201
1.000839400000000000e+07 9.999999999999999821e-201
