1.211760009765625000e+03 2.503376699727940676e-12
1.526073364257812500e+03 1.691093081832962785e-12
1.923100463867187500e+03 1.137922849065870237e-12
2.423520019531250000e+03 7.659513812589495171e-13
3.056282226562500000e+03 5.134802023428823185e-13
3.850336669921875000e+03 3.403620264575740116e-13
4.838769042968750000e+03 2.258679450756047684e-13
6.120835937500000000e+03 1.476099322060940148e-13
7.692401855468750000e+03 9.586198881818218653e-14
9.718894531250000000e+03 5.981835373276194318e-14
1.224167187500000000e+04 3.531103451828429673e-14
1.542616113281250000e+04 1.912815120618367672e-14
1.943778906250000000e+04 9.344419514300562574e-15
2.448334375000000000e+04 4.103401240491320077e-15
3.085232226562500000e+04 1.600408269926534984e-15
3.891693750000000000e+04 5.504442927697523107e-16
4.921482812500000000e+04 1.569470543331592901e-16
6.162192968750000000e+04 3.809925253743001824e-17
7.775115625000000000e+04 6.815486171763050165e-18
9.801609375000000000e+04 8.859625143726456346e-19
1.236574296875000000e+05 7.894796551040128277e-20
1.559158906250000000e+05 4.758803873830025152e-21
1.964457500000000000e+05 2.003057493774183613e-22
2.473148593750000000e+05 6.439749281784204890e-24
3.118317812500000000e+05 1.751660227746147563e-25
3.928915000000000000e+05 4.904258866489660287e-27
4.962840000000000000e+05 1.433832682842631445e-28
6.244907500000000000e+05 4.006075976215426299e-30
7.857830000000000000e+05 7.130280725776338559e-32
9.925680000000000000e+05 5.170354107988404865e-34
1.248981500000000000e+06 1.130649837047955551e-36
1.571566000000000000e+06 3.881398553492535931e-40
1.981000250000000000e+06 6.224486386061900066e-45
2.497963000000000000e+06 2.743645662812153655e-52
3.147267500000000000e+06 6.839494651061731576e-65
3.970272000000000000e+06 8.469991448270458695e-88
5.004197000000000000e+06 3.615970237140536606e-128
6.286264000000000000e+06 1.033010351910191320e-193
7.940544000000000000e+06 9.999999999999999821e-201
1.000839400000000000e+07 9.999999999999999821e-201
