1.211760009765625000e+03 4.907116515884620111e-13
1.526073364257812500e+03 2.788820170040324330e-13
1.923100463867187500e+03 1.561701013545573640e-13
2.423520019531250000e+03 8.531408155789249989e-14
3.056282226562500000e+03 4.557795205250196488e-14
3.850336669921875000e+03 2.359552500799011609e-14
4.838769042968750000e+03 1.184916766052374334e-14
6.120835937500000000e+03 5.640886693588848383e-15
7.692401855468750000e+03 2.582551251242411650e-15
9.718894531250000000e+03 1.095656458765096220e-15
1.224167187500000000e+04 4.255576369179018436e-16
1.542616113281250000e+04 9.568168706515664521e-19
1.943778906250000000e+04 6.925635910067070085e-19
2.448334375000000000e+04 4.673419716773952029e-19
3.085232226562500000e+04 2.901402161425111927e-19
3.891693750000000000e+04 1.649772297530345181e-19
4.921482812500000000e+04 8.378212089782889913e-20
6.162192968750000000e+04 3.811895539073439004e-20
7.775115625000000000e+04 1.396424550569332995e-20
9.801609375000000000e+04 3.979750709482347683e-21
1.236574296875000000e+05 8.251314873900143619e-22
1.559158906250000000e+05 1.200735586503427374e-22
1.964457500000000000e+05 1.201722138704988345e-23
2.473148593750000000e+05 8.511548264411361151e-25
3.118317812500000000e+05 4.548461499860452415e-26
3.928915000000000000e+05 2.194369314142241107e-27
4.962840000000000000e+05 1.096718466586783958e-28
6.244907500000000000e+05 7.052944127706353581e-30
7.857830000000000000e+05 5.251167035257815988e-31
9.925680000000000000e+05 3.233613387735345447e-32
1.248981500000000000e+06 1.299670651108971826e-33
1.571566000000000000e+06 2.304065818119847467e-35
1.981000250000000000e+06 1.160523000198461174e-37
2.497963000000000000e+06 9.464871794376770563e-41
3.147267500000000000e+06 3.279785878060463264e-45
3.970272000000000000e+06 1.542966495815606053e-52
5.004197000000000000e+06 1.409893193628084828e-65
6.286264000000000000e+06 1.129415228980849904e-88
7.940544000000000000e+06 3.550309738024949416e-129
1.000839400000000000e+07 9.999999999999999821e-201
