1.211760009765625000e+03 9.216411730341670762e-13
1.526073364257812500e+03 5.221620743905287958e-13
1.923100463867187500e+03 2.911512944851295225e-13
2.423520019531250000e+03 1.581735526693773448e-13
3.056282226562500000e+03 8.444019285999821822e-14
3.850336669921875000e+03 4.350669893499838847e-14
4.838769042968750000e+03 2.179623209133183150e-14
6.120835937500000000e+03 1.034573105374373821e-14
7.692401855468750000e+03 4.715112511738038615e-15
9.718894531250000000e+03 2.003309980864450947e-15
1.224167187500000000e+04 7.763714395896000136e-16
1.542616113281250000e+04 3.174055965142214751e-18
1.943778906250000000e+04 2.292856160517350600e-18
2.448334375000000000e+04 1.550094658533934415e-18
3.085232226562500000e+04 9.651603108414150306e-19
3.891693750000000000e+04 5.499240991767816790e-19
4.921482812500000000e+04 2.792737363260963786e-19
6.162192968750000000e+04 1.275090203713454365e-19
7.775115625000000000e+04 4.683768130961977858e-20
9.801609375000000000e+04 1.331932697125140585e-20
1.236574296875000000e+05 2.770602794901954265e-21
1.559158906250000000e+05 4.041310711856195107e-22
1.964457500000000000e+05 4.049281119549416403e-23
2.473148593750000000e+05 2.866311941198076468e-24
3.118317812500000000e+05 1.534033005849161322e-25
3.928915000000000000e+05 7.375015325767310271e-27
4.962840000000000000e+05 3.703672198637336129e-28
6.244907500000000000e+05 2.384566824129291140e-29
7.857830000000000000e+05 1.768407722167705628e-30
9.925680000000000000e+05 1.088582892020221709e-31
1.248981500000000000e+06 4.383809735883436144e-33
1.571566000000000000e+06 7.758112085352834185e-35
1.981000250000000000e+06 3.893562211329038192e-37
2.497963000000000000e+06 3.170811321399252933e-40
3.147267500000000000e+06 1.100361062985653593e-44
3.970272000000000000e+06 5.157668904552166035e-52
5.004197000000000000e+06 4.694479534827579156e-65
6.286264000000000000e+06 3.757477588724751056e-88
7.940544000000000000e+06 1.177444495395616116e-128
1.000839400000000000e+07 9.999999999999999821e-201
