1.211760009765625000e+03 2.254284490799787495e-11
1.526073364257812500e+03 1.265847453067948557e-11
1.923100463867187500e+03 6.968796482555121512e-12
2.423520019531250000e+03 3.748837744368706580e-12
3.056282226562500000e+03 1.980147212681829692e-12
3.850336669921875000e+03 1.015156308483295542e-12
4.838769042968750000e+03 5.051487265802228346e-13
6.120835937500000000e+03 2.404150835346163441e-13
7.692401855468750000e+03 1.103453716439939443e-13
9.718894531250000000e+03 4.777123800522923189e-14
1.224167187500000000e+04 1.940928598974000113e-14
1.542616113281250000e+04 1.600828225897812995e-15
1.943778906250000000e+04 1.156513957797608041e-15
2.448334375000000000e+04 7.819880516186117926e-16
3.085232226562500000e+04 4.885013843215750826e-16
3.891693750000000000e+04 2.793265265659843288e-16
4.921482812500000000e+04 1.419564174680822169e-16
6.162192968750000000e+04 6.464618165680102183e-17
7.775115625000000000e+04 2.368001731638769420e-17
9.801609375000000000e+04 6.739900395091072633e-18
1.236574296875000000e+05 1.403449450692692744e-18
1.559158906250000000e+05 2.020655355928097570e-19
1.964457500000000000e+05 2.020286494054762564e-20
2.473148593750000000e+05 1.420921712313436864e-21
3.118317812500000000e+05 7.519979979722115815e-23
3.928915000000000000e+05 3.584741055885259509e-24
4.962840000000000000e+05 1.769132739543271334e-25
6.244907500000000000e+05 1.119514940905770438e-26
7.857830000000000000e+05 8.108419686795157152e-28
9.925680000000000000e+05 4.860462359204679780e-29
1.248981500000000000e+06 1.908246590913966574e-30
1.571566000000000000e+06 3.248125240554349293e-32
1.981000250000000000e+06 1.584589272052515308e-34
2.497963000000000000e+06 1.236616415345708728e-37
3.147267500000000000e+06 4.067786381230834911e-42
3.970272000000000000e+06 1.807351204368280274e-49
5.004197000000000000e+06 1.549333179811082295e-62
6.286264000000000000e+06 1.156564633523659072e-85
7.940544000000000000e+06 3.370547219643939576e-126
1.000839400000000000e+07 9.999999999999999821e-201
