1.211760009765625000e+03 1.843282346068334233e-10
1.526073364257812500e+03 1.068058788526081859e-10
1.923100463867187500e+03 6.184022103889004653e-11
2.423520019531250000e+03 3.530879872388301782e-11
3.056282226562500000e+03 2.004750489170444672e-11
3.850336669921875000e+03 1.120650141349248947e-11
4.838769042968750000e+03 6.198688512938200206e-12
6.120835937500000000e+03 3.340199191462383128e-12
7.692401855468750000e+03 1.771916166258688097e-12
9.718894531250000000e+03 8.985842598031124445e-13
1.224167187500000000e+04 4.269673049815814449e-13
1.542616113281250000e+04 1.851000669620172771e-13
1.943778906250000000e+04 7.023573536132812319e-14
2.448334375000000000e+04 2.320252670608733133e-14
3.085232226562500000e+04 4.738919471008929848e-17
3.891693750000000000e+04 2.432183029049957243e-17
4.921482812500000000e+04 1.063027875822781495e-17
6.162192968750000000e+04 4.001985351190520792e-18
7.775115625000000000e+04 1.132802731975113084e-18
9.801609375000000000e+04 2.358079307435980298e-19
1.236574296875000000e+05 3.408950471775802062e-20
1.559158906250000000e+05 3.335301851120846756e-21
1.964457500000000000e+05 2.228928812490210451e-22
2.473148593750000000e+05 1.100934763204787053e-23
3.118317812500000000e+05 4.459886520590889282e-25
3.928915000000000000e+05 1.808808334763008454e-26
4.962840000000000000e+05 8.063350609016466445e-28
6.244907500000000000e+05 4.054090116872789466e-29
7.857830000000000000e+05 1.581143328213750402e-30
9.925680000000000000e+05 3.101009756408954896e-32
1.248981500000000000e+06 2.316558584402619372e-34
1.571566000000000000e+06 3.842944877679989729e-37
1.981000250000000000e+06 6.382034371686910452e-41
2.497963000000000000e+06 1.785034533001416490e-46
3.147267500000000000e+06 1.240549283917808722e-55
3.970272000000000000e+06 3.483219521697928303e-72
5.004197000000000000e+06 5.181511321813765203e-102
6.286264000000000000e+06 3.664527817378202614e-152
7.940544000000000000e+06 9.999999999999999821e-201
1.000839400000000000e+07 9.999999999999999821e-201
