1.211760009765625000e+03 2.254284490799787575e-12
1.526073364257812500e+03 1.473525550836909011e-12
1.923100463867187500e+03 9.574247419726631961e-13
2.423520019531250000e+03 6.208619458150152555e-13
3.056282226562500000e+03 4.004563169254261564e-13
3.850336669921875000e+03 2.574360639393204288e-13
4.838769042968750000e+03 1.650906990883037901e-13
6.120835937500000000e+03 1.043812247331994728e-13
7.692401855468750000e+03 6.579184888956135839e-14
9.718894531250000000e+03 4.042126519850121385e-14
1.224167187500000000e+04 2.388313157152909735e-14
1.542616113281250000e+04 1.326682883375832078e-14
1.943778906250000000e+04 6.765353920833812033e-15
2.448334375000000000e+04 3.126364232524316450e-15
3.085232226562500000e+04 1.304441248117440764e-15
3.891693750000000000e+04 4.848469436995011064e-16
4.921482812500000000e+04 1.538765659755816437e-16
6.162192968750000000e+04 4.200914447594727969e-17
7.775115625000000000e+04 8.614349465994593159e-18
9.801609375000000000e+04 1.298835126555647348e-18
1.236574296875000000e+05 1.361822997745488194e-19
1.559158906250000000e+05 9.696616910526770446e-21
1.964457500000000000e+05 4.715886329874606813e-22
2.473148593750000000e+05 1.697050659379086583e-23
3.118317812500000000e+05 5.036408436667272278e-25
3.928915000000000000e+05 1.517787191793712354e-26
4.962840000000000000e+05 5.047288167475956294e-28
6.244907500000000000e+05 1.914132734226409723e-29
7.857830000000000000e+05 5.745563079987994629e-31
9.925680000000000000e+05 8.762486284164753021e-33
1.248981500000000000e+06 5.212256814905892411e-35
1.571566000000000000e+06 7.008589125577298818e-38
1.981000250000000000e+06 9.643963050549109031e-42
2.497963000000000000e+06 2.297757218012461632e-47
3.147267500000000000e+06 1.432043468683644825e-56
3.970272000000000000e+06 3.863207105883156859e-73
5.004197000000000000e+06 6.088451566744534419e-103
6.286264000000000000e+06 4.584399085822119615e-153
7.940544000000000000e+06 9.999999999999999821e-201
1.000839400000000000e+07 9.999999999999999821e-201
