1.211760009765625000e+03 1.619099358032996443e-11
1.526073364257812500e+03 8.059888080081079698e-12
1.923100463867187500e+03 3.900328661970603840e-12
2.423520019531250000e+03 1.880646177407557521e-12
3.056282226562500000e+03 9.234107664341376728e-13
3.850336669921875000e+03 4.899493856176041008e-13
4.838769042968750000e+03 2.890847896760244688e-13
6.120835937500000000e+03 1.919475811302946588e-13
7.692401855468750000e+03 1.390196675874449888e-13
9.718894531250000000e+03 1.028642665384633700e-13
1.224167187500000000e+04 7.744971577025125514e-14
1.542616113281250000e+04 5.675334695335997600e-14
1.943778906250000000e+04 3.976319610893761858e-14
2.448334375000000000e+04 2.619538107696128243e-14
3.085232226562500000e+04 1.597118360474179740e-14
3.891693750000000000e+04 8.945993273280345002e-15
4.921482812500000000e+04 4.509767798907294640e-15
6.162192968750000000e+04 2.060278861474866015e-15
7.775115625000000000e+04 7.709691471059350250e-16
9.801609375000000000e+04 2.286614904847137885e-16
1.236574296875000000e+05 5.019584270610295612e-17
1.559158906250000000e+05 7.856254731637856195e-18
1.964457500000000000e+05 8.515751112785259403e-19
2.473148593750000000e+05 6.554421142853089253e-20
3.118317812500000000e+05 3.746831619829327615e-21
3.928915000000000000e+05 1.874129036759233314e-22
4.962840000000000000e+05 9.403128099598239705e-24
6.244907500000000000e+05 6.049292367501880723e-25
7.857830000000000000e+05 4.790821133718735180e-26
9.925680000000000000e+05 3.531110087866158816e-27
1.248981500000000000e+06 1.901930124639182107e-28
1.571566000000000000e+06 5.086155871525340681e-30
1.981000250000000000e+06 4.547263042900432269e-32
2.497963000000000000e+06 8.724511003769841808e-35
3.147267500000000000e+06 1.356137935319765088e-38
3.970272000000000000e+06 1.270075277712248907e-44
5.004197000000000000e+06 3.903079765658487368e-55
6.286264000000000000e+06 8.595167274435485835e-74
7.940544000000000000e+06 4.948783947672882092e-107
1.000839400000000000e+07 9.999999999999999821e-201
