1.211760009765625000e+03 2.154647607228525831e-13
1.526073364257812500e+03 1.226289720159575195e-13
1.923100463867187500e+03 7.227772027514941038e-14
2.423520019531250000e+03 4.489887065929962532e-14
3.056282226562500000e+03 2.908497032489439174e-14
3.850336669921875000e+03 1.944149975247618401e-14
4.838769042968750000e+03 1.322444796846428673e-14
6.120835937500000000e+03 8.974882865747168703e-15
7.692401855468750000e+03 6.159731728709448892e-15
9.718894531250000000e+03 4.175367037357280847e-15
1.224167187500000000e+04 2.832221288244897553e-15
1.542616113281250000e+04 1.902012096891317227e-15
1.943778906250000000e+04 1.270384081785032288e-15
2.448334375000000000e+04 8.317343455858710343e-16
3.085232226562500000e+04 5.381462632280483679e-16
3.891693750000000000e+04 3.333060964503082506e-16
4.921482812500000000e+04 1.980831177949489659e-16
6.162192968750000000e+04 1.137052390551114519e-16
7.775115625000000000e+04 6.071955990879880115e-17
9.801609375000000000e+04 2.981498605839868983e-17
1.236574296875000000e+05 1.293128166604061784e-17
1.559158906250000000e+05 4.751726291221976487e-18
1.964457500000000000e+05 1.430247979366709172e-18
2.473148593750000000e+05 3.441837517916227682e-19
3.118317812500000000e+05 6.504001335111393373e-20
3.928915000000000000e+05 1.022677861430406989e-20
4.962840000000000000e+05 1.395049961209105547e-21
6.244907500000000000e+05 1.970246999217994140e-22
7.857830000000000000e+05 3.117590098141165991e-23
9.925680000000000000e+05 5.818812404474281794e-24
1.248981500000000000e+06 1.299127657855876253e-24
1.571566000000000000e+06 2.910314411027394891e-25
1.981000250000000000e+06 5.359248833349669168e-26
2.497963000000000000e+06 6.645411525850079212e-27
3.147267500000000000e+06 4.652469443581953079e-28
3.970272000000000000e+06 1.411561265977442111e-29
5.004197000000000000e+06 1.110452090876458568e-31
6.286264000000000000e+06 6.897874181767468312e-35
7.940544000000000000e+06 1.773711399919437693e-40
1.000839400000000000e+07 9.999999999999999821e-201
