1.211760009765625000e+03 2.515831310174348250e-11
1.526073364257812500e+03 1.671314215378776265e-11
1.923100463867187500e+03 1.106531873919225445e-11
2.423520019531250000e+03 7.285947111148484640e-12
3.056282226562500000e+03 4.809636858479988554e-12
3.850336669921875000e+03 3.163163366985540702e-12
4.838769042968750000e+03 2.074118437974616645e-12
6.120835937500000000e+03 1.346254827728216348e-12
7.692401855468750000e+03 8.749911989631456384e-13
9.718894531250000000e+03 5.635922531444709681e-13
1.224167187500000000e+04 3.610442268771050605e-13
1.542616113281250000e+04 2.296211139681147460e-13
1.943778906250000000e+04 1.454787790526061940e-13
2.448334375000000000e+04 9.038672627388001359e-14
3.085232226562500000e+04 5.590709582917320986e-14
3.891693750000000000e+04 3.344137699781153462e-14
4.921482812500000000e+04 1.952950537382713555e-14
6.162192968750000000e+04 1.120622096690475664e-14
7.775115625000000000e+04 6.132078406125824747e-15
9.801609375000000000e+04 3.174373253896604626e-15
1.236574296875000000e+05 1.511435997764378147e-15
1.559158906250000000e+05 6.440852724058845977e-16
1.964457500000000000e+05 2.363382248046326160e-16
2.473148593750000000e+05 7.329588070574621717e-17
3.118317812500000000e+05 1.882891274749767423e-17
3.928915000000000000e+05 4.101081849480490570e-18
4.962840000000000000e+05 7.797571560249395373e-19
6.244907500000000000e+05 1.457937673131255153e-19
7.857830000000000000e+05 2.874081374526307587e-20
9.925680000000000000e+05 6.295245274859322429e-21
1.248981500000000000e+06 1.641951908483816303e-21
1.571566000000000000e+06 4.652768881148231160e-22
1.981000250000000000e+06 1.251173936058522286e-22
2.497963000000000000e+06 2.777787927065936924e-23
3.147267500000000000e+06 4.423303437434275477e-24
3.970272000000000000e+06 4.371216958074003558e-25
5.004197000000000000e+06 2.117919494131647847e-26
6.286264000000000000e+06 3.085034767113542407e-28
7.940544000000000000e+06 3.217237483600244129e-31
1.000839400000000000e+07 9.999999999999999821e-201
