1.211760009765625000e+03 3.275562547405215528e-11
1.526073364257812500e+03 2.175675309960536774e-11
1.923100463867187500e+03 1.443984856745655841e-11
2.423520019531250000e+03 9.527776991501862541e-12
3.056282226562500000e+03 6.320672668228322564e-12
3.850336669921875000e+03 4.154836640650153151e-12
4.838769042968750000e+03 2.738460133145433787e-12
6.120835937500000000e+03 1.785143764240345959e-12
7.692401855468750000e+03 1.165347022834323801e-12
9.718894531250000000e+03 7.514563375259613918e-13
1.224167187500000000e+04 4.842675125006903538e-13
1.542616113281250000e+04 3.097442260761377091e-13
1.943778906250000000e+04 1.957772930867519311e-13
2.448334375000000000e+04 1.227549458179046120e-13
3.085232226562500000e+04 7.597630971656870458e-14
3.891693750000000000e+04 4.566884083401575465e-14
4.921482812500000000e+04 2.668662524093991790e-14
6.162192968750000000e+04 1.533374250167630822e-14
7.775115625000000000e+04 8.381977677438175986e-15
9.801609375000000000e+04 4.342303035990637938e-15
1.236574296875000000e+05 2.069601158764500775e-15
1.559158906250000000e+05 8.811935869728860737e-16
1.964457500000000000e+05 3.232272780416299505e-16
2.473148593750000000e+05 1.008725486940467960e-16
3.118317812500000000e+05 2.577918255362097652e-17
3.928915000000000000e+05 5.608060737498002695e-18
4.962840000000000000e+05 1.066317910864104473e-18
6.244907500000000000e+05 1.994017848475049895e-19
7.857830000000000000e+05 3.922916757647282300e-20
9.925680000000000000e+05 8.614546165596969673e-21
1.248981500000000000e+06 2.244503067560446555e-21
1.571566000000000000e+06 6.331110415939827871e-22
1.981000250000000000e+06 1.708810528887134449e-22
2.497963000000000000e+06 3.793020062846380736e-23
3.147267500000000000e+06 6.024570990053851628e-24
3.970272000000000000e+06 5.886865049064487402e-25
5.004197000000000000e+06 2.859191317077725526e-26
6.286264000000000000e+06 4.157139047883496912e-28
7.940544000000000000e+06 4.314445642747148662e-31
1.000839400000000000e+07 9.999999999999999821e-201
