1.211760009765625000e+03 3.549563977226184481e-09
1.526073364257812500e+03 2.076780977689603651e-09
1.923100463867187500e+03 1.208552543145820677e-09
2.423520019531250000e+03 6.974581849988291973e-10
3.056282226562500000e+03 3.965234494208861541e-10
3.850336669921875000e+03 2.226339393348482860e-10
4.838769042968750000e+03 1.238079927445250432e-10
6.120835937500000000e+03 6.678209584242976661e-11
7.692401855468750000e+03 3.564597103677169536e-11
9.718894531250000000e+03 1.839342852189616456e-11
1.224167187500000000e+04 9.137611693773893570e-12
1.542616113281250000e+04 4.316389157252178250e-12
1.943778906250000000e+04 1.889044960757407758e-12
2.448334375000000000e+04 7.545801290968970068e-13
3.085232226562500000e+04 2.555639463760438984e-14
3.891693750000000000e+04 1.605186164804471928e-14
4.921482812500000000e+04 9.130184765006210225e-15
6.162192968750000000e+04 4.733339999374840074e-15
7.775115625000000000e+04 2.025238634307823069e-15
9.801609375000000000e+04 6.925632600193654124e-16
1.236574296875000000e+05 1.769510084836503960e-16
1.559158906250000000e+05 3.229632057186980419e-17
1.964457500000000000e+05 4.124807133281860438e-18
2.473148593750000000e+05 3.721801201591228991e-19
3.118317812500000000e+05 2.479368615338663116e-20
3.928915000000000000e+05 1.436642020115592641e-21
4.962840000000000000e+05 8.273351683608142694e-23
6.244907500000000000e+05 5.981011591630082808e-24
7.857830000000000000e+05 5.331496604593271876e-25
9.925680000000000000e+05 4.587845402399766420e-26
1.248981500000000000e+06 3.058656651852147403e-27
1.571566000000000000e+06 1.070907951087890882e-28
1.981000250000000000e+06 1.339554843971777655e-30
2.497963000000000000e+06 3.863682919183942075e-33
3.147267500000000000e+06 1.109210755255152550e-36
3.970272000000000000e+06 3.485635312108308194e-42
5.004197000000000000e+06 1.190766346204253906e-51
6.286264000000000000e+06 2.149921936512907377e-68
7.940544000000000000e+06 2.363398137519251766e-98
1.000839400000000000e+07 9.999999999999999821e-201
