1.211760009765625000e+03 1.122160401221330524e-10
1.526073364257812500e+03 6.260011232750089824e-11
1.923100463867187500e+03 3.460855009917577636e-11
2.423520019531250000e+03 1.880646177407557198e-11
3.056282226562500000e+03 1.017233257542995823e-11
3.850336669921875000e+03 5.448260135130968993e-12
4.838769042968750000e+03 2.956422597526693542e-12
6.120835937500000000e+03 1.623963142441373287e-12
7.692401855468750000e+03 9.322792425001825096e-13
9.718894531250000000e+03 5.641681857556386284e-13
1.224167187500000000e+04 3.114818366985508458e-13
1.542616113281250000e+04 2.271287744318285873e-13
1.943778906250000000e+04 1.591891820862984392e-13
2.448334375000000000e+04 1.048309306866159141e-13
3.085232226562500000e+04 6.440211448676306859e-14
3.891693750000000000e+04 3.650090880073997948e-14
4.921482812500000000e+04 1.872544596576340726e-14
6.162192968750000000e+04 8.653036288079517106e-15
7.775115625000000000e+04 3.337365073436835171e-15
9.801609375000000000e+04 1.030175099586979451e-15
1.236574296875000000e+05 2.358425159946152483e-16
1.559158906250000000e+05 3.884287203914071719e-17
1.964457500000000000e+05 4.476831489740054233e-18
2.473148593750000000e+05 3.644585409027095929e-19
3.118317812500000000e+05 2.180437647531873628e-20
3.928915000000000000e+05 1.121761577350531413e-21
4.962840000000000000e+05 5.702989995496874958e-23
6.244907500000000000e+05 3.653769727182580250e-24
7.857830000000000000e+05 2.894241013922061613e-25
9.925680000000000000e+05 2.228382052594172728e-26
1.248981500000000000e+06 1.310200685196367454e-27
1.571566000000000000e+06 4.087985159441275792e-29
1.981000250000000000e+06 4.607386087546241249e-31
2.497963000000000000e+06 1.244119723529713127e-33
3.147267500000000000e+06 3.499648906954759375e-37
3.970272000000000000e+06 1.093285613958469240e-42
5.004197000000000000e+06 3.751631319667620433e-52
6.286264000000000000e+06 6.680114588450819719e-69
7.940544000000000000e+06 7.044451222799318359e-99
1.000839400000000000e+07 9.999999999999999821e-201
