1.211760009765625000e+03 6.737944251506545902e-14
1.526073364257812500e+03 4.549139284462940706e-14
1.923100463867187500e+03 3.068467820584519288e-14
2.423520019531250000e+03 2.055010723657264338e-14
3.056282226562500000e+03 1.372771095130838793e-14
3.850336669921875000e+03 9.132695046658388735e-15
4.838769042968750000e+03 6.081249013899844466e-15
6.120835937500000000e+03 3.992140046669233830e-15
7.692401855468750000e+03 2.624483581828245246e-15
9.718894531250000000e+03 1.715689551202079422e-15
1.224167187500000000e+04 1.115737672861605839e-15
1.542616113281250000e+04 7.115445008134050301e-16
1.943778906250000000e+04 4.386546350822445102e-16
2.448334375000000000e+04 2.572662453565260047e-16
3.085232226562500000e+04 1.414120503280776264e-16
3.891693750000000000e+04 7.193453956637060615e-17
4.921482812500000000e+04 3.353445878836060897e-17
6.162192968750000000e+04 1.427105238556398250e-17
7.775115625000000000e+04 5.077358829673133496e-18
9.801609375000000000e+04 1.458564744959783129e-18
1.236574296875000000e+05 3.151939838615021940e-19
1.559158906250000000e+05 4.926279979121357469e-20
1.964457500000000000e+05 5.464030228503244805e-21
2.473148593750000000e+05 4.331805962847882610e-22
3.118317812500000000e+05 2.573150879748635234e-23
3.928915000000000000e+05 1.342177887286074159e-24
4.962840000000000000e+05 7.041720041388158942e-26
6.244907500000000000e+05 4.701028566183957592e-27
7.857830000000000000e+05 3.909764176701732685e-28
9.925680000000000000e+05 3.167798015942694892e-29
1.248981500000000000e+06 1.985844244112961322e-30
1.571566000000000000e+06 6.662283118787167718e-32
1.981000250000000000e+06 8.156779814248531872e-34
2.497963000000000000e+06 2.439857013366603455e-36
3.147267500000000000e+06 7.651774728765491882e-40
3.970272000000000000e+06 2.631724653318722104e-45
5.004197000000000000e+06 9.755676089384251295e-55
6.286264000000000000e+06 1.881181694448793601e-71
7.940544000000000000e+06 2.137731734710962477e-101
1.000839400000000000e+07 9.999999999999999821e-201
