1.211760009765625000e+03 1.830827735621926497e-12
1.526073364257812500e+03 8.267566177850039182e-13
1.923100463867187500e+03 3.468702753704238602e-13
2.423520019531250000e+03 1.351325233435231578e-13
3.056282226562500000e+03 4.770132654303561785e-14
3.850336669921875000e+03 1.540419734686426469e-14
4.838769042968750000e+03 4.584588629968402240e-15
6.120835937500000000e+03 1.451765235006244812e-15
7.692401855468750000e+03 4.820757906358496031e-16
9.718894531250000000e+03 3.405518797944265346e-16
1.224167187500000000e+04 2.383375906762745127e-16
1.542616113281250000e+04 1.650973868089745488e-16
1.943778906250000000e+04 1.113455288392084255e-16
2.448334375000000000e+04 7.207082711293109090e-17
3.085232226562500000e+04 4.380441206260619665e-17
3.891693750000000000e+04 2.494085718757952504e-17
4.921482812500000000e+04 1.300036589647356660e-17
6.162192968750000000e+04 6.280269729291251982e-18
7.775115625000000000e+04 2.577907292156678141e-18
9.801609375000000000e+04 8.751163409362153235e-19
1.236574296875000000e+05 2.304972133815741419e-19
1.559158906250000000e+05 4.500251080822925863e-20
1.964457500000000000e+05 6.342365780764038473e-21
2.473148593750000000e+05 6.475508062231536838e-22
3.118317812500000000e+05 4.943428877263713999e-23
3.928915000000000000e+05 3.247276178047881024e-24
4.962840000000000000e+05 2.084636290349005263e-25
6.244907500000000000e+05 1.660466650222820288e-26
7.857830000000000000e+05 1.685834115499270654e-27
9.925680000000000000e+05 1.851953054373779041e-28
1.248981500000000000e+06 1.765833503801475820e-29
1.571566000000000000e+06 1.035661259944033211e-30
1.981000250000000000e+06 2.640363225640236832e-32
2.497963000000000000e+06 2.080595787649641481e-34
3.147267500000000000e+06 2.847734555648142152e-37
3.970272000000000000e+06 1.382734998252676205e-41
5.004197000000000000e+06 7.767006706667757965e-49
6.286264000000000000e+06 1.200710655943682433e-61
7.940544000000000000e+06 6.053424530237846162e-85
1.000839400000000000e+07 9.999999999999999821e-201
