1.211760009765625000e+03 2.964197286245024084e-15
1.526073364257812500e+03 1.374631218565975506e-15
1.923100463867187500e+03 5.932894302715848187e-16
2.423520019531250000e+03 2.353921374371048839e-16
3.056282226562500000e+03 8.295882877049673618e-17
3.850336669921875000e+03 2.598723369203819229e-17
4.838769042968750000e+03 6.861289106075160585e-18
6.120835937500000000e+03 1.478877998308568818e-18
7.692401855468750000e+03 2.469168683744595529e-21
9.718894531250000000e+03 1.733718660771626093e-21
1.224167187500000000e+04 1.218577322585875546e-21
1.542616113281250000e+04 8.436190169892110329e-22
1.943778906250000000e+04 5.676438725136114172e-22
2.448334375000000000e+04 3.662265733294127803e-22
3.085232226562500000e+04 2.231055224544603494e-22
3.891693750000000000e+04 1.268835841387540928e-22
4.921482812500000000e+04 6.631647322470787407e-23
6.162192968750000000e+04 3.209915639415528876e-23
7.775115625000000000e+04 1.322509866573487371e-23
9.801609375000000000e+04 4.493416041431912858e-24
1.236574296875000000e+05 1.188880363757593031e-24
1.559158906250000000e+05 2.328100187851463600e-25
1.964457500000000000e+05 3.291373495556847349e-26
2.473148593750000000e+05 3.382395963777297915e-27
3.118317812500000000e+05 2.601804672244059431e-28
3.928915000000000000e+05 1.709092725288358640e-29
4.962840000000000000e+05 1.109831934123305403e-30
6.244907500000000000e+05 8.930617929576789975e-32
7.857830000000000000e+05 9.176919580338770795e-33
9.925680000000000000e+05 1.018574179905578396e-33
1.248981500000000000e+06 9.803420486621984145e-35
1.571566000000000000e+06 5.844395491800353645e-36
1.981000250000000000e+06 1.513808249367069599e-37
2.497963000000000000e+06 1.218934905895749684e-39
3.147267500000000000e+06 1.711446383197405770e-42
3.970272000000000000e+06 8.537972127765019714e-47
5.004197000000000000e+06 4.919104247556245718e-54
6.286264000000000000e+06 7.876221275226907401e-67
7.940544000000000000e+06 4.116328680561734824e-90
1.000839400000000000e+07 9.999999999999999821e-201
