1.211760009765625000e+03 6.962127239541883995e-11
1.526073364257812500e+03 3.856878958566406319e-11
1.923100463867187500e+03 2.118890819520442989e-11
2.423520019531250000e+03 1.145803661275781901e-11
3.056282226562500000e+03 6.023143220736089086e-12
3.850336669921875000e+03 3.136580725710916464e-12
4.838769042968750000e+03 1.595035442141087091e-12
6.120835937500000000e+03 7.941959986015981648e-13
7.692401855468750000e+03 3.916949334502310998e-13
9.718894531250000000e+03 1.912656401648933653e-13
1.224167187500000000e+04 9.422513774876712337e-14
1.542616113281250000e+04 3.509051462429645586e-14
1.943778906250000000e+04 2.101500725468186381e-14
2.448334375000000000e+04 1.131333190065016419e-14
3.085232226562500000e+04 5.415144668577744351e-15
3.891693750000000000e+04 2.254258011995308520e-15
4.921482812500000000e+04 7.768807914534868377e-16
6.162192968750000000e+04 2.249299715541463513e-16
7.775115625000000000e+04 4.727614836729039765e-17
9.801609375000000000e+04 7.138502418802518259e-18
1.236574296875000000e+05 7.278792431492441780e-19
1.559158906250000000e+05 4.969871763599131213e-20
1.964457500000000000e+05 2.346272381387655446e-21
2.473148593750000000e+05 8.326960174590215737e-23
3.118317812500000000e+05 2.481940419278506203e-24
3.928915000000000000e+05 7.419716497706450084e-26
4.962840000000000000e+05 2.166758465252094659e-27
6.244907500000000000e+05 5.425539779832865746e-29
7.857830000000000000e+05 7.757958162670059359e-31
9.925680000000000000e+05 3.935934053106756073e-33
1.248981500000000000e+06 5.329070705093633822e-36
1.571566000000000000e+06 9.850907793862807063e-40
1.981000250000000000e+06 6.065623190472363089e-45
2.497963000000000000e+06 4.737355805367538329e-53
3.147267500000000000e+06 4.760248465057269686e-67
3.970272000000000000e+06 2.005180695952770146e-92
5.004197000000000000e+06 1.060969077382935379e-136
6.286264000000000000e+06 9.999999999999999821e-201
7.940544000000000000e+06 9.999999999999999821e-201
1.000839400000000000e+07 9.999999999999999821e-201
