1.211760009765625000e+03 5.243390997937627899e-08
1.526073364257812500e+03 3.026166567490565391e-08
1.923100463867187500e+03 1.742199120638780561e-08
2.423520019531250000e+03 9.963688357126132690e-09
3.056282226562500000e+03 5.629349095140850666e-09
3.850336669921875000e+03 3.143557526436452369e-09
4.838769042968750000e+03 1.734061697081916521e-09
6.120835937500000000e+03 9.391498392926455145e-10
7.692401855468750000e+03 5.017673843213874868e-10
9.718894531250000000e+03 2.617327841521765095e-10
1.224167187500000000e+04 1.334121331239620021e-10
1.542616113281250000e+04 6.631171445239882471e-11
1.943778906250000000e+04 3.197831049239340821e-11
2.448334375000000000e+04 1.487419687590103838e-11
3.085232226562500000e+04 6.767385689289475846e-12
3.891693750000000000e+04 1.988806750024890166e-12
4.921482812500000000e+04 1.080437974169972148e-12
6.162192968750000000e+04 5.516357620861476026e-13
7.775115625000000000e+04 2.361177787295159886e-13
9.801609375000000000e+04 8.356421930081185166e-14
1.236574296875000000e+05 2.309859038849714467e-14
1.559158906250000000e+05 4.798263781933688296e-15
1.964457500000000000e+05 7.264609701804851609e-16
2.473148593750000000e+05 8.051933557079301237e-17
3.118317812500000000e+05 6.637031331345986049e-18
3.928915000000000000e+05 4.701472936506044312e-19
4.962840000000000000e+05 3.196408883265524009e-20
6.244907500000000000e+05 2.637004953846785295e-21
7.857830000000000000e+05 2.753052474388598804e-22
9.925680000000000000e+05 3.180758148351605967e-23
1.248981500000000000e+06 3.324394638518463104e-24
1.571566000000000000e+06 2.266154055049298486e-25
1.981000250000000000e+06 7.181796287477974201e-27
2.497963000000000000e+06 7.631089651565904692e-29
3.147267500000000000e+06 1.652255707763966387e-31
3.970272000000000000e+06 1.869654860986304174e-35
5.004197000000000000e+06 5.782012160572161751e-42
6.286264000000000000e+06 2.520180680661037266e-53
7.940544000000000000e+06 5.918758588973764499e-74
1.000839400000000000e+07 9.999999999999999821e-201
