1.211760009765625000e+03 8.357043609539541097e-10
1.526073364257812500e+03 5.735871271714142432e-10
1.923100463867187500e+03 3.978806099837215542e-10
2.423520019531250000e+03 2.777378129548909069e-10
3.056282226562500000e+03 1.945582055689030459e-10
3.850336669921875000e+03 1.367957078212371313e-10
4.838769042968750000e+03 9.605953285993350451e-11
6.120835937500000000e+03 6.704691766078730103e-11
7.692401855468750000e+03 4.684468939562953555e-11
9.718894531250000000e+03 3.221326574180633426e-11
1.224167187500000000e+04 2.203136143331482634e-11
1.542616113281250000e+04 1.475723125096736716e-11
1.943778906250000000e+04 9.630249826444908013e-12
2.448334375000000000e+04 6.047750378113608566e-12
3.085232226562500000e+04 3.556722592382252715e-12
3.891693750000000000e+04 1.955574760628587309e-12
4.921482812500000000e+04 9.888218886409396502e-13
6.162192968750000000e+04 4.638131531968106493e-13
7.775115625000000000e+04 1.856848551173863276e-13
9.801609375000000000e+04 6.142162662893773640e-14
1.236574296875000000e+05 1.578085514145259338e-14
1.559158906250000000e+05 2.992976418433885318e-15
1.964457500000000000e+05 4.064722095057475545e-16
2.473148593750000000e+05 3.949281697043657097e-17
3.118317812500000000e+05 2.799759193797675470e-18
3.928915000000000000e+05 1.673075886370427174e-19
4.962840000000000000e+05 9.749047093959850124e-21
6.244907500000000000e+05 6.852480011512879828e-22
7.857830000000000000e+05 6.083906085377271880e-23
9.925680000000000000e+05 6.090813475566904917e-24
1.248981500000000000e+06 5.494397969923304301e-25
1.571566000000000000e+06 3.252148968424112340e-26
1.981000250000000000e+06 9.071742678919544301e-28
2.497963000000000000e+06 8.663163251982602821e-30
3.147267500000000000e+06 1.735330017092880912e-32
3.970272000000000000e+06 1.884493391629052681e-36
5.004197000000000000e+06 5.933626305426258293e-43
6.286264000000000000e+06 2.638456308273288719e-54
7.940544000000000000e+06 6.255598508671459682e-75
1.000839400000000000e+07 9.999999999999999821e-201
