1.211760009765625000e+03 1.644008578925811753e-11
1.526073364257812500e+03 1.077948221753174945e-11
1.923100463867187500e+03 7.000187457701767233e-12
2.423520019531250000e+03 4.545932812938797308e-12
3.056282226562500000e+03 2.943063211143812767e-12
3.850336669921875000e+03 1.897109529669878753e-12
4.838769042968750000e+03 1.222575872762789936e-12
6.120835937500000000e+03 7.789274257650289976e-13
7.692401855468750000e+03 4.958872977863713572e-13
9.718894531250000000e+03 3.128403692233115133e-13
1.224167187500000000e+04 1.958343238516872973e-13
1.542616113281250000e+04 1.207409829624602724e-13
1.943778906250000000e+04 7.263119716433260817e-14
2.448334375000000000e+04 4.206183145859194117e-14
3.085232226562500000e+04 2.307063303166866898e-14
3.891693750000000000e+04 1.186126390760345701e-14
4.921482812500000000e+04 5.654923899895468911e-15
6.162192968750000000e+04 2.515751817142463758e-15
7.775115625000000000e+04 9.628103598679293946e-16
9.801609375000000000e+04 3.061454117241724501e-16
1.236574296875000000e+05 7.635897649089965297e-17
1.559158906250000000e+05 1.426810451327476383e-17
1.964457500000000000e+05 1.940112035442326876e-18
2.473148593750000000e+05 1.913292783325034111e-19
3.118317812500000000e+05 1.403693982721450516e-20
3.928915000000000000e+05 8.786890798573368475e-22
4.962840000000000000e+05 5.274074657388116282e-23
6.244907500000000000e+05 3.866185220503376962e-24
7.857830000000000000e+05 3.568771726059294350e-25
9.925680000000000000e+05 3.697993895879906554e-26
1.248981500000000000e+06 3.513639115094466171e-27
1.571566000000000000e+06 2.195336740829007678e-28
1.981000250000000000e+06 6.492521721187517701e-30
2.497963000000000000e+06 6.599016051149203558e-32
3.147267500000000000e+06 1.403032779777222880e-34
3.970272000000000000e+06 1.632238370702329470e-38
5.004197000000000000e+06 5.478783870863966710e-45
6.286264000000000000e+06 2.611161932670461211e-56
7.940544000000000000e+06 6.640558416897395338e-77
1.000839400000000000e+07 9.999999999999999821e-201
