1.211760009765625000e+03 8.743136533378177853e-15
1.526073364257812500e+03 5.844655037212169409e-15
1.923100463867187500e+03 3.892480918183941545e-15
2.423520019531250000e+03 2.590558972852794197e-15
3.056282226562500000e+03 1.718432881674575464e-15
3.850336669921875000e+03 1.136700377589049619e-15
4.838769042968750000e+03 7.547798103554868989e-16
6.120835937500000000e+03 4.955368155580298934e-16
7.692401855468750000e+03 3.255192306381102792e-16
9.718894531250000000e+03 2.139838829415670554e-16
1.224167187500000000e+04 1.387855845115235364e-16
1.542616113281250000e+04 9.022070931333543102e-17
1.943778906250000000e+04 5.753885187658669887e-17
2.448334375000000000e+04 3.573096433035533137e-17
3.085232226562500000e+04 2.136942882181030472e-17
3.891693750000000000e+04 1.214926130626060891e-17
4.921482812500000000e+04 6.472392245695174350e-18
6.162192968750000000e+04 3.280259353772119912e-18
7.775115625000000000e+04 1.481510815981926680e-18
9.801609375000000000e+04 5.769248287584296210e-19
1.236574296875000000e+05 1.845086921257757522e-19
1.559158906250000000e+05 4.580152868876128442e-20
1.964457500000000000e+05 8.649618845894312415e-21
2.473148593750000000e+05 1.216148091653251186e-21
3.118317812500000000e+05 1.282645890543948035e-22
3.928915000000000000e+05 1.120968033517674030e-23
4.962840000000000000e+05 8.962277126359555535e-25
6.244907500000000000e+05 8.140642420092095056e-26
7.857830000000000000e+05 9.132779438119001277e-27
9.925680000000000000e+05 1.211798905717509264e-27
1.248981500000000000e+06 1.686893041030723789e-28
1.571566000000000000e+06 1.870070934556161780e-29
1.981000250000000000e+06 1.234761702328797688e-30
2.497963000000000000e+06 3.744796458172392402e-32
3.147267500000000000e+06 3.823413609982961332e-34
3.970272000000000000e+06 6.296416735539609401e-37
5.004197000000000000e+06 3.141679128951643973e-41
6.286264000000000000e+06 1.710699987903780583e-48
7.940544000000000000e+06 1.001824593676089728e-61
1.000839400000000000e+07 9.999999999999999821e-201
