1.211760009765625000e+03 2.926833454905800946e-13
1.526073364257812500e+03 1.987776078645763001e-13
1.923100463867187500e+03 1.357659675092383015e-13
2.423520019531250000e+03 9.216411730341672277e-14
3.056282226562500000e+03 6.271292413007789596e-14
3.850336669921875000e+03 4.233228992400599251e-14
4.838769042968750000e+03 2.869410849285322059e-14
6.120835937500000000e+03 1.918047972657448874e-14
7.692401855468750000e+03 1.284428289566036967e-14
9.718894531250000000e+03 8.497331003766575136e-15
1.224167187500000000e+04 5.612832931129758073e-15
1.542616113281250000e+04 3.668846440960742947e-15
1.943778906250000000e+04 2.367916053636726032e-15
2.448334375000000000e+04 1.487832759093574420e-15
3.085232226562500000e+04 8.995431500090106101e-16
3.891693750000000000e+04 5.156027968998405651e-16
4.921482812500000000e+04 2.785089996632468621e-16
6.162192968750000000e+04 1.435887113349305326e-16
7.775115625000000000e+04 6.541010017731525458e-17
9.801609375000000000e+04 2.585859500327961198e-17
1.236574296875000000e+05 8.365318898634793799e-18
1.559158906250000000e+05 2.113916708712058955e-18
1.964457500000000000e+05 4.037905603734444939e-19
2.473148593750000000e+05 5.762730259973409564e-20
3.118317812500000000e+05 6.175702435952342496e-21
3.928915000000000000e+05 5.454172421147822720e-22
4.962840000000000000e+05 4.449357438618219191e-23
6.244907500000000000e+05 4.108720466744594066e-24
7.857830000000000000e+05 4.635316356328323709e-25
9.925680000000000000e+05 6.213036762365196067e-26
1.248981500000000000e+06 8.736043545822317553e-27
1.571566000000000000e+06 9.851793251447285135e-28
1.981000250000000000e+06 6.630133488591587052e-29
2.497963000000000000e+06 2.041590840148201671e-30
3.147267500000000000e+06 2.129496187838611293e-32
3.970272000000000000e+06 3.601700287412836209e-35
5.004197000000000000e+06 1.847733318213933142e-39
6.286264000000000000e+06 1.033461614968506833e-46
7.940544000000000000e+06 6.246051757420104171e-60
1.000839400000000000e+07 9.999999999999999821e-201
