1.211760009765625000e+03 1.942919229639595577e-07
1.526073364257812500e+03 1.157063687569921691e-07
1.923100463867187500e+03 6.788298375461915560e-08
2.423520019531250000e+03 3.985475342850453076e-08
3.056282226562500000e+03 2.320871995365086963e-08
3.850336669921875000e+03 1.348362079607219248e-08
4.838769042968750000e+03 7.766247829819154111e-09
6.120835937500000000e+03 4.413524456624776665e-09
7.692401855468750000e+03 2.491494773749543952e-09
9.718894531250000000e+03 1.377019189134982262e-09
1.224167187500000000e+04 7.527067922050932684e-10
1.542616113281250000e+04 4.013380647427622823e-10
1.943778906250000000e+04 2.085550606454716176e-10
2.448334375000000000e+04 1.045372751938262978e-10
3.085232226562500000e+04 5.009014215335428654e-11
3.891693750000000000e+04 2.258897130675072475e-11
4.921482812500000000e+04 9.315325457950201948e-12
6.162192968750000000e+04 3.555472924862996664e-12
7.775115625000000000e+04 1.186174027201581877e-12
9.801609375000000000e+04 1.036665370951840580e-14
1.236574296875000000e+05 5.801760082683976775e-15
1.559158906250000000e+05 2.785906354578520895e-15
1.964457500000000000e+05 1.110527510123390050e-15
2.473148593750000000e+05 3.618785959810248894e-16
3.118317812500000000e+05 9.468533991566125825e-17
3.928915000000000000e+05 2.061006899752678772e-17
4.962840000000000000e+05 3.903962770218570744e-18
6.244907500000000000e+05 7.444786497007999556e-19
7.857830000000000000e+05 1.543088334846883474e-19
9.925680000000000000e+05 3.688244287012522119e-20
1.248981500000000000e+06 1.069965037228063692e-20
1.571566000000000000e+06 3.297697498792961691e-21
1.981000250000000000e+06 9.217551354157867878e-22
2.497963000000000000e+06 1.974943420727981187e-22
3.147267500000000000e+06 2.761491760912367762e-23
3.970272000000000000e+06 2.076326078070612031e-24
5.004197000000000000e+06 6.103265613276061199e-26
6.286264000000000000e+06 3.239940765440849214e-28
7.940544000000000000e+06 4.247902061808678776e-32
1.000839400000000000e+07 9.999999999999999821e-201
