1.211760009765625000e+03 2.789832739995317246e-13
1.526073364257812500e+03 1.898771179601922825e-13
1.923100463867187500e+03 1.279182237225770984e-13
2.423520019531250000e+03 8.655954260253327802e-14
3.056282226562500000e+03 5.777489860802451832e-14
3.850336669921875000e+03 3.876538568588839166e-14
4.838769042968750000e+03 2.591795665635686700e-14
6.120835937500000000e+03 1.713316300938257629e-14
7.692401855468750000e+03 1.135176193126961338e-14
9.718894531250000000e+03 7.439196100402141352e-15
1.224167187500000000e+04 4.844778505420283082e-15
1.542616113281250000e+04 3.133488976577870658e-15
1.943778906250000000e+04 1.985022164852999777e-15
2.448334375000000000e+04 1.224261709263799885e-15
3.085232226562500000e+04 7.171029981610009587e-16
3.891693750000000000e+04 3.989901891030279917e-16
4.921482812500000000e+04 2.076025778098151763e-16
6.162192968750000000e+04 1.011136660588515191e-16
7.775115625000000000e+04 4.329192307674623088e-17
9.801609375000000000e+04 1.573407601827962307e-17
1.236574296875000000e+05 4.579059979932514138e-18
1.559158906250000000e+05 1.017791242847554099e-18
1.964457500000000000e+05 1.673326340401213649e-19
2.473148593750000000e+05 2.022884761363567611e-20
3.118317812500000000e+05 1.820496323426659427e-21
3.928915000000000000e+05 1.374136219920865547e-22
4.962840000000000000e+05 9.683787616875393748e-24
6.244907500000000000e+05 8.031972356104477531e-25
7.857830000000000000e+05 8.358705751431359738e-26
9.925680000000000000e+05 1.008797521350036022e-26
1.248981500000000000e+06 1.201315623141255449e-27
1.571566000000000000e+06 1.035351277915735803e-28
1.981000250000000000e+06 4.717714905994734337e-30
2.497963000000000000e+06 8.584744402487170820e-32
3.147267500000000000e+06 4.296687454074899940e-34
3.970272000000000000e+06 2.196833954463874182e-37
5.004197000000000000e+06 1.244847511133949690e-42
6.286264000000000000e+06 1.129020000789031556e-51
7.940544000000000000e+06 3.454559626367750920e-68
1.000839400000000000e+07 9.999999999999999821e-201
