1.211760009765625000e+03 9.689686927305163230e-15
1.526073364257812500e+03 5.350183375857501941e-15
1.923100463867187500e+03 2.887969713491311723e-15
2.423520019531250000e+03 1.531915627702802778e-15
3.056282226562500000e+03 7.851061074542656533e-16
3.850336669921875000e+03 3.918225421275777416e-16
4.838769042968750000e+03 1.878103063954329006e-16
6.120835937500000000e+03 8.544635498116778603e-17
7.692401855468750000e+03 3.684427905252016806e-17
9.718894531250000000e+03 3.447456167495422734e-19
1.224167187500000000e+04 2.463592146371646333e-19
1.542616113281250000e+04 1.633334401239539333e-19
1.943778906250000000e+04 9.932655626755232866e-20
2.448334375000000000e+04 5.428299695923949154e-20
3.085232226562500000e+04 2.658355513419003910e-20
3.891693750000000000e+04 1.151968606839960180e-20
4.921482812500000000e+04 4.198087019889266523e-21
6.162192968750000000e+04 1.312204490081999715e-21
7.775115625000000000e+04 3.045011334500691994e-22
9.801609375000000000e+04 5.133041394473239161e-23
1.236574296875000000e+05 5.966773060120375695e-24
1.559158906250000000e+05 4.661646218250115353e-25
1.964457500000000000e+05 2.480005133023160058e-26
2.473148593750000000e+05 9.691158799314342396e-28
3.118317812500000000e+05 3.070909335331241447e-29
3.928915000000000000e+05 9.744449834538663492e-31
4.962840000000000000e+05 3.415268439766173527e-32
6.244907500000000000e+05 1.339042950631365102e-33
7.857830000000000000e+05 4.049682703940967186e-35
9.925680000000000000e+05 6.086783180362756462e-37
1.248981500000000000e+06 3.443190625539539645e-39
1.571566000000000000e+06 4.260621540339004814e-42
1.981000250000000000e+06 4.990507064499058994e-46
2.497963000000000000e+06 8.464483794485839882e-52
3.147267500000000000e+06 2.556955981456071102e-61
3.970272000000000000e+06 1.663050441439769185e-78
5.004197000000000000e+06 2.184871247551341213e-109
6.286264000000000000e+06 3.840569176972777890e-161
7.940544000000000000e+06 9.999999999999999821e-201
1.000839400000000000e+07 9.999999999999999821e-201
