1.211760009765625000e+03 7.672040034987120027e-14
1.526073364257812500e+03 4.212898554741766134e-14
1.923100463867187500e+03 2.260150210558417966e-14
2.423520019531250000e+03 1.195641465524138800e-14
3.056282226562500000e+03 6.122840083291127596e-15
3.850336669921875000e+03 3.060134054016382303e-15
4.838769042968750000e+03 1.473205222637475385e-15
6.120835937500000000e+03 6.825886978380645187e-16
7.692401855468750000e+03 3.025109227470076736e-16
9.718894531250000000e+03 1.993529001203874852e-17
1.224167187500000000e+04 1.422164557223632282e-17
1.542616113281250000e+04 9.501608776441550120e-18
1.943778906250000000e+04 5.777156844133146616e-18
2.448334375000000000e+04 3.161537185538124054e-18
3.085232226562500000e+04 1.547258418588785443e-18
3.891693750000000000e+04 6.699606897674505060e-19
4.921482812500000000e+04 2.450941980729469015e-19
6.162192968750000000e+04 7.645488971138922748e-20
7.775115625000000000e+04 1.772426408855591383e-20
9.801609375000000000e+04 2.999902481638416309e-21
1.236574296875000000e+05 3.486377051859266768e-22
1.559158906250000000e+05 2.724060136738180677e-23
1.964457500000000000e+05 1.444752526473603552e-24
2.473148593750000000e+05 5.619987066269047643e-26
3.118317812500000000e+05 1.778826444961324360e-27
3.928915000000000000e+05 5.630126571066785593e-29
4.962840000000000000e+05 1.960919678334645629e-30
6.244907500000000000e+05 7.676625114489128928e-32
7.857830000000000000e+05 2.302440569579340606e-33
9.925680000000000000e+05 3.438678987850131399e-35
1.248981500000000000e+06 1.926660682434866767e-37
1.571566000000000000e+06 2.363556474932586285e-40
1.981000250000000000e+06 2.736340830051416179e-44
2.497963000000000000e+06 4.572454268403925787e-50
3.147267500000000000e+06 1.366648886640313918e-59
3.970272000000000000e+06 8.670933515483653826e-77
5.004197000000000000e+06 1.112918791721464776e-107
6.286264000000000000e+06 1.908027452815198751e-159
7.940544000000000000e+06 9.999999999999999821e-201
1.000839400000000000e+07 9.999999999999999821e-201
