1.211760009765625000e+03 5.143754114366364748e-12
1.526073364257812500e+03 2.719594137450670967e-12
1.923100463867187500e+03 1.404746137812350184e-12
2.423520019531250000e+03 6.974581849988291852e-13
3.056282226562500000e+03 3.343008842287379734e-13
3.850336669921875000e+03 1.532374804291993879e-13
4.838769042968750000e+03 6.639019914992760038e-14
6.120835937500000000e+03 2.730916616820872041e-14
7.692401855468750000e+03 1.072665176619153471e-14
9.718894531250000000e+03 1.571771226449689760e-15
1.224167187500000000e+04 1.140394346659457449e-15
1.542616113281250000e+04 7.884663664625446027e-16
1.943778906250000000e+04 5.064253774512353516e-16
2.448334375000000000e+04 2.977399358694443229e-16
3.085232226562500000e+04 1.590429670528893422e-16
3.891693750000000000e+04 7.634751274589853445e-17
4.921482812500000000e+04 3.185254708426625360e-17
6.162192968750000000e+04 1.156875571524639314e-17
7.775115625000000000e+04 3.240629464018156843e-18
9.801609375000000000e+04 6.802990099194778732e-19
1.236574296875000000e+05 1.002195704332845596e-19
1.559158906250000000e+05 1.011203448904649320e-20
1.964457500000000000e+05 6.907928120627781255e-22
2.473148593750000000e+05 3.377106849532644918e-23
3.118317812500000000e+05 1.292498772553994111e-24
3.928915000000000000e+05 4.758000736331811413e-26
4.962840000000000000e+05 1.930483569020810295e-27
6.244907500000000000e+05 9.809216969519596431e-29
7.857830000000000000e+05 4.818952437336143130e-30
9.925680000000000000e+05 1.511072687582315201e-31
1.248981500000000000e+06 2.315756550867461259e-33
1.571566000000000000e+06 1.088037967084386931e-35
1.981000250000000000e+06 8.798175669385078742e-39
2.497963000000000000e+06 4.163857902606091224e-43
3.147267500000000000e+06 7.977609563531557714e-50
3.970272000000000000e+06 1.376684956828638127e-61
5.004197000000000000e+06 6.767876550969789944e-83
6.286264000000000000e+06 8.979645164326367144e-120
7.940544000000000000e+06 1.409539257581079513e-181
1.000839400000000000e+07 9.999999999999999821e-201
