1.211760009765625000e+03 5.504937817312187551e-14
1.526073364257812500e+03 2.966829968128004808e-14
1.923100463867187500e+03 1.561701013545573766e-14
2.423520019531250000e+03 7.908677633468865346e-15
3.056282226562500000e+03 3.792364536006953266e-15
3.850336669921875000e+03 1.740088013057916159e-15
4.838769042968750000e+03 7.449416712128025721e-16
6.120835937500000000e+03 2.927739436051204710e-16
7.692401855468750000e+03 1.047311272444518841e-16
9.718894531250000000e+03 2.182167819245685810e-19
1.224167187500000000e+04 1.582253204512094033e-19
1.542616113281250000e+04 1.085756963653340182e-19
1.943778906250000000e+04 6.946280089307683367e-20
2.448334375000000000e+04 4.080699628667511241e-20
3.085232226562500000e+04 2.167566199169571722e-20
3.891693750000000000e+04 1.039303793934259228e-20
4.921482812500000000e+04 4.333239907910333483e-21
6.162192968750000000e+04 1.576160645834328625e-21
7.775115625000000000e+04 4.415879205260793179e-22
9.801609375000000000e+04 9.304089400369330345e-23
1.236574296875000000e+05 1.376954437964390713e-23
1.559158906250000000e+05 1.394993536772750320e-24
1.964457500000000000e+05 9.606337542748008066e-26
2.473148593750000000e+05 4.740633558733619415e-27
3.118317812500000000e+05 1.842182158582703991e-28
3.928915000000000000e+05 6.865115348135900146e-30
4.962840000000000000e+05 2.826779511780471369e-31
6.244907500000000000e+05 1.464724705855867283e-32
7.857830000000000000e+05 7.408446994180565376e-34
9.925680000000000000e+05 2.381672364464603151e-35
1.248981500000000000e+06 3.768566085138085071e-37
1.571566000000000000e+06 1.831088286068845952e-39
1.981000250000000000e+06 1.536189402591045166e-42
2.497963000000000000e+06 7.630106104251999964e-47
3.147267500000000000e+06 1.534581839651556150e-53
3.970272000000000000e+06 2.791611162458071446e-65
5.004197000000000000e+06 1.458740309231583780e-86
6.286264000000000000e+06 2.075774139013801208e-123
7.940544000000000000e+06 3.498856313144524617e-185
1.000839400000000000e+07 9.999999999999999821e-201
