1.211760009765625000e+03 5.741575415793933501e-14
1.526073364257812500e+03 3.926104991156059097e-14
1.923100463867187500e+03 2.738862581357365691e-14
2.423520019531250000e+03 1.911755952231024135e-14
3.056282226562500000e+03 1.337960978764907118e-14
3.850336669921875000e+03 9.320475722637100005e-15
4.838769042968750000e+03 6.468676796782462586e-15
6.120835937500000000e+03 4.426006475478648605e-15
7.692401855468750000e+03 3.006010126624640581e-15
9.718894531250000000e+03 1.951747125635181667e-15
1.224167187500000000e+04 1.189060592311083127e-15
1.542616113281250000e+04 6.666003044703881428e-16
1.943778906250000000e+04 3.357065741078767698e-16
2.448334375000000000e+04 1.516337013211341860e-16
3.085232226562500000e+04 6.099020972609011924e-17
3.891693750000000000e+04 2.129671796258203672e-17
4.921482812500000000e+04 6.154657599990611144e-18
6.162192968750000000e+04 1.505194000545658451e-18
7.775115625000000000e+04 2.709494740609361429e-19
9.801609375000000000e+04 3.531292481687094530e-20
1.236574296875000000e+05 3.173351306093733144e-21
1.559158906250000000e+05 1.931818190044037734e-22
1.964457500000000000e+05 8.221952820351943841e-24
2.473148593750000000e+05 2.695875578754885672e-25
3.118317812500000000e+05 7.568653786601133882e-27
3.928915000000000000e+05 2.192649465483974427e-28
4.962840000000000000e+05 6.518853021470073813e-30
6.244907500000000000e+05 1.742507227115990533e-31
7.857830000000000000e+05 2.841314880507244423e-33
9.925680000000000000e+05 1.778220456012270579e-35
1.248981500000000000e+06 3.129788569798195529e-38
1.571566000000000000e+06 7.851070068436342498e-42
1.981000250000000000e+06 7.335055034295701439e-47
2.497963000000000000e+06 1.111959445411242897e-54
3.147267500000000000e+06 3.577460969178855549e-68
3.970272000000000000e+06 1.075428542012358054e-92
5.004197000000000000e+06 1.151326608899983936e-135
6.286264000000000000e+06 9.999999999999999821e-201
7.940544000000000000e+06 9.999999999999999821e-201
1.000839400000000000e+07 9.999999999999999821e-201
