1.211760009765625000e+03 4.172294499546567464e-16
1.526073364257812500e+03 2.759151870359044850e-16
1.923100463867187500e+03 1.820676558380827407e-16
2.423520019531250000e+03 1.201853090490513199e-16
3.056282226562500000e+03 7.899400612634136548e-17
3.850336669921875000e+03 5.169339476420576573e-17
4.838769042968750000e+03 3.389835436775424513e-17
6.120835937500000000e+03 2.190995470734182411e-17
7.692401855468750000e+03 1.407272256731917680e-17
9.718894531250000000e+03 8.703346441721332310e-18
1.224167187500000000e+04 5.087111403626545937e-18
1.542616113281250000e+04 2.720817569266890632e-18
1.943778906250000000e+04 1.319282183616202908e-18
2.448334375000000000e+04 5.762957145586458357e-19
3.085232226562500000e+04 2.252600080475802649e-19
3.891693750000000000e+04 7.686713489679291754e-20
4.921482812500000000e+04 2.191186998949536978e-20
6.162192968750000000e+04 5.277952988926334585e-21
7.775115625000000000e+04 9.373977771946904455e-22
9.801609375000000000e+04 1.205633190717411733e-22
1.236574296875000000e+05 1.066487052870742066e-23
1.559158906250000000e+05 6.398181845425851768e-25
1.964457500000000000e+05 2.690363766904151842e-26
2.473148593750000000e+05 8.692966944549046032e-28
3.118317812500000000e+05 2.412269082070176230e-29
3.928915000000000000e+05 6.924156206791497658e-31
4.962840000000000000e+05 2.023092317007953956e-32
6.244907500000000000e+05 5.400442245870933227e-34
7.857830000000000000e+05 8.726895704415106253e-36
9.925680000000000000e+05 5.432770082851283022e-38
1.248981500000000000e+06 9.536997245705822963e-41
1.571566000000000000e+06 2.403809889547525962e-44
1.981000250000000000e+06 2.264240648294605633e-49
2.497963000000000000e+06 3.473049186455062608e-57
3.147267500000000000e+06 1.115954242624449219e-70
3.970272000000000000e+06 3.352806630979705081e-95
5.004197000000000000e+06 3.569112487589949941e-138
6.286264000000000000e+06 9.999999999999999821e-201
7.940544000000000000e+06 9.999999999999999821e-201
1.000839400000000000e+07 9.999999999999999821e-201
