1.211760009765625000e+03 5.679302363561895731e-13
1.526073364257812500e+03 3.866768391793499316e-13
1.923100463867187500e+03 2.644689656104815682e-13
2.423520019531250000e+03 1.805918514729111490e-13
3.056282226562500000e+03 1.234506380513344409e-13
3.850336669921875000e+03 8.427236660237963379e-14
4.838769042968750000e+03 5.738567981125288991e-14
6.120835937500000000e+03 3.869832828603484248e-14
7.692401855468750000e+03 2.606540941956945487e-14
9.718894531250000000e+03 1.734053243027844160e-14
1.224167187500000000e+04 1.149552020850820431e-14
1.542616113281250000e+04 7.494138955211713032e-15
1.943778906250000000e+04 4.749389475684753892e-15
2.448334375000000000e+04 2.879357689545661019e-15
3.085232226562500000e+04 1.645084982030262707e-15
3.891693750000000000e+04 8.733854605647158484e-16
4.921482812500000000e+04 4.264409714572340614e-16
6.162192968750000000e+04 1.936938703500579301e-16
7.775115625000000000e+04 7.499508585662241349e-17
9.801609375000000000e+04 2.418843151972541677e-17
1.236574296875000000e+05 5.999092569217293305e-18
1.559158906250000000e+05 1.115857403518010031e-18
1.964457500000000000e+05 1.493512697222351669e-19
2.473148593750000000e+05 1.444827378615431927e-20
3.118317812500000000e+05 1.037093022044091259e-21
3.928915000000000000e+05 6.348583874832175468e-23
4.962840000000000000e+05 3.759734020049403849e-24
6.244907500000000000e+05 2.722338440717484830e-25
7.857830000000000000e+05 2.485327092634101093e-26
9.925680000000000000e+05 2.471069034471409308e-27
1.248981500000000000e+06 2.153491966172343930e-28
1.571566000000000000e+06 1.183919772396583380e-29
1.981000250000000000e+06 2.915764823503434688e-31
2.497963000000000000e+06 2.314814348510862925e-33
3.147267500000000000e+06 3.438808465808723932e-36
3.970272000000000000e+06 2.120165640470940421e-40
5.004197000000000000e+06 2.183999168298046027e-47
6.286264000000000000e+06 1.181820028941081063e-59
7.940544000000000000e+06 6.318797272430519871e-82
1.000839400000000000e+07 9.999999999999999821e-201
