1.211760009765625000e+03 7.809040749897605747e-13
1.526073364257812500e+03 5.271067910040756377e-13
1.923100463867187500e+03 3.602114398077478878e-13
2.423520019531250000e+03 2.472240173611921033e-13
3.056282226562500000e+03 1.698680779586361654e-13
3.850336669921875000e+03 1.164134552600313957e-13
4.838769042968750000e+03 7.984094582435183695e-14
6.120835937500000000e+03 5.398047066650718856e-14
7.692401855468750000e+03 3.664835760495855820e-14
9.718894531250000000e+03 2.461736300369885990e-14
1.224167187500000000e+04 1.650952370370859390e-14
1.542616113281250000e+04 1.080150130024137236e-14
1.943778906250000000e+04 6.904881622341680744e-15
2.448334375000000000e+04 4.219469960007098878e-15
3.085232226562500000e+04 2.428100259518350428e-15
3.891693750000000000e+04 1.301418561634676007e-15
4.921482812500000000e+04 6.404148864640442869e-16
6.162192968750000000e+04 2.913978580487597026e-16
7.775115625000000000e+04 1.131210792250728977e-16
9.801609375000000000e+04 3.645298834662844131e-17
1.236574296875000000e+05 9.133753551330837303e-18
1.559158906250000000e+05 1.691081254470463295e-18
1.964457500000000000e+05 2.272257131667684226e-19
2.473148593750000000e+05 2.193485542295703741e-20
3.118317812500000000e+05 1.575036534725315557e-21
3.928915000000000000e+05 9.637358472286219782e-23
4.962840000000000000e+05 5.721334378336051092e-24
6.244907500000000000e+05 4.130990308298044202e-25
7.857830000000000000e+05 3.776914400617177663e-26
9.925680000000000000e+05 3.734413010294412406e-27
1.248981500000000000e+06 3.249351783277797475e-28
1.571566000000000000e+06 1.790495952081252685e-29
1.981000250000000000e+06 4.407161773456340855e-31
2.497963000000000000e+06 3.472221522766294900e-33
3.147267500000000000e+06 5.119135329783440336e-36
3.970272000000000000e+06 3.137155663135862610e-40
5.004197000000000000e+06 3.199812734948300490e-47
6.286264000000000000e+06 1.726053117898822834e-59
7.940544000000000000e+06 9.161483575920046446e-82
1.000839400000000000e+07 9.999999999999999821e-201
