1.211760009765625000e+03 2.503376699727940676e-12
1.526073364257812500e+03 1.404299518247255445e-12
1.923100463867187500e+03 7.777054113804115483e-13
2.423520019531250000e+03 4.258913309002018856e-13
3.056282226562500000e+03 2.284636643528700437e-13
3.850336669921875000e+03 1.204154115067130822e-13
4.838769042968750000e+03 6.161247404412414424e-14
6.120835937500000000e+03 3.014595924272824528e-14
7.692401855468750000e+03 1.396738091860169909e-14
9.718894531250000000e+03 5.834607191533054213e-15
1.224167187500000000e+04 2.146740117829360699e-15
1.542616113281250000e+04 3.889968996057580248e-17
1.943778906250000000e+04 2.192376266603518570e-17
2.448334375000000000e+04 1.107580627634522371e-17
3.085232226562500000e+04 4.953793137818585519e-18
3.891693750000000000e+04 1.902296541012284944e-18
4.921482812500000000e+04 5.991160095013147466e-19
6.162192968750000000e+04 1.586874319638762316e-19
7.775115625000000000e+04 3.033566458623223276e-20
9.801609375000000000e+04 4.185533223819582235e-21
1.236574296875000000e+05 3.959557021277854289e-22
1.559158906250000000e+05 2.574853049074401902e-23
1.964457500000000000e+05 1.201577840408476199e-24
2.473148593750000000e+05 4.432071529592024115e-26
3.118317812500000000e+05 1.408054708781041766e-27
3.928915000000000000e+05 4.313595227220801438e-29
4.962840000000000000e+05 1.078610746089560386e-30
6.244907500000000000e+05 1.851414939799828218e-32
7.857830000000000000e+05 1.486143062666809032e-34
9.925680000000000000e+05 3.279835560450149885e-37
1.248981500000000000e+06 1.347785022979904253e-40
1.571566000000000000e+06 3.690062639773429659e-45
1.981000250000000000e+06 6.152049341444928926e-52
2.497963000000000000e+06 3.662872260600313686e-63
3.147267500000000000e+06 5.451203405549882415e-83
3.970272000000000000e+06 2.874347106340047988e-118
5.004197000000000000e+06 2.235871323981561326e-177
6.286264000000000000e+06 9.999999999999999821e-201
7.940544000000000000e+06 9.999999999999999821e-201
1.000839400000000000e+07 9.999999999999999821e-201
