1.211760009765625000e+03 1.125896784355252820e-12
1.526073364257812500e+03 6.507247063427424447e-13
1.923100463867187500e+03 3.868907848744126968e-13
2.423520019531250000e+03 2.390968875229204171e-13
3.056282226562500000e+03 1.554342424862939045e-13
3.850336669921875000e+03 1.063408828890453284e-13
4.838769042968750000e+03 7.585455347140912225e-14
6.120835937500000000e+03 5.522739733267812137e-14
7.692401855468750000e+03 3.919699783481109751e-14
9.718894531250000000e+03 2.719296564379659011e-14
1.224167187500000000e+04 1.734916503388625734e-14
1.542616113281250000e+04 9.895996904720231702e-15
1.943778906250000000e+04 5.011145752236614099e-15
2.448334375000000000e+04 2.259519928716233889e-15
3.085232226562500000e+04 8.876045815946134231e-16
3.891693750000000000e+04 2.983554716446153986e-16
4.921482812500000000e+04 8.163474494359715112e-17
6.162192968750000000e+04 1.843521419170316362e-17
7.775115625000000000e+04 2.982033619575263513e-18
9.801609375000000000e+04 3.448308621896814856e-19
1.236574296875000000e+05 2.701976195187304640e-20
1.559158906250000000e+05 1.439245690166587985e-21
1.964457500000000000e+05 5.433605675376565174e-23
2.473148593750000000e+05 1.597607179271543487e-24
3.118317812500000000e+05 3.969932026146548746e-26
3.928915000000000000e+05 9.520111232070264232e-28
4.962840000000000000e+05 1.862216843675992589e-29
6.244907500000000000e+05 2.544320729150654332e-31
7.857830000000000000e+05 1.648911112387459817e-33
9.925680000000000000e+05 3.022980968366704235e-36
1.248981500000000000e+06 1.082646985672381981e-39
1.571566000000000000e+06 2.654255582994922743e-44
1.981000250000000000e+06 3.954137696381698466e-51
2.497963000000000000e+06 2.140519809721090122e-62
3.147267500000000000e+06 2.884126379671795474e-82
3.970272000000000000e+06 1.372581483364629625e-117
5.004197000000000000e+06 9.663511654496581309e-177
6.286264000000000000e+06 9.999999999999999821e-201
7.940544000000000000e+06 9.999999999999999821e-201
1.000839400000000000e+07 9.999999999999999821e-201
