1.211760009765625000e+03 4.496114371153166991e-13
1.526073364257812500e+03 2.956940534900911301e-13
1.923100463867187500e+03 1.938392715305309926e-13
2.423520019531250000e+03 1.264142960310378245e-13
3.056282226562500000e+03 8.197122366608606873e-14
3.850336669921875000e+03 5.330689824337996489e-14
4.838769042968750000e+03 3.430529763486993849e-14
6.120835937500000000e+03 2.193401262382935915e-14
7.692401855468750000e+03 1.402656960759865567e-14
9.718894531250000000e+03 8.862098186311411547e-15
1.224167187500000000e+04 5.570853020859477011e-15
1.542616113281250000e+04 3.448269287251025294e-15
1.943778906250000000e+04 2.061400707054199123e-15
2.448334375000000000e+04 1.179900304067630749e-15
3.085232226562500000e+04 6.316819308718277623e-16
3.891693750000000000e+04 3.146118799796956128e-16
4.921482812500000000e+04 1.433701452859582809e-16
6.162192968750000000e+04 6.037811702193287556e-17
7.775115625000000000e+04 2.132180762821036304e-17
9.801609375000000000e+04 6.126121819113804759e-18
1.236574296875000000e+05 1.337146359021593558e-18
1.559158906250000000e+05 2.134165864254302933e-19
1.964457500000000000e+05 2.416294299582017042e-20
2.473148593750000000e+05 1.965495449138974028e-21
3.118317812500000000e+05 1.192742083328981022e-22
3.928915000000000000e+05 6.316647593562291062e-24
4.962840000000000000e+05 3.312144769008948544e-25
6.244907500000000000e+05 2.181715263071909127e-26
7.857830000000000000e+05 1.815350630077592304e-27
9.925680000000000000e+05 1.540676562035941942e-28
1.248981500000000000e+06 1.058765385909823923e-29
1.571566000000000000e+06 4.118634515188390487e-31
1.981000250000000000e+06 6.311731030615767817e-33
2.497963000000000000e+06 2.591494606382704075e-35
3.147267500000000000e+06 1.382707067343866695e-38
3.970272000000000000e+06 1.307503674679643930e-43
5.004197000000000000e+06 3.555403590288925653e-52
6.286264000000000000e+06 2.545676276342946608e-67
7.940544000000000000e+06 1.405995726859397556e-94
1.000839400000000000e+07 9.999999999999999821e-201
