1.211760009765625000e+03 6.052940676954124371e-13
1.526073364257812500e+03 3.995331023745712258e-13
1.923100463867187500e+03 2.621146424744831896e-13
2.423520019531250000e+03 1.718736241604257400e-13
3.056282226562500000e+03 1.120931793506116471e-13
3.850336669921875000e+03 7.251306011048009892e-14
4.838769042968750000e+03 4.709181766241237029e-14
6.120835937500000000e+03 3.006684876524922964e-14
7.692401855468750000e+03 1.929632830095625288e-14
9.718894531250000000e+03 1.221825055355325512e-14
1.224167187500000000e+04 7.691921785913193505e-15
1.542616113281250000e+04 4.755580170879160854e-15
1.943778906250000000e+04 2.848741254887400352e-15
2.448334375000000000e+04 1.624950418759807149e-15
3.085232226562500000e+04 8.716504856164328573e-16
3.891693750000000000e+04 4.359621765432925097e-16
4.921482812500000000e+04 1.986136875062358109e-16
6.162192968750000000e+04 8.401671944089716936e-17
7.775115625000000000e+04 2.959011165502781481e-17
9.801609375000000000e+04 8.496347522937598304e-18
1.236574296875000000e+05 1.858112472926110981e-18
1.559158906250000000e+05 2.964523913827649684e-19
1.964457500000000000e+05 3.367505177698014804e-20
2.473148593750000000e+05 2.735117161151222312e-21
3.118317812500000000e+05 1.664067583999304143e-22
3.928915000000000000e+05 8.759814647627011498e-24
4.962840000000000000e+05 4.612648670958050712e-25
6.244907500000000000e+05 3.040382314401415080e-26
7.857830000000000000e+05 2.528524091893789934e-27
9.925680000000000000e+05 2.145319439212311736e-28
1.248981500000000000e+06 1.472345614780848750e-29
1.571566000000000000e+06 5.760119285734488246e-31
1.981000250000000000e+06 8.771589951913149508e-33
2.497963000000000000e+06 3.617142471725716839e-35
3.147267500000000000e+06 1.928153642232966266e-38
3.970272000000000000e+06 1.826873189899613086e-43
5.004197000000000000e+06 4.958121413020102753e-52
6.286264000000000000e+06 3.558320982954504792e-67
7.940544000000000000e+06 1.970608184102147635e-94
1.000839400000000000e+07 9.999999999999999821e-201
