1.211760009765625000e+03 9.428140107930600897e-13
1.526073364257812500e+03 6.082001434662410583e-13
1.923100463867187500e+03 3.908176405757264563e-13
2.423520019531250000e+03 2.497149134719432395e-13
3.056282226562500000e+03 1.589997347237084049e-13
3.850336669921875000e+03 1.007091174264742181e-13
4.838769042968750000e+03 6.355887162127783537e-14
6.120835937500000000e+03 3.956628512641272794e-14
7.692401855468750000e+03 2.449752638279347970e-14
9.718894531250000000e+03 1.482301431999920823e-14
1.224167187500000000e+04 8.702398608354842237e-15
1.542616113281250000e+04 4.806980414268130143e-15
1.943778906250000000e+04 2.446491738189385667e-15
2.448334375000000000e+04 1.135528739958596797e-15
3.085232226562500000e+04 4.781375630018852002e-16
3.891693750000000000e+04 1.794161579618542622e-16
4.921482812500000000e+04 5.791251614234432864e-17
6.162192968750000000e+04 1.609231782293392282e-17
7.775115625000000000e+04 3.390014684648113485e-18
9.801609375000000000e+04 5.291683975830290674e-19
1.236574296875000000e+05 5.768246007460204410e-20
1.559158906250000000e+05 4.282560164182406157e-21
1.964457500000000000e+05 2.178032913658933108e-22
2.473148593750000000e+05 8.160112519571247822e-24
3.118317812500000000e+05 2.499679119958909201e-25
3.928915000000000000e+05 7.679361434665418265e-27
4.962840000000000000e+05 2.624157011915946898e-28
6.244907500000000000e+05 1.066301652517061497e-29
7.857830000000000000e+05 3.626327573640200160e-31
9.925680000000000000e+05 6.714309674645737899e-33
1.248981500000000000e+06 5.174141752159690804e-35
1.571566000000000000e+06 9.942302966330948692e-38
1.981000250000000000e+06 2.314008025710906278e-41
2.497963000000000000e+06 1.409355367876344313e-46
3.147267500000000000e+06 5.472253853942757500e-55
3.970272000000000000e+06 4.927881758110885696e-70
5.004197000000000000e+06 3.399338139580151315e-97
6.286264000000000000e+06 2.711841554916490015e-143
7.940544000000000000e+06 9.999999999999999821e-201
1.000839400000000000e+07 9.999999999999999821e-201
