1.211760009765625000e+03 1.556826305800957885e-13
1.526073364257812500e+03 1.028501055617708207e-13
1.923100463867187500e+03 6.764755133980348832e-14
2.423520019531250000e+03 4.427532954275833107e-14
3.056282226562500000e+03 2.883201876675382129e-14
3.850336669921875000e+03 1.867834349108534548e-14
4.838769042968750000e+03 1.206352132502292015e-14
6.120835937500000000e+03 7.648173879401461138e-15
7.692401855468750000e+03 4.813918657308215076e-15
9.718894531250000000e+03 2.874543531937007840e-15
1.224167187500000000e+04 1.624847066913495427e-15
1.542616113281250000e+04 8.339246166921172986e-16
1.943778906250000000e+04 3.871913997167528170e-16
2.448334375000000000e+04 1.619120219601424309e-16
3.085232226562500000e+04 6.038796732291081163e-17
3.891693750000000000e+04 1.964400588231973753e-17
4.921482812500000000e+04 5.317627740927116646e-18
6.162192968750000000e+04 1.218224243808484306e-18
7.775115625000000000e+04 2.039808055365536324e-19
9.801609375000000000e+04 2.468149149413392964e-20
1.236574296875000000e+05 2.049893373506425174e-21
1.559158906250000000e+05 1.161285403735911501e-22
1.964457500000000000e+05 4.596940926572067906e-24
2.473148593750000000e+05 1.404039184161965714e-25
3.118317812500000000e+05 3.685011611888805168e-27
3.928915000000000000e+05 9.992855644348513557e-29
4.962840000000000000e+05 2.744702519133543735e-30
6.244907500000000000e+05 6.679135183523861819e-32
7.857830000000000000e+05 9.670449872790472568e-34
9.925680000000000000e+05 5.273979708764214762e-36
1.248981500000000000e+06 7.906172268099460518e-39
1.571566000000000000e+06 1.622101773910991176e-42
1.981000250000000000e+06 1.092839651959877071e-47
2.497963000000000000e+06 8.947507555088090822e-56
3.147267500000000000e+06 8.939016070803157848e-70
3.970272000000000000e+06 3.409609255607302951e-95
5.004197000000000000e+06 1.461136949115582871e-139
6.286264000000000000e+06 9.999999999999999821e-201
7.940544000000000000e+06 9.999999999999999821e-201
1.000839400000000000e+07 9.999999999999999821e-201
