1.211760009765625000e+03 1.706281631157849628e-09
1.526073364257812500e+03 9.988327559364281371e-10
1.923100463867187500e+03 5.760243939409302393e-10
2.423520019531250000e+03 3.300471768298030709e-10
3.056282226562500000e+03 1.881387003087307995e-10
3.850336669921875000e+03 1.054356630481348907e-10
4.838769042968750000e+03 5.893547844018369048e-11
6.120835937500000000e+03 3.202506438757628900e-11
7.692401855468750000e+03 1.714227879145626032e-11
9.718894531250000000e+03 8.927716804110309356e-12
1.224167187500000000e+04 4.468604344653912162e-12
1.542616113281250000e+04 2.125875054170173498e-12
1.943778906250000000e+04 9.300621203534793065e-13
2.448334375000000000e+04 3.674680977590779162e-13
3.085232226562500000e+04 1.278754021526883461e-13
3.891693750000000000e+04 4.163397893153918115e-15
4.921482812500000000e+04 2.261830431837831177e-15
6.162192968750000000e+04 1.099987098772786920e-15
7.775115625000000000e+04 4.331437716559972588e-16
9.801609375000000000e+04 1.329788102263087721e-16
1.236574296875000000e+05 2.975726793008786613e-17
1.559158906250000000e+05 4.714674236941346692e-18
1.964457500000000000e+05 5.105706098500608363e-19
2.473148593750000000e+05 3.895212236085470414e-20
3.118317812500000000e+05 2.216599386262841581e-21
3.928915000000000000e+05 1.135007092227614265e-22
4.962840000000000000e+05 5.937688582483985374e-24
6.244907500000000000e+05 3.988094328538450860e-25
7.857830000000000000e+05 3.170727280003834333e-26
9.925680000000000000e+05 2.150040004933490520e-27
1.248981500000000000e+06 9.697929482902399295e-29
1.571566000000000000e+06 1.962019250438838421e-30
1.981000250000000000e+06 1.154511579404612976e-32
2.497963000000000000e+06 1.155194372020022073e-35
3.147267500000000000e+06 5.559764297572262128e-40
3.970272000000000000e+06 5.009207696650727550e-47
5.004197000000000000e+06 1.831065910564408950e-59
6.286264000000000000e+06 1.882226409986108704e-81
7.940544000000000000e+06 4.187359754277258490e-120
1.000839400000000000e+07 9.999999999999999821e-201
