1.211760009765625000e+03 1.818373125175518794e-10
1.526073364257812500e+03 1.216400286932481769e-10
1.923100463867187500e+03 8.240130975994232591e-11
2.423520019531250000e+03 5.585892785213837955e-11
3.056282226562500000e+03 3.797340171585668551e-11
3.850336669921875000e+03 2.590816850364950168e-11
4.838769042968750000e+03 1.771182632488059798e-11
6.120835937500000000e+03 1.199708181288434722e-11
7.692401855468750000e+03 8.140625544801143672e-12
9.718894531250000000e+03 5.473816002520138122e-12
1.224167187500000000e+04 3.635270020921155570e-12
1.542616113281250000e+04 2.347705494605320832e-12
1.943778906250000000e+04 1.439220215437501242e-12
2.448334375000000000e+04 8.280971217105979846e-13
3.085232226562500000e+04 4.404259694094966709e-13
3.891693750000000000e+04 2.136004136487662905e-13
4.921482812500000000e+04 9.271554916714557284e-14
6.162192968750000000e+04 3.604719626714283097e-14
7.775115625000000000e+04 1.132253017135852238e-14
9.801609375000000000e+04 2.761406824969745428e-15
1.236574296875000000e+05 4.903662461718706283e-16
1.559158906250000000e+05 6.108174011406769027e-17
1.964457500000000000e+05 5.213763370426547230e-18
2.473148593750000000e+05 3.152194873132750992e-19
3.118317812500000000e+05 1.425773927809066204e-20
3.928915000000000000e+05 5.882153543661358913e-22
4.962840000000000000e+05 2.541129435724078520e-23
6.244907500000000000e+05 1.419761580959688787e-24
7.857830000000000000e+05 9.459210262541270875e-26
9.925680000000000000e+05 5.539404379522968076e-27
1.248981500000000000e+06 2.139507046860927416e-28
1.571566000000000000e+06 3.780366610685358065e-30
1.981000250000000000e+06 1.980141521946191150e-32
2.497963000000000000e+06 1.810721337094875875e-35
3.147267500000000000e+06 8.355176514228707476e-40
3.970272000000000000e+06 7.768517021076975720e-47
5.004197000000000000e+06 2.944904966407090245e-59
6.286264000000000000e+06 3.103631713507666615e-81
7.940544000000000000e+06 7.024764722100951440e-120
1.000839400000000000e+07 9.999999999999999821e-201
