1.211760009765625000e+03 3.686564692136668466e-11
1.526073364257812500e+03 2.472358306773337111e-11
1.923100463867187500e+03 1.671569426558829848e-11
2.423520019531250000e+03 1.139596855846301241e-11
3.056282226562500000e+03 7.752700069623802129e-12
3.850336669921875000e+03 5.330714511437587671e-12
4.838769042968750000e+03 3.648957484310925103e-12
6.120835937500000000e+03 2.489442250520791408e-12
7.692401855468750000e+03 1.689220315402086564e-12
9.718894531250000000e+03 1.136196960922313136e-12
1.224167187500000000e+04 7.602203937105069635e-13
1.542616113281250000e+04 5.000340633017232643e-13
1.943778906250000000e+04 3.194351404867713967e-13
2.448334375000000000e+04 1.948009874997065968e-13
3.085232226562500000e+04 1.116817695250740485e-13
3.891693750000000000e+04 5.952098244723249277e-14
4.921482812500000000e+04 2.903548334795542637e-14
6.162192968750000000e+04 1.311473037775805489e-14
7.775115625000000000e+04 5.002898957700748428e-15
9.801609375000000000e+04 1.553995234397195763e-15
1.236574296875000000e+05 3.697749512903255216e-16
1.559158906250000000e+05 6.483503918721279818e-17
1.964457500000000000e+05 8.139206812521588557e-18
2.473148593750000000e+05 7.352250362394637640e-19
3.118317812500000000e+05 4.897703335194604077e-20
3.928915000000000000e+05 2.782582163605005244e-21
4.962840000000000000e+05 1.533619218522736477e-22
6.244907500000000000e+05 1.048196331995533176e-23
7.857830000000000000e+05 9.110225627080197962e-25
9.925680000000000000e+05 8.495574874555917796e-26
1.248981500000000000e+06 6.829055959552052673e-27
1.571566000000000000e+06 3.372344060979711760e-28
1.981000250000000000e+06 7.222454885876518627e-30
2.497963000000000000e+06 4.736762058905536219e-32
3.147267500000000000e+06 5.420267905397487699e-35
3.970272000000000000e+06 2.179681314634031976e-39
5.004197000000000000e+06 1.002181818800365355e-46
6.286264000000000000e+06 1.267198537754874223e-59
7.940544000000000000e+06 4.935491296619899833e-83
1.000839400000000000e+07 9.999999999999999821e-201
