1.211760009765625000e+03 2.864560402673762913e-11
1.526073364257812500e+03 1.918550046056109880e-11
1.923100463867187500e+03 1.294877724799093794e-11
2.423520019531250000e+03 8.842773416949441516e-12
3.056282226562500000e+03 6.024391136905120815e-12
3.850336669921875000e+03 4.115625174271666607e-12
4.838769042968750000e+03 2.794415304224434244e-12
6.120835937500000000e+03 1.888032439503886814e-12
7.692401855468750000e+03 1.275733672072805478e-12
9.718894531250000000e+03 8.529216968231532187e-13
1.224167187500000000e+04 5.671097470766483460e-13
1.542616113281250000e+04 3.702542300783750307e-13
1.943778906250000000e+04 2.350285885586039796e-13
2.448334375000000000e+04 1.424982566093744350e-13
3.085232226562500000e+04 8.125683563452232108e-14
3.891693750000000000e+04 4.306802794962350805e-14
4.921482812500000000e+04 2.086469406410866793e-14
6.162192968750000000e+04 9.344245394152613083e-15
7.775115625000000000e+04 3.541422175569269510e-15
9.801609375000000000e+04 1.095002690366572572e-15
1.236574296875000000e+05 2.605342467261246808e-16
1.559158906250000000e+05 4.566160024808831811e-17
1.964457500000000000e+05 5.750726258057015105e-18
2.473148593750000000e+05 5.188525030518738199e-19
3.118317812500000000e+05 3.470032727364598300e-20
3.928915000000000000e+05 1.983166293398042521e-21
4.962840000000000000e+05 1.100459591917078284e-22
6.244907500000000000e+05 7.490282456965966562e-24
7.857830000000000000e+05 6.547555384411098619e-25
9.925680000000000000e+05 6.125941386818213326e-26
1.248981500000000000e+06 5.011967970314517640e-27
1.571566000000000000e+06 2.487103744972538527e-28
1.981000250000000000e+06 5.330859558623144734e-30
2.497963000000000000e+06 3.544404713043108919e-32
3.147267500000000000e+06 4.082097026010077388e-35
3.970272000000000000e+06 1.653551342136162312e-39
5.004197000000000000e+06 7.655924769615522314e-47
6.286264000000000000e+06 9.576538567765841877e-60
7.940544000000000000e+06 3.743209691256664810e-83
1.000839400000000000e+07 9.999999999999999821e-201
