1.211760009765625000e+03 4.570842033831613426e-12
1.526073364257812500e+03 2.462468873546244073e-12
1.923100463867187500e+03 1.302722984802503069e-12
2.423520019531250000e+03 6.725019575133865442e-13
3.056282226562500000e+03 3.395745090294057314e-13
3.850336669921875000e+03 1.674536246017660825e-13
4.838769042968750000e+03 8.189781725561209231e-14
6.120835937500000000e+03 4.004333725708235148e-14
7.692401855468750000e+03 1.042643563403796664e-14
9.718894531250000000e+03 7.255515636526789013e-15
1.224167187500000000e+04 4.652684500310727263e-15
1.542616113281250000e+04 2.688305476079927821e-15
1.943778906250000000e+04 1.383536858549920586e-15
2.448334375000000000e+04 6.355928546944369160e-16
3.085232226562500000e+04 2.572650144955147714e-16
3.891693750000000000e+04 8.932538478933306249e-17
4.921482812500000000e+04 2.538048836512784254e-17
6.162192968750000000e+04 6.053305210496669397e-18
7.775115625000000000e+04 1.036397068984559051e-18
9.801609375000000000e+04 1.272343330589142884e-19
1.236574296875000000e+05 1.064914311082667691e-20
1.559158906250000000e+05 6.024529428947945438e-22
1.964457500000000000e+05 2.420056515060122074e-23
2.473148593750000000e+05 7.560621383949047766e-25
3.118317812500000000e+05 2.022417943170315570e-26
3.928915000000000000e+05 5.385422723758966383e-28
4.962840000000000000e+05 1.287106661777751422e-29
6.244907500000000000e+05 2.308542419088946348e-31
7.857830000000000000e+05 2.132702492007676090e-33
9.925680000000000000e+05 6.184569540088864758e-36
1.248981500000000000e+06 3.968722959109852945e-39
1.571566000000000000e+06 2.306581526691694888e-43
1.981000250000000000e+06 1.625218840098109579e-49
2.497963000000000000e+06 1.521455677168319663e-59
3.147267500000000000e+06 3.294455476939275169e-77
3.970272000000000000e+06 6.010979786276001665e-109
5.004197000000000000e+06 6.079062802215765770e-163
6.286264000000000000e+06 9.999999999999999821e-201
7.940544000000000000e+06 9.999999999999999821e-201
1.000839400000000000e+07 9.999999999999999821e-201
