1.211760009765625000e+03 3.337835599637255075e-14
1.526073364257812500e+03 1.809766280558082902e-14
1.923100463867187500e+03 9.574229165415985610e-15
2.423520019531250000e+03 4.875639191972051909e-15
3.056282226562500000e+03 2.403674213623845066e-15
3.850336669921875000e+03 1.126790744983846474e-15
4.838769042968750000e+03 5.025547877048925955e-16
6.120835937500000000e+03 2.072546061669595700e-16
7.692401855468750000e+03 6.551620236828166054e-19
9.718894531250000000e+03 4.558654164081925033e-19
1.224167187500000000e+04 2.937065365927613204e-19
1.542616113281250000e+04 1.701824282067765559e-19
1.943778906250000000e+04 8.816025563783214782e-20
2.448334375000000000e+04 4.075557236208603351e-20
3.085232226562500000e+04 1.666787417858265089e-20
3.891693750000000000e+04 5.832919448388624210e-21
4.921482812500000000e+04 1.676925124124517933e-21
6.162192968750000000e+04 4.052008385801852639e-22
7.775115625000000000e+04 7.073041608235852954e-23
9.801609375000000000e+04 8.885079124225858015e-24
1.236574296875000000e+05 7.596388752389696384e-25
1.559158906250000000e+05 4.452274187734701308e-26
1.964457500000000000e+05 1.850345021575143334e-27
2.473148593750000000e+05 6.011944484692308044e-29
3.118317812500000000e+05 1.682010962636698200e-30
3.928915000000000000e+05 4.716644738455565679e-32
4.962840000000000000e+05 1.193838063098204214e-33
6.244907500000000000e+05 2.290506931439814505e-35
7.857830000000000000e+05 2.280176600497568669e-37
9.925680000000000000e+05 7.132569250613435883e-40
1.248981500000000000e+06 5.006323976903578228e-43
1.571566000000000000e+06 3.216638800494013935e-47
1.981000250000000000e+06 2.478703985501744429e-53
2.497963000000000000e+06 2.597499692325044161e-63
3.147267500000000000e+06 6.324798489482576519e-81
3.970272000000000000e+06 1.306734736146956965e-112
5.004197000000000000e+06 1.508508176846134240e-166
6.286264000000000000e+06 9.999999999999999821e-201
7.940544000000000000e+06 9.999999999999999821e-201
1.000839400000000000e+07 9.999999999999999821e-201
