1.211760009765625000e+03 1.066114654212496076e-11
1.526073364257812500e+03 7.021497591236277226e-12
1.923100463867187500e+03 4.598769090929316822e-12
2.423520019531250000e+03 3.007578198879311801e-12
3.056282226562500000e+03 1.949592021317082057e-12
3.850336669921875000e+03 1.259814652377772594e-12
4.838769042968750000e+03 8.127737924609990070e-13
6.120835937500000000e+03 5.120693431057198887e-13
7.692401855468750000e+03 3.163496628639886178e-13
9.718894531250000000e+03 1.848103039492672499e-13
1.224167187500000000e+04 9.976698227119191467e-14
1.542616113281250000e+04 4.834334740246736976e-14
1.943778906250000000e+04 2.101045508449066045e-14
2.448334375000000000e+04 8.183460164768070779e-15
3.085232226562500000e+04 2.826291708542275083e-15
3.891693750000000000e+04 8.425328092116905015e-16
4.921482812500000000e+04 2.066696909731838470e-16
6.162192968750000000e+04 4.249667331450723093e-17
7.775115625000000000e+04 6.336266440711284471e-18
9.801609375000000000e+04 6.866389147201743136e-19
1.236574296875000000e+05 5.111588693196805638e-20
1.559158906250000000e+05 2.615527410616424400e-21
1.964457500000000000e+05 9.592578138165875539e-23
2.473148593750000000e+05 2.779923129721723486e-24
3.118317812500000000e+05 7.041752244371890738e-26
3.928915000000000000e+05 1.806873855030241529e-27
4.962840000000000000e+05 4.178433220843714477e-29
6.244907500000000000e+05 7.304372497898620571e-31
7.857830000000000000e+05 6.636334882045162856e-33
9.925680000000000000e+05 1.900513705384972794e-35
1.248981500000000000e+06 1.223319487904664626e-38
1.571566000000000000e+06 7.181179215094659627e-43
1.981000250000000000e+06 5.101290524251611605e-49
2.497963000000000000e+06 4.895118265671983849e-59
3.147267500000000000e+06 1.107882284861013687e-76
3.970272000000000000e+06 2.124377328193196257e-108
5.004197000000000000e+06 2.285277312684815614e-162
6.286264000000000000e+06 9.999999999999999821e-201
7.940544000000000000e+06 9.999999999999999821e-201
1.000839400000000000e+07 9.999999999999999821e-201
