1.211760009765625000e+03 4.770115800974134612e-15
1.526073364257812500e+03 3.214065798805338148e-15
1.923100463867187500e+03 2.158129541331822733e-15
2.423520019531250000e+03 1.444734811783289132e-15
3.056282226562500000e+03 9.579697106359994988e-16
3.850336669921875000e+03 6.349107065688158349e-16
4.838769042968750000e+03 4.208160228133558439e-16
6.120835937500000000e+03 2.756125955225943488e-16
7.692401855468750000e+03 1.808991436430567869e-16
9.718894531250000000e+03 1.171093534587634123e-16
1.224167187500000000e+04 7.433754891417569889e-17
1.542616113281250000e+04 4.523213820934696850e-17
1.943778906250000000e+04 2.581555491144594953e-17
2.448334375000000000e+04 1.361657735729304679e-17
3.085232226562500000e+04 6.569817388716920728e-18
3.891693750000000000e+04 2.870387844575092142e-18
4.921482812500000000e+04 1.098523353555066393e-18
6.162192968750000000e+04 3.702358377729767979e-19
7.775115625000000000e+04 9.687995184989661614e-20
9.801609375000000000e+04 1.929007966391129332e-20
1.236574296875000000e+05 2.723866160485237685e-21
1.559158906250000000e+05 2.651876109118515330e-22
1.964457500000000000e+05 1.767348868064357614e-23
2.473148593750000000e+05 8.484241602814535648e-25
3.118317812500000000e+05 3.212065848774349479e-26
3.928915000000000000e+05 1.172212817892932941e-27
4.962840000000000000e+05 4.676027676308361519e-29
6.244907500000000000e+05 2.388213476348969005e-30
7.857830000000000000e+05 1.215122099180472469e-31
9.925680000000000000e+05 4.074209150308099383e-33
1.248981500000000000e+06 6.954975461717282538e-35
1.571566000000000000e+06 3.830888596736267543e-37
1.981000250000000000e+06 3.902415429289897450e-40
2.497963000000000000e+06 2.784972097689282729e-44
3.147267500000000000e+06 1.190814473985432293e-50
3.970272000000000000e+06 1.027936246312317251e-61
5.004197000000000000e+06 1.004215799464699136e-81
6.286264000000000000e+06 1.706954380206199050e-116
7.940544000000000000e+06 3.833694355674117413e-175
1.000839400000000000e+07 9.999999999999999821e-201
