1.211760009765625000e+03 6.277123664989463293e-11
1.526073364257812500e+03 3.570085394980698939e-11
1.923100463867187500e+03 2.001174665598599177e-11
2.423520019531250000e+03 1.108460329730282265e-11
3.056282226562500000e+03 5.975005203762500950e-12
3.850336669921875000e+03 3.186537267466617273e-12
4.838769042968750000e+03 1.652560003754460697e-12
6.120835937500000000e+03 8.201316623721952544e-13
7.692401855468750000e+03 3.950388636258281553e-13
9.718894531250000000e+03 1.800720000422529325e-13
1.224167187500000000e+04 7.686209122810858049e-14
1.542616113281250000e+04 2.979771755737022548e-14
1.943778906250000000e+04 9.165346389234303584e-16
2.448334375000000000e+04 6.308415883719496736e-16
3.085232226562500000e+04 4.022482138652373480e-16
3.891693750000000000e+04 2.339287453179287100e-16
4.921482812500000000e+04 1.211145806317297462e-16
6.162192968750000000e+04 5.597414332276474815e-17
7.775115625000000000e+04 2.053053467217083042e-17
9.801609375000000000e+04 5.868180355050708662e-18
1.236574296875000000e+05 1.205151024738833978e-18
1.559158906250000000e+05 1.714567059586637836e-19
1.964457500000000000e+05 1.688082834637644077e-20
2.473148593750000000e+05 1.165534351166758331e-21
3.118317812500000000e+05 6.090318659615840603e-23
3.928915000000000000e+05 2.909091449922028989e-24
4.962840000000000000e+05 1.456789667825302020e-25
6.244907500000000000e+05 9.361046003391134408e-27
7.857830000000000000e+05 6.741564990547978620e-28
9.925680000000000000e+05 3.808331161089327014e-29
1.248981500000000000e+06 1.278875647893745622e-30
1.571566000000000000e+06 1.707976994457541636e-32
1.981000250000000000e+06 5.872409945635788039e-35
2.497963000000000000e+06 2.784399240492225981e-38
3.147267500000000000e+06 3.876574253446077580e-43
3.970272000000000000e+06 3.314786529668521367e-51
5.004197000000000000e+06 1.228260238904057012e-65
6.286264000000000000e+06 4.034237317661343044e-91
7.940544000000000000e+06 1.837407498765198298e-135
1.000839400000000000e+07 9.999999999999999821e-201
