1.211760009765625000e+03 9.029592573645554726e-12
1.526073364257812500e+03 6.180895766933342776e-12
1.923100463867187500e+03 4.222086157223711779e-12
2.423520019531250000e+03 2.877015013120170730e-12
3.056282226562500000e+03 1.955456248504091205e-12
3.850336669921875000e+03 1.324784251419085457e-12
4.838769042968750000e+03 8.948768322217550705e-13
6.120835937500000000e+03 5.984744563256558464e-13
7.692401855468750000e+03 4.009057774420534447e-13
9.718894531250000000e+03 2.647212308313462526e-13
1.224167187500000000e+04 1.717387350878050555e-13
1.542616113281250000e+04 1.084381770436408674e-13
1.943778906250000000e+04 6.455305118748477204e-14
2.448334375000000000e+04 3.583717108410863363e-14
3.085232226562500000e+04 1.828400972114715159e-14
3.891693750000000000e+04 8.496162069533104797e-15
4.921482812500000000e+04 3.507276397460508366e-15
6.162192968750000000e+04 1.291710999756109311e-15
7.775115625000000000e+04 3.827478249597561173e-16
9.801609375000000000e+04 8.738020382703244214e-17
1.236574296875000000e+05 1.451659188889959065e-17
1.559158906250000000e+05 1.687133986633251571e-18
1.964457500000000000e+05 1.357619161077223845e-19
2.473148593750000000e+05 7.741714405914983365e-21
3.118317812500000000e+05 3.371206692393413559e-22
3.928915000000000000e+05 1.352530074567821511e-23
4.962840000000000000e+05 5.740579440396861186e-25
6.244907500000000000e+05 3.167483844047755976e-26
7.857830000000000000e+05 2.015141709131188432e-27
9.925680000000000000e+05 1.026298597977301871e-28
1.248981500000000000e+06 3.239329721312525461e-30
1.571566000000000000e+06 4.178676539875130457e-32
1.981000250000000000e+06 1.401508146819262673e-34
2.497963000000000000e+06 6.529612303407825289e-38
3.147267500000000000e+06 9.083345554643261649e-43
3.970272000000000000e+06 7.743558696356792608e-51
5.004197000000000000e+06 2.898409074396420207e-65
6.286264000000000000e+06 9.662109818818741831e-91
7.940544000000000000e+06 4.502014389404768768e-135
1.000839400000000000e+07 9.999999999999999821e-201
