1.211760009765625000e+03 2.578104362406386202e-12
1.526073364257812500e+03 1.691093081832962785e-12
1.923100463867187500e+03 1.106531873919225525e-12
2.423520019531250000e+03 7.223674058916445961e-13
3.056282226562500000e+03 4.686140573162343742e-13
3.850336669921875000e+03 3.029490930766249168e-13
4.838769042968750000e+03 1.954334407747112326e-13
6.120835937500000000e+03 1.242499881107985841e-13
7.692401855468750000e+03 7.919169781662828401e-14
9.718894531250000000e+03 4.946097379500444646e-14
1.224167187500000000e+04 3.027043346391093972e-14
1.542616113281250000e+04 1.770598584317101688e-14
1.943778906250000000e+04 9.658282461472318929e-15
2.448334375000000000e+04 4.830136333556559572e-15
3.085232226562500000e+04 2.210002120592011741e-15
3.891693750000000000e+04 9.121279999544240128e-16
4.921482812500000000e+04 3.282084313813442550e-16
6.162192968750000000e+04 1.033708849833688940e-16
7.775115625000000000e+04 2.522238406403221950e-17
9.801609375000000000e+04 4.622645135547059599e-18
1.236574296875000000e+05 5.977901526993099573e-19
1.559158906250000000e+05 5.331099553234105441e-20
1.964457500000000000e+05 3.231301628520259658e-21
2.473148593750000000e+05 1.430642166889895555e-22
3.118317812500000000e+05 4.996931563688171763e-24
3.928915000000000000e+05 1.695175383283644629e-25
4.962840000000000000e+05 6.350970349956277553e-27
6.244907500000000000e+05 3.012219295930215163e-28
7.857830000000000000e+05 1.383812862899587324e-29
9.925680000000000000e+05 4.125903636835947715e-31
1.248981500000000000e+06 6.072702847091497241e-33
1.571566000000000000e+06 2.775417733629769587e-35
1.981000250000000000e+06 2.231683066825095815e-38
2.497963000000000000e+06 1.098959487341986422e-42
3.147267500000000000e+06 2.387395828080134366e-49
3.970272000000000000e+06 5.537292267145233266e-61
5.004197000000000000e+06 4.927212333246986087e-82
6.286264000000000000e+06 1.731154003445219944e-118
7.940544000000000000e+06 1.186406398795727264e-179
1.000839400000000000e+07 9.999999999999999821e-201
