1.211760009765625000e+03 6.065395287400532027e-12
1.526073364257812500e+03 3.263512964940805807e-12
1.923100463867187500e+03 1.844219789865375741e-12
2.423520019531250000e+03 1.102233024507078276e-12
3.056282226562500000e+03 7.011940547608440532e-13
3.850336669921875000e+03 4.663836118162598396e-13
4.838769042968750000e+03 3.210635033411674769e-13
6.120835937500000000e+03 2.199911257455276249e-13
7.692401855468750000e+03 1.523954613056254547e-13
9.718894531250000000e+03 1.037812670876738807e-13
1.224167187500000000e+04 6.922177616247402199e-14
1.542616113281250000e+04 4.411624223865788289e-14
1.943778906250000000e+04 2.622487999322469404e-14
2.448334375000000000e+04 1.437115755059024254e-14
3.085232226562500000e+04 7.169477031772985827e-15
3.891693750000000000e+04 3.226159085166910853e-15
4.921482812500000000e+04 1.265252119427990462e-15
6.162192968750000000e+04 4.320941822053574667e-16
7.775115625000000000e+04 1.145815147533562813e-16
9.801609375000000000e+04 2.288519566909512112e-17
1.236574296875000000e+05 3.255987284130348551e-18
1.559158906250000000e+05 3.180059628130565518e-19
1.964457500000000000e+05 2.122102107659169465e-20
2.473148593750000000e+05 1.017989368718953279e-21
3.118317812500000000e+05 3.841733751129686286e-23
3.928915000000000000e+05 1.393720538251186403e-24
4.962840000000000000e+05 5.537313721849969849e-26
6.244907500000000000e+05 2.793512945322647392e-27
7.857830000000000000e+05 1.376945373889172846e-28
9.925680000000000000e+05 4.491916381858420441e-30
1.248981500000000000e+06 7.342644966458382252e-32
1.571566000000000000e+06 3.806223321303789854e-34
1.981000250000000000e+06 3.603450991683474351e-37
2.497963000000000000e+06 2.347997048136494526e-41
3.147267500000000000e+06 8.790544163931569167e-48
3.970272000000000000e+06 5.985828759679486438e-59
5.004197000000000000e+06 3.775228285287664721e-79
6.286264000000000000e+06 3.219096318579963290e-114
7.940544000000000000e+06 2.592855101027801466e-173
1.000839400000000000e+07 9.999999999999999821e-201
