1.211760009765625000e+03 3.599382419011815326e-14
1.526073364257812500e+03 2.373463974502403531e-14
1.923100463867187500e+03 1.561701013545573766e-14
2.423520019531250000e+03 1.021278056605428436e-14
3.056282226562500000e+03 6.666246405392940746e-15
3.850336669921875000e+03 4.310930045980541496e-15
4.838769042968750000e+03 2.808102645756184247e-15
6.120835937500000000e+03 1.798048999220461342e-15
7.692401855468750000e+03 1.151909503626819475e-15
9.718894531250000000e+03 7.218900773037741707e-16
1.224167187500000000e+04 4.417844993711700611e-16
1.542616113281250000e+04 2.562805428457955470e-16
1.943778906250000000e+04 1.388430716655571763e-16
2.448334375000000000e+04 6.902470596602921739e-17
3.085232226562500000e+04 3.127862963773183184e-17
3.891693750000000000e+04 1.276205528855156922e-17
4.921482812500000000e+04 4.526639797457792420e-18
6.162192968750000000e+04 1.401830180468591861e-18
7.775115625000000000e+04 3.347052066893115914e-19
9.801609375000000000e+04 5.985331507137063492e-20
1.236574296875000000e+05 7.553484055601615936e-21
1.559158906250000000e+05 6.523832484214709780e-22
1.964457500000000000e+05 3.853813272732490423e-23
2.473148593750000000e+05 1.646339603166415911e-24
3.118317812500000000e+05 5.624134782218876340e-26
3.928915000000000000e+05 1.881385717109058070e-27
4.962840000000000000e+05 6.960896615793282119e-29
6.244907500000000000e+05 3.210559264505251667e-30
7.857830000000000000e+05 1.373944402974288579e-31
9.925680000000000000e+05 3.601353185869946940e-33
1.248981500000000000e+06 4.411073377360415555e-35
1.571566000000000000e+06 1.559210089094508579e-37
1.981000250000000000e+06 8.762802079335753605e-41
2.497963000000000000e+06 2.407386208586812437e-45
3.147267500000000000e+06 1.753151417083241948e-52
3.970272000000000000e+06 4.843704524361430659e-65
5.004197000000000000e+06 9.040448746722634408e-88
6.286264000000000000e+06 6.313091062823657577e-127
7.940544000000000000e+06 4.060170780544559979e-192
1.000839400000000000e+07 9.999999999999999821e-201
