1.211760009765625000e+03 4.371568266689090461e-11
1.526073364257812500e+03 2.383353407729497268e-11
1.923100463867187500e+03 1.287029981012432728e-11
2.423520019531250000e+03 6.912308702035618094e-12
3.056282226562500000e+03 3.693582813032531959e-12
3.850336669921875000e+03 2.014338707324784626e-12
4.838769042968750000e+03 1.128147970042518814e-12
6.120835937500000000e+03 6.615341395610107416e-13
7.692401855468750000e+03 3.564924269235784898e-13
9.718894531250000000e+03 2.478248837340099891e-13
1.224167187500000000e+04 1.682616652083116885e-13
1.542616113281250000e+04 1.079482349849908223e-13
1.943778906250000000e+04 6.398189804500929334e-14
2.448334375000000000e+04 3.456313200235068959e-14
3.085232226562500000e+04 1.689166724068695025e-14
3.891693750000000000e+04 7.383225122383594461e-15
4.921482812500000000e+04 2.774162962675521510e-15
6.162192968750000000e+04 9.020696712990856304e-16
7.775115625000000000e+04 2.222294849730728820e-16
9.801609375000000000e+04 4.058278964098188449e-17
1.236574296875000000e+05 5.149045606369763566e-18
1.559158906250000000e+05 4.388543160069191843e-19
1.964457500000000000e+05 2.541350408891381591e-20
2.473148593750000000e+05 1.060032177813549712e-21
3.118317812500000000e+05 3.532159330809711759e-23
3.928915000000000000e+05 1.155037263677130663e-24
4.962840000000000000e+05 4.174450370788973024e-26
6.244907500000000000e+05 1.892896777632657169e-27
7.857830000000000000e+05 7.623632018633495641e-29
9.925680000000000000e+05 1.822773353195754294e-30
1.248981500000000000e+06 1.979617237571887084e-32
1.571566000000000000e+06 6.016279092590536817e-35
1.981000250000000000e+06 2.724240155260771331e-38
2.497963000000000000e+06 5.252943415880609083e-43
3.147267500000000000e+06 1.943933763738040670e-50
3.970272000000000000e+06 1.424323664056518755e-63
5.004197000000000000e+06 2.442354943447564976e-87
6.286264000000000000e+06 3.803988829358918956e-128
7.940544000000000000e+06 9.328675681342209375e-196
1.000839400000000000e+07 9.999999999999999821e-201
