1.211760009765625000e+03 2.042556113210856478e-15
1.526073364257812500e+03 1.374631218565975506e-15
1.923100463867187500e+03 9.260337668260184373e-16
2.423520019531250000e+03 6.227305223203831447e-16
3.056282226562500000e+03 4.162753787394719862e-16
3.850336669921875000e+03 2.767192998329087742e-16
4.838769042968750000e+03 1.839773825413204964e-16
6.120835937500000000e+03 1.214465625844721467e-16
7.692401855468750000e+03 8.022815801241240135e-17
9.718894531250000000e+03 5.257199690725770664e-17
1.224167187500000000e+04 3.416391866462453646e-17
1.542616113281250000e+04 2.169670830332352175e-17
1.943778906250000000e+04 1.313988709992558930e-17
2.448334375000000000e+04 7.498004806786104576e-18
3.085232226562500000e+04 3.984802634940327107e-18
3.891693750000000000e+04 1.955997777867486163e-18
4.921482812500000000e+04 8.583865490107271632e-19
6.162192968750000000e+04 3.412215046247729027e-19
7.775115625000000000e+04 1.105071007747260383e-19
9.801609375000000000e+04 2.815596376425176414e-20
1.236574296875000000e+05 5.276941310985090263e-21
1.559158906250000000e+05 7.031146038201251637e-22
1.964457500000000000e+05 6.514959448078891212e-23
2.473148593750000000e+05 4.322044101662708834e-24
3.118317812500000000e+05 2.175451685201512522e-25
3.928915000000000000e+05 9.908023129934202732e-27
4.962840000000000000e+05 4.734533519037551893e-28
6.244907500000000000e+05 2.937611360921857026e-29
7.857830000000000000e+05 2.162695847867880452e-30
9.925680000000000000e+05 1.370076761940723301e-31
1.248981500000000000e+06 5.804597647261658660e-33
1.571566000000000000e+06 1.105314125973172502e-34
1.981000250000000000e+06 6.161447355365947821e-37
2.497963000000000000e+06 5.860943853872783713e-40
3.147267500000000000e+06 2.701725193954883458e-44
3.970272000000000000e+06 2.247629410591689787e-51
5.004197000000000000e+06 6.352850259258315966e-64
6.286264000000000000e+06 3.768658482503050811e-86
7.940544000000000000e+06 3.160726243045989109e-125
1.000839400000000000e+07 9.999999999999999821e-201
