1.211760009765625000e+03 4.085112226421713745e-14
1.526073364257812500e+03 2.482247740000430469e-14
1.923100463867187500e+03 1.475375831892300494e-14
2.423520019531250000e+03 8.655954260253325908e-15
3.056282226562500000e+03 4.913333355228642553e-15
3.850336669921875000e+03 2.731917166905629343e-15
4.838769042968750000e+03 1.471819060330563971e-15
6.120835937500000000e+03 7.538062505243098931e-16
7.692401855468750000e+03 3.717890249355697369e-16
9.718894531250000000e+03 1.711287875866746409e-16
1.224167187500000000e+04 7.388098311925873191e-17
1.542616113281250000e+04 2.843653684010060937e-17
1.943778906250000000e+04 1.070155753499094610e-21
2.448334375000000000e+04 7.498004806786104262e-22
3.085232226562500000e+04 4.830063799927669674e-22
3.891693750000000000e+04 2.853244464962662880e-22
4.921482812500000000e+04 1.502899008368950204e-22
6.162192968750000000e+04 7.171276127416243433e-23
7.775115625000000000e+04 2.753375574858494221e-23
9.801609375000000000e+04 8.277736758848343697e-24
1.236574296875000000e+05 1.808465820132997698e-24
1.559158906250000000e+05 2.803558230422018338e-25
1.964457500000000000e+05 2.975335810933667059e-26
2.473148593750000000e+05 2.245768013609054802e-27
3.118317812500000000e+05 1.265232023049714395e-28
3.928915000000000000e+05 6.428694077329401555e-30
4.962840000000000000e+05 3.379157256724840824e-31
6.244907500000000000e+05 2.274634233332261190e-32
7.857830000000000000e+05 1.786724799354963740e-33
9.925680000000000000e+05 1.181585708449905351e-34
1.248981500000000000e+06 5.140773980154606857e-36
1.571566000000000000e+06 1.001690926663187462e-37
1.981000250000000000e+06 5.767564876027485753e-40
2.497963000000000000e+06 5.683339494664518440e-43
3.147267500000000000e+06 2.701725193954882948e-47
3.970272000000000000e+06 2.365409117696930963e-54
5.004197000000000000e+06 7.043994922337091117e-67
6.286264000000000000e+06 4.426432550291057243e-89
7.940544000000000000e+06 3.966756717633647878e-128
1.000839400000000000e+07 9.999999999999999821e-201
