1.211760009765625000e+03 4.446295929367535745e-11
1.526073364257812500e+03 2.531694906135897113e-11
1.923100463867187500e+03 1.428289369172333707e-11
2.423520019531250000e+03 7.970947736969130169e-12
3.056282226562500000e+03 4.325543792930405512e-12
3.850336669921875000e+03 2.319726298453384842e-12
4.838769042968750000e+03 1.208682283197174437e-12
6.120835937500000000e+03 6.116778735612214699e-13
7.692401855468750000e+03 2.971204530985208391e-13
9.718894531250000000e+03 1.373007517508691903e-13
1.224167187500000000e+04 5.839492384996590187e-14
1.542616113281250000e+04 1.915370826462159260e-15
1.943778906250000000e+04 1.278225482168398661e-15
2.448334375000000000e+04 7.759530551876743076e-16
3.085232226562500000e+04 4.226703482918548884e-16
3.891693750000000000e+04 2.051567063106210676e-16
4.921482812500000000e+04 8.485826450069644759e-17
6.162192968750000000e+04 2.999194098511065550e-17
7.775115625000000000e+04 7.960014082451000829e-18
9.801609375000000000e+04 1.545594633431474208e-18
1.236574296875000000e+05 2.061909199944533775e-19
1.559158906250000000e+05 1.843571573621316190e-20
1.964457500000000000e+05 1.129159570475486021e-21
2.473148593750000000e+05 5.003574561919049109e-23
3.118317812500000000e+05 1.779578175508189600e-24
3.928915000000000000e+05 6.269583167103905515e-26
4.962840000000000000e+05 2.390114570418246070e-27
6.244907500000000000e+05 1.020947343574006505e-28
7.857830000000000000e+05 3.366466817467228727e-30
9.925680000000000000e+05 5.520474699006184153e-32
1.248981500000000000e+06 3.401279934852143391e-34
1.571566000000000000e+06 4.792945248569093957e-37
1.981000250000000000e+06 7.306167842329427378e-41
2.497963000000000000e+06 2.182765131723632468e-46
3.147267500000000000e+06 2.272534053661839961e-55
3.970272000000000000e+06 1.745648949691696847e-71
5.004197000000000000e+06 1.735489431133841434e-100
6.286264000000000000e+06 2.162980564008099788e-149
7.940544000000000000e+06 9.999999999999999821e-201
1.000839400000000000e+07 9.999999999999999821e-201
