1.211760009765625000e+03 1.382461759551250675e-10
1.526073364257812500e+03 7.693979050678625432e-11
1.923100463867187500e+03 4.229933901010372523e-11
2.423520019531250000e+03 2.272966406469398492e-11
3.056282226562500000e+03 1.195002176336917357e-11
3.850336669921875000e+03 6.114659602462386922e-12
4.838769042968750000e+03 3.075211314849028281e-12
6.120835937500000000e+03 1.486492827660090141e-12
7.692401855468750000e+03 7.136174145737337817e-13
9.718894531250000000e+03 3.393719482919292488e-13
1.224167187500000000e+04 1.655225566000899033e-13
1.542616113281250000e+04 6.038969186206929951e-14
1.943778906250000000e+04 4.205629347132649116e-14
2.448334375000000000e+04 2.827138067887040144e-14
3.085232226562500000e+04 1.807113541470298486e-14
3.891693750000000000e+04 1.087856253218922169e-14
4.921482812500000000e+04 6.089505420981769600e-15
6.162192968750000000e+04 3.189425263686294852e-15
7.775115625000000000e+04 1.456041743183121962e-15
9.801609375000000000e+04 5.618888871036967407e-16
1.236574296875000000e+05 1.707547918426068211e-16
1.559158906250000000e+05 3.961683056676269577e-17
1.964457500000000000e+05 6.685483427673985036e-18
2.473148593750000000e+05 8.259508034989037197e-19
3.118317812500000000e+05 7.479136170903354547e-20
3.928915000000000000e+05 5.655393341825494729e-21
4.962840000000000000e+05 4.022754379997685224e-22
6.244907500000000000e+05 3.394449297285448755e-23
7.857830000000000000e+05 3.583802451936690209e-24
9.925680000000000000e+05 4.331783014321673575e-25
1.248981500000000000e+06 5.094031661351545339e-26
1.571566000000000000e+06 4.254557207085208072e-27
1.981000250000000000e+06 1.841800365002341439e-28
2.497963000000000000e+06 3.100459067630521896e-30
3.147267500000000000e+06 1.356292556987483166e-32
3.970272000000000000e+06 5.402801285219618132e-36
5.004197000000000000e+06 1.892782978827609464e-41
6.286264000000000000e+06 7.052699566110587172e-51
7.940544000000000000e+06 4.373426342354233845e-68
1.000839400000000000e+07 9.999999999999999821e-201
