1.211760009765625000e+03 6.775308082845769493e-11
1.526073364257812500e+03 4.519470984781660922e-11
1.923100463867187500e+03 3.037076845437874213e-11
2.423520019531250000e+03 2.048783418434060379e-11
3.056282226562500000e+03 1.382646218821775618e-11
3.850336669921875000e+03 9.328410824843502420e-12
4.838769042968750000e+03 6.298586224263502258e-12
6.120835937500000000e+03 4.187167255259059488e-12
7.692401855468750000e+03 2.797092682245166417e-12
9.718894531250000000e+03 1.847934453378319043e-12
1.224167187500000000e+04 1.203004655992092603e-12
1.542616113281250000e+04 7.576676666514425930e-13
1.943778906250000000e+04 4.528059657712942016e-13
2.448334375000000000e+04 2.523102622210222437e-13
3.085232226562500000e+04 1.295980643136299351e-13
3.891693750000000000e+04 6.075383505405454515e-14
4.921482812500000000e+04 2.531052542106507419e-14
6.162192968750000000e+04 9.414255327133072900e-15
7.775115625000000000e+04 2.784268868175162369e-15
9.801609375000000000e+04 6.423046955389920210e-16
1.236574296875000000e+05 1.084558944727875216e-16
1.559158906250000000e+05 1.268880427165590171e-17
1.964457500000000000e+05 1.027653260603874865e-18
2.473148593750000000e+05 5.906961928932641703e-20
3.118317812500000000e+05 2.578473809702389302e-21
3.928915000000000000e+05 1.025867512979953563e-22
4.962840000000000000e+05 4.326883938292053325e-24
6.244907500000000000e+05 2.408355199661737781e-25
7.857830000000000000e+05 1.546324344803696713e-26
9.925680000000000000e+05 8.121842322508207804e-28
1.248981500000000000e+06 2.701130094181022729e-29
1.571566000000000000e+06 3.788875522962422760e-31
1.981000250000000000e+06 1.434128803243007140e-33
2.497963000000000000e+06 8.098271917601931458e-37
3.147267500000000000e+06 1.589503424821719255e-41
3.970272000000000000e+06 2.680649195385756022e-49
5.004197000000000000e+06 3.813631927501315571e-63
6.286264000000000000e+06 1.221560844227505653e-87
7.940544000000000000e+06 2.120778648857729644e-130
1.000839400000000000e+07 9.999999999999999821e-201
