1.211760009765625000e+03 8.132860621504203565e-12
1.526073364257812500e+03 4.786485681913180611e-12
1.923100463867187500e+03 2.895817457277973475e-12
2.423520019531250000e+03 1.799673929814663915e-12
3.056282226562500000e+03 1.160265391000848906e-12
3.850336669921875000e+03 7.676691466957254768e-13
4.838769042968750000e+03 5.226586403065088466e-13
6.120835937500000000e+03 3.524805982403721877e-13
7.692401855468750000e+03 2.458532001477792566e-13
9.718894531250000000e+03 1.647824246460980319e-13
1.224167187500000000e+04 1.041359547824565739e-13
1.542616113281250000e+04 6.036753260021748119e-14
1.943778906250000000e+04 3.157291664526149724e-14
2.448334375000000000e+04 1.483378598499894995e-14
3.085232226562500000e+04 6.232206969437124972e-15
3.891693750000000000e+04 2.278689914831049632e-15
4.921482812500000000e+04 6.934742233134026979e-16
6.162192968750000000e+04 1.778792853387735535e-16
7.775115625000000000e+04 3.337295244867052071e-17
9.801609375000000000e+04 4.517286192091167708e-18
1.236574296875000000e+05 4.147930596183579594e-19
1.559158906250000000e+05 2.555925938149163313e-20
1.964457500000000000e+05 1.094628490929213368e-21
2.473148593750000000e+05 3.561089887661366944e-23
3.118317812500000000e+05 9.822443129839994975e-25
3.928915000000000000e+05 2.774447294329958223e-26
4.962840000000000000e+05 8.162675585714214008e-28
6.244907500000000000e+05 2.253396096998773468e-29
7.857830000000000000e+05 3.903679084622528192e-31
9.925680000000000000e+05 2.695957840621160511e-33
1.248981500000000000e+06 5.516810069183167786e-36
1.571566000000000000e+06 1.761843483088765373e-39
1.981000250000000000e+06 2.638073940854365200e-44
2.497963000000000000e+06 1.036017648856328374e-51
3.147267500000000000e+06 2.201155296425536243e-64
3.970272000000000000e+06 2.105648089361708123e-87
5.004197000000000000e+06 6.085630692319240119e-128
6.286264000000000000e+06 1.033024049569281396e-193
7.940544000000000000e+06 9.999999999999999821e-201
1.000839400000000000e+07 9.999999999999999821e-201
