1.211760009765625000e+03 2.989106507137839140e-11
1.526073364257812500e+03 1.987776078645763485e-11
1.923100463867187500e+03 1.318420956159077156e-11
2.423520019531250000e+03 8.842773416949441516e-12
3.056282226562500000e+03 5.925630626464052758e-12
3.850336669921875000e+03 3.958852904344275329e-12
4.838769042968750000e+03 2.644843290640826340e-12
6.120835937500000000e+03 1.752850357076325514e-12
7.692401855468750000e+03 1.164770416364679435e-12
9.718894531250000000e+03 7.659330137251045412e-13
1.224167187500000000e+04 5.022129654455034561e-13
1.542616113281250000e+04 3.250336613442921401e-13
1.943778906250000000e+04 2.062462017338582673e-13
2.448334375000000000e+04 1.270112059634009975e-13
3.085232226562500000e+04 7.502528569337693521e-14
3.891693750000000000e+04 4.185252457394688991e-14
4.921482812500000000e+04 2.175416685449999828e-14
6.162192968750000000e+04 1.062096812014383206e-14
7.775115625000000000e+04 4.591311192170656326e-15
9.801609375000000000e+04 1.711462931015587292e-15
1.236574296875000000e+05 5.180428599061890659e-16
1.559158906250000000e+05 1.217442922358268501e-16
1.964457500000000000e+05 2.151662840246182408e-17
2.473148593750000000e+05 2.823999045769364077e-18
3.118317812500000000e+05 2.756186906190298970e-19
3.928915000000000000e+05 2.228596171421786441e-20
4.962840000000000000e+05 1.655866919361953230e-21
6.244907500000000000e+05 1.418348877176174696e-22
7.857830000000000000e+05 1.499147464786769577e-23
9.925680000000000000e+05 1.878039177750014484e-24
1.248981500000000000e+06 2.445962867185861048e-25
1.571566000000000000e+06 2.487489760646918251e-26
1.981000250000000000e+06 1.480777262629526472e-27
2.497963000000000000e+06 3.946486867817911034e-29
3.147267500000000000e+06 3.430651935378553492e-31
3.970272000000000000e+06 4.445240459512187642e-34
5.004197000000000000e+06 1.464181504071443333e-38
6.286264000000000000e+06 3.722969808515650074e-46
7.940544000000000000e+06 5.409052479340823403e-60
1.000839400000000000e+07 9.999999999999999821e-201
