1.211760009765625000e+03 6.289578275435870624e-12
1.526073364257812500e+03 4.212898554741765528e-12
1.923100463867187500e+03 2.864426482131328158e-12
2.423520019531250000e+03 1.955373840086003451e-12
3.056282226562500000e+03 1.333266890954411709e-12
3.850336669921875000e+03 9.093493657516695993e-13
4.838769042968750000e+03 6.205967284981976296e-13
6.120835937500000000e+03 4.164578581041156990e-13
7.692401855468750000e+03 2.820229959690918337e-13
9.718894531250000000e+03 1.870059726344349798e-13
1.224167187500000000e+04 1.240662492212066528e-13
1.542616113281250000e+04 7.984841374227251920e-14
1.943778906250000000e+04 4.963897813396536690e-14
2.448334375000000000e+04 2.921381286799280888e-14
3.085232226562500000e+04 1.598726786727088002e-14
3.891693750000000000e+04 8.103599642726544920e-15
4.921482812500000000e+04 3.735396754538200538e-15
6.162192968750000000e+04 1.581224304401580470e-15
7.775115625000000000e+04 5.549325589991365319e-16
9.801609375000000000e+04 1.563846602203621685e-16
1.236574296875000000e+05 3.297017104499858964e-17
1.559158906250000000e+05 5.056827291680016083e-18
1.964457500000000000e+05 5.449516150392047403e-19
2.473148593750000000e+05 4.183677108997477464e-20
3.118317812500000000e+05 2.396042503274700972e-21
3.928915000000000000e+05 1.202891457468606967e-22
4.962840000000000000e+05 6.089587433412877633e-24
6.244907500000000000e+05 3.904834304881643100e-25
7.857830000000000000e+05 3.143354682179602636e-26
9.925680000000000000e+05 2.471145263382946847e-27
1.248981500000000000e+06 1.491391471936872366e-28
1.571566000000000000e+06 4.787982671935336591e-30
1.981000250000000000e+06 5.639222960508880406e-32
2.497963000000000000e+06 1.569443784219070402e-34
3.147267500000000000e+06 4.461025222538617739e-38
3.970272000000000000e+06 1.273942951349835342e-43
5.004197000000000000e+06 3.374899795274332795e-53
6.286264000000000000e+06 3.483630885372536499e-70
7.940544000000000000e+06 1.376954370640946897e-100
1.000839400000000000e+07 9.999999999999999821e-201
