1.211760009765625000e+03 1.028750822873273263e-13
1.526073364257812500e+03 6.616030828925450628e-14
1.923100463867187500e+03 4.237781644797034160e-14
2.423520019531250000e+03 2.702650466870462966e-14
3.056282226562500000e+03 1.713491405083174245e-14
3.850336669921875000e+03 1.081761088126764358e-14
4.838769042968750000e+03 6.828096420513413271e-15
6.120835937500000000e+03 4.259990996190089607e-15
7.692401855468750000e+03 2.658460303809256033e-15
9.718894531250000000e+03 1.644511410670077500e-15
1.224167187500000000e+04 1.001085125120599234e-15
1.542616113281250000e+04 5.883663303943297779e-16
1.943778906250000000e+04 3.274279564900901131e-16
2.448334375000000000e+04 1.696079298688512700e-16
3.085232226562500000e+04 8.064208710803107317e-17
3.891693750000000000e+04 3.510095318678082571e-17
4.921482812500000000e+04 1.353415540041884249e-17
6.162192968750000000e+04 4.629860091761636890e-18
7.775115625000000000e+04 1.269120713185295535e-18
9.801609375000000000e+04 2.668635228482144337e-19
1.236574296875000000e+05 4.048644163050965935e-20
1.559158906250000000e+05 4.280298559301224106e-21
1.964457500000000000e+05 3.115099649924589847e-22
2.473148593750000000e+05 1.621465767959438154e-23
3.118317812500000000e+05 6.469404400914389512e-25
3.928915000000000000e+05 2.427173679981823784e-26
4.962840000000000000e+05 9.746753514646472624e-28
6.244907500000000000e+05 5.097800047050781488e-29
7.857830000000000000e+05 2.957047655780321268e-30
9.925680000000000000e+05 1.313651601573599258e-31
1.248981500000000000e+06 3.451576243661524786e-33
1.571566000000000000e+06 3.526559304770182998e-35
1.981000250000000000e+06 8.752186059788367674e-38
2.497963000000000000e+06 2.569170178871414088e-41
3.147267500000000000e+06 1.586338273953796022e-46
3.970272000000000000e+06 2.799356857418905256e-55
5.004197000000000000e+06 5.573406815166407258e-71
6.286264000000000000e+06 1.367889461484885759e-98
7.940544000000000000e+06 3.099120357627946812e-146
1.000839400000000000e+07 9.999999999999999821e-201
