1.211760009765625000e+03 2.179556828121341241e-11
1.526073364257812500e+03 1.463636117609815771e-11
1.923100463867187500e+03 9.966634609059688937e-12
2.423520019531250000e+03 6.912308797756253375e-12
3.056282226562500000e+03 4.804689156040138781e-12
3.850336669921875000e+03 3.378543688279967067e-12
4.838769042968750000e+03 2.388274821056289040e-12
6.120835937500000000e+03 1.676909750523382001e-12
7.692401855468750000e+03 1.168940633586716998e-12
9.718894531250000000e+03 8.145710725748982406e-13
1.224167187500000000e+04 5.561584028447773326e-13
1.542616113281250000e+04 3.645705482811490753e-13
1.943778906250000000e+04 2.251876064398247777e-13
2.448334375000000000e+04 1.283988420490536502e-13
3.085232226562500000e+04 6.693293229966581716e-14
3.891693750000000000e+04 3.159085786810273857e-14
4.921482812500000000e+04 1.314746524612116136e-14
6.162192968750000000e+04 4.840308277750802420e-15
7.775115625000000000e+04 1.411547085807292406e-15
9.801609375000000000e+04 3.104476591099040059e-16
1.236574296875000000e+05 4.886043585264744833e-17
1.559158906250000000e+05 5.290490676703216998e-18
1.964457500000000000e+05 3.878402213151145843e-19
2.473148593750000000e+05 2.002987125126364204e-20
3.118317812500000000e+05 7.925020391120125861e-22
3.928915000000000000e+05 2.908423633771323336e-23
4.962840000000000000e+05 1.134592145657050306e-24
6.244907500000000000e+05 5.728631491000209775e-26
7.857830000000000000e+05 3.186114727706965920e-27
9.925680000000000000e+05 1.348450319496078844e-28
1.248981500000000000e+06 3.370553327143648710e-30
1.571566000000000000e+06 3.220924165023434452e-32
1.981000250000000000e+06 7.455871709423484925e-35
2.497963000000000000e+06 2.050462378530166210e-38
3.147267500000000000e+06 1.178951791148540628e-43
3.970272000000000000e+06 1.928968590826472742e-52
5.004197000000000000e+06 3.565175209701589597e-68
6.286264000000000000e+06 8.126872682939617644e-96
7.940544000000000000e+06 1.705840607104613074e-143
1.000839400000000000e+07 9.999999999999999821e-201
