1.211760009765625000e+03 1.068605576301777446e-11
1.526073364257812500e+03 7.258843988686519176e-12
1.923100463867187500e+03 4.920535354236555449e-12
2.423520019531250000e+03 3.325380989190846310e-12
3.056282226562500000e+03 2.241863587012233194e-12
3.850336669921875000e+03 1.505148367933640359e-12
4.838769042968750000e+03 1.013665171194816815e-12
6.120835937500000000e+03 6.731052333207732757e-13
7.692401855468750000e+03 4.491991129015058024e-13
9.718894531250000000e+03 2.964101645126491145e-13
1.224167187500000000e+04 1.944696272222339069e-13
1.542616113281250000e+04 1.276100076525598555e-13
1.943778906250000000e+04 8.284344668793355026e-14
2.448334375000000000e+04 5.248919149072000695e-14
3.085232226562500000e+04 3.248510676395402923e-14
3.891693750000000000e+04 1.934517911576141040e-14
4.921482812500000000e+04 1.098071272184350049e-14
6.162192968750000000e+04 6.036318912528538658e-15
7.775115625000000000e+04 3.057675474118466127e-15
9.801609375000000000e+04 1.400108626108244690e-15
1.236574296875000000e+05 5.538456129425642975e-16
1.559158906250000000e+05 1.804481339080109045e-16
1.964457500000000000e+05 4.683846241249718165e-17
2.473148593750000000e+05 9.552898837122876569e-18
3.118317812500000000e+05 1.500566355413954773e-18
3.928915000000000000e+05 1.935838075698480280e-19
4.962840000000000000e+05 2.195116267035111609e-20
6.244907500000000000e+05 2.633974071626373580e-21
7.857830000000000000e+05 3.646129403635378242e-22
9.925680000000000000e+05 6.022264228973323979e-23
1.248981500000000000e+06 1.177994809169281844e-23
1.571566000000000000e+06 2.184558595563898435e-24
1.981000250000000000e+06 3.086997378577614410e-25
2.497963000000000000e+06 2.665247379989891711e-26
3.147267500000000000e+06 1.154111317716740356e-27
3.970272000000000000e+06 1.781203041401653297e-29
5.004197000000000000e+06 4.697101361412393582e-32
6.286264000000000000e+06 4.095629657931617252e-36
7.940544000000000000e+06 2.483293647716607482e-43
1.000839400000000000e+07 9.999999999999999821e-201
