1.211760009765625000e+03 4.782570411420543399e-17
1.526073364257812500e+03 2.373463974502404133e-17
1.923100463867187500e+03 1.114379617705886529e-17
2.423520019531250000e+03 4.826161547982970018e-18
3.056282226562500000e+03 1.920891928078763929e-18
3.850336669921875000e+03 6.781006970117703182e-19
4.838769042968750000e+03 2.114661495600264051e-19
6.120835937500000000e+03 5.547570604292090144e-20
7.692401855468750000e+03 1.167133066272471586e-20
9.718894531250000000e+03 1.924338240815104387e-21
1.224167187500000000e+04 2.203168561568345655e-23
1.542616113281250000e+04 1.519630625480865813e-23
1.943778906250000000e+04 1.043213773107311299e-23
2.448334375000000000e+04 7.046330598299156724e-24
3.085232226562500000e+04 4.640729537707718508e-24
3.891693750000000000e+04 2.932003709732588328e-24
4.921482812500000000e+04 1.775452901129241173e-24
6.162192968750000000e+04 1.035962840393411427e-24
7.775115625000000000e+04 5.566005863056325112e-25
9.801609375000000000e+04 2.698499958866745061e-25
1.236574296875000000e+05 1.122660026234927680e-25
1.559158906250000000e+05 3.857856655964370935e-26
1.964457500000000000e+05 1.052829155112768214e-26
2.473148593750000000e+05 2.247102340095949089e-27
3.118317812500000000e+05 3.734841149704836731e-28
3.928915000000000000e+05 5.090399546462415538e-29
4.962840000000000000e+05 6.152977415174175525e-30
6.244907500000000000e+05 7.937159326205226014e-31
7.857830000000000000e+05 1.186619792522406410e-31
9.925680000000000000e+05 2.136815440280294353e-32
1.248981500000000000e+06 4.539589752408451461e-33
1.571566000000000000e+06 9.251678309372610473e-34
1.981000250000000000e+06 1.431244239158712223e-34
2.497963000000000000e+06 1.363226739243264174e-35
3.147267500000000000e+06 6.537740412499455560e-37
3.970272000000000000e+06 1.115934435576939170e-38
5.004197000000000000e+06 3.272138027051330429e-41
6.286264000000000000e+06 3.182981474313784901e-45
7.940544000000000000e+06 2.147787750682913385e-52
1.000839400000000000e+07 9.999999999999999821e-201
