1.211760009765625000e+03 4.994298789009473254e-15
1.526073364257812500e+03 2.393242840956590577e-15
1.923100463867187500e+03 1.082988642559241995e-15
2.423520019531250000e+03 4.533478202492389846e-16
3.056282226562500000e+03 1.752999060328948794e-16
3.850336669921875000e+03 6.036272100567203992e-17
4.838769042968750000e+03 1.840192156938282975e-17
6.120835937500000000e+03 4.758582785014991617e-18
7.692401855468750000e+03 1.020015452876781675e-18
9.718894531250000000e+03 1.939857097595871093e-19
1.224167187500000000e+04 2.793962365787790221e-20
1.542616113281250000e+04 1.928761947725714378e-20
1.943778906250000000e+04 1.319358595400423158e-20
2.448334375000000000e+04 8.897485247004868116e-21
3.085232226562500000e+04 5.869157944747996952e-21
3.891693750000000000e+04 3.727977225433188760e-21
4.921482812500000000e+04 2.250808430213375649e-21
6.162192968750000000e+04 1.313307222860939153e-21
7.775115625000000000e+04 7.048201092883244486e-22
9.801609375000000000e+04 3.416504382511998237e-22
1.236574296875000000e+05 1.425029793300868408e-22
1.559158906250000000e+05 4.890766663851605709e-23
1.964457500000000000e+05 1.334688928922485888e-23
2.473148593750000000e+05 2.844158517416128464e-24
3.118317812500000000e+05 4.729325479507899543e-25
3.928915000000000000e+05 6.465178986017958700e-26
4.962840000000000000e+05 7.815944284140168359e-27
6.244907500000000000e+05 1.004257672794002103e-27
7.857830000000000000e+05 1.502400642658684910e-28
9.925680000000000000e+05 2.702763163003088352e-29
1.248981500000000000e+06 5.755893335859661860e-30
1.571566000000000000e+06 1.169780267912819341e-30
1.981000250000000000e+06 1.814780277103203703e-31
2.497963000000000000e+06 1.724899139450660390e-32
3.147267500000000000e+06 8.272242970917676886e-34
3.970272000000000000e+06 1.409224896209339822e-35
5.004197000000000000e+06 4.142948953605312979e-38
6.286264000000000000e+06 3.998882500657642290e-42
7.940544000000000000e+06 2.700547466287606861e-49
1.000839400000000000e+07 9.999999999999999821e-201
