1.211760009765625000e+03 5.691756974008302376e-13
1.526073364257812500e+03 3.886547258247686078e-13
1.923100463867187500e+03 2.644689656104815682e-13
2.423520019531250000e+03 1.799691209505907410e-13
3.056282226562500000e+03 1.224630329469237401e-13
3.850336669921875000e+03 8.270474104000835124e-14
4.838769042968750000e+03 5.582836087119636169e-14
6.120835937500000000e+03 3.747193256963997119e-14
7.692401855468750000e+03 2.509709546090331904e-14
9.718894531250000000e+03 1.658603770457552147e-14
1.224167187500000000e+04 1.098269241306352609e-14
1.542616113281250000e+04 7.164135145147250925e-15
1.943778906250000000e+04 4.583333164403617696e-15
2.448334375000000000e+04 2.840102292307542909e-15
3.085232226562500000e+04 1.687124558397993952e-15
3.891693750000000000e+04 9.475919553645428047e-16
4.921482812500000000e+04 4.993076660618865997e-16
6.162192968750000000e+04 2.477416227306322738e-16
7.775115625000000000e+04 1.081278456168715153e-16
9.801609375000000000e+04 4.067816248240143800e-17
1.236574296875000000e+05 1.221093320141584392e-17
1.559158906250000000e+05 2.827143520896719025e-18
1.964457500000000000e+05 4.875264265646679051e-19
2.473148593750000000e+05 6.206983175403386221e-20
3.118317812500000000e+05 5.884422932215844610e-21
3.928915000000000000e+05 4.669824755537988369e-22
4.962840000000000000e+05 3.446670421317495007e-23
6.244907500000000000e+05 2.961409133553829742e-24
7.857830000000000000e+05 3.176085281737184997e-25
9.925680000000000000e+05 3.994668454190175196e-26
1.248981500000000000e+06 5.080720961766001874e-27
1.571566000000000000e+06 4.783266105103527237e-28
1.981000250000000000e+06 2.461716246993113716e-29
2.497963000000000000e+06 5.257815428785846301e-31
3.147267500000000000e+06 3.269626063626140293e-33
3.970272000000000000e+06 2.436144639619914668e-36
5.004197000000000000e+06 2.793842284687184432e-41
6.286264000000000000e+06 9.451333130657227005e-50
7.940544000000000000e+06 3.127519960460395833e-65
1.000839400000000000e+07 9.999999999999999821e-201
