1.211760009765625000e+03 1.868191566961149513e-13
1.526073364257812500e+03 1.077948221753174986e-13
1.923100463867187500e+03 6.176174360102343203e-14
2.423520019531250000e+03 3.474836314547738145e-14
3.056282226562500000e+03 1.930767979122870592e-14
3.850336669921875000e+03 1.058291296775964931e-14
4.838769042968750000e+03 5.644502636752547225e-15
6.120835937500000000e+03 2.932227841839181392e-15
7.692401855468750000e+03 1.482273816610410853e-15
9.718894531250000000e+03 7.198075092072461749e-16
1.224167187500000000e+04 3.302864263628598559e-16
1.542616113281250000e+04 1.415228753533017892e-16
1.943778906250000000e+04 1.432468744639655219e-19
2.448334375000000000e+04 1.049037620297648306e-19
3.085232226562500000e+04 7.121999884023844114e-20
3.891693750000000000e+04 4.484574833254353502e-20
4.921482812500000000e+04 2.549123981194220729e-20
6.162192968750000000e+04 1.314360349288181294e-20
7.775115625000000000e+04 5.595687878484121728e-21
9.801609375000000000e+04 1.884841565716428458e-21
1.236574296875000000e+05 4.720540272969503257e-22
1.559158906250000000e+05 8.444916029840467277e-23
1.964457500000000000e+05 1.049476431776036662e-23
2.473148593750000000e+05 9.230282738910876217e-25
3.118317812500000000e+05 5.998195765784173080e-26
3.928915000000000000e+05 3.437799331465545411e-27
4.962840000000000000e+05 1.974074834079508916e-28
6.244907500000000000e+05 1.417823318517880930e-29
7.857830000000000000e+05 1.231408514396099119e-30
9.925680000000000000e+05 9.745575775782242067e-32
1.248981500000000000e+06 5.428409820970184345e-33
1.571566000000000000e+06 1.514348869521071038e-34
1.981000250000000000e+06 1.434311040842424430e-36
2.497963000000000000e+06 2.974226424498944693e-39
3.147267500000000000e+06 5.200220586111986081e-43
3.970272000000000000e+06 5.939880610053860950e-49
5.004197000000000000e+06 2.591905414539960381e-59
6.286264000000000000e+06 1.030593773261449570e-77
7.940544000000000000e+06 1.535025833233696116e-110
1.000839400000000000e+07 9.999999999999999821e-201
