1.211760009765625000e+03 9.054501794538371651e-12
1.526073364257812500e+03 5.152394711315635200e-12
1.923100463867187500e+03 2.911512944851295528e-12
2.423520019531250000e+03 1.619099358032996362e-12
3.056282226562500000e+03 8.888445939696078733e-13
3.850336669921875000e+03 4.821104796423839990e-13
4.838769042968750000e+03 2.563415009619111928e-13
6.120835937500000000e+03 1.325662671352503980e-13
7.692401855468750000e+03 6.677085488297889004e-14
9.718894531250000000e+03 3.243767745354543617e-14
1.224167187500000000e+04 1.505717531948331653e-14
1.542616113281250000e+04 6.626269726806913850e-15
1.943778906250000000e+04 3.277208981639015558e-16
2.448334375000000000e+04 2.370231226993270895e-16
3.085232226562500000e+04 1.598347439409959058e-16
3.891693750000000000e+04 9.918586680756249512e-17
4.921482812500000000e+04 5.574084438878029350e-17
6.162192968750000000e+04 2.838087833861205209e-17
7.775115625000000000e+04 1.188464682155919571e-17
9.801609375000000000e+04 3.955631626705330205e-18
1.236574296875000000e+05 9.744234508423288260e-19
1.559158906250000000e+05 1.708994855327905076e-19
1.964457500000000000e+05 2.083289036212132568e-20
2.473148593750000000e+05 1.792335325492217423e-21
3.118317812500000000e+05 1.137588852131481272e-22
3.928915000000000000e+05 6.331643072509329230e-24
4.962840000000000000e+05 3.525133632284838095e-25
6.244907500000000000e+05 2.457560418764326387e-26
7.857830000000000000e+05 2.056452219041485273e-27
9.925680000000000000e+05 1.555403615087439727e-28
1.248981500000000000e+06 8.275663991773172356e-30
1.571566000000000000e+06 2.192513798045724547e-31
1.981000250000000000e+06 1.955499645799700846e-33
2.497963000000000000e+06 3.799109534418575510e-36
3.147267500000000000e+06 6.190738792990458396e-40
3.970272000000000000e+06 6.623607874520491607e-46
5.004197000000000000e+06 2.642727089334862458e-56
6.286264000000000000e+06 9.654890590903634307e-75
7.940544000000000000e+06 1.318584342833397384e-107
1.000839400000000000e+07 9.999999999999999821e-201
