1.211760009765625000e+03 2.104829165442895311e-10
1.526073364257812500e+03 1.236179153386668717e-10
1.923100463867187500e+03 7.321944952954874203e-11
2.423520019531250000e+03 4.371568266689090461e-11
3.056282226562500000e+03 2.656657730864716854e-11
3.850336669921875000e+03 1.646230906095945873e-11
4.838769042968750000e+03 1.047819274004892613e-11
6.120835937500000000e+03 6.825437917558430026e-12
7.692401855468750000e+03 4.621091422986221596e-12
9.718894531250000000e+03 3.181981693062075836e-12
1.224167187500000000e+04 2.234290531278169648e-12
1.542616113281250000e+04 1.490207760342714870e-12
1.943778906250000000e+04 1.048147861931455006e-12
2.448334375000000000e+04 6.878124019876088341e-13
3.085232226562500000e+04 4.168175047331925488e-13
3.891693750000000000e+04 2.323090566775903857e-13
4.921482812500000000e+04 1.155602871474713181e-13
6.162192968750000000e+04 5.176020844541953643e-14
7.775115625000000000e+04 1.886687682922522026e-14
9.801609375000000000e+04 5.392506362901711639e-15
1.236574296875000000e+05 1.128165817530785013e-15
1.559158906250000000e+05 1.656964566992394804e-16
1.964457500000000000e+05 1.676029525373670903e-17
2.473148593750000000e+05 1.176983142898158790e-18
3.118317812500000000e+05 6.032668155242704326e-20
3.928915000000000000e+05 2.763294399342559637e-21
4.962840000000000000e+05 1.223926397129295805e-22
6.244907500000000000e+05 6.793736734564843805e-24
7.857830000000000000e+05 4.556211503265566343e-25
9.925680000000000000e+05 2.867775415317467814e-26
1.248981500000000000e+06 1.321622652491106967e-27
1.571566000000000000e+06 3.091246931478882002e-29
1.981000250000000000e+06 2.443332180039711096e-31
2.497963000000000000e+06 4.228978197334437897e-34
3.147267500000000000e+06 6.190738792990460158e-38
3.970272000000000000e+06 5.939880610053860100e-44
5.004197000000000000e+06 2.175167681221770766e-54
6.286264000000000000e+06 7.327743360958426098e-73
7.940544000000000000e+06 9.341159059381302463e-106
1.000839400000000000e+07 9.999999999999999821e-201
