1.211760009765625000e+03 5.666847753115486814e-15
1.526073364257812500e+03 3.303070697849178750e-15
1.923100463867187500e+03 1.891306252585342764e-15
2.423520019531250000e+03 1.058641887944651543e-15
3.056282226562500000e+03 5.777489860802451754e-16
3.850336669921875000e+03 3.045569275272426939e-16
4.838769042968750000e+03 1.559427446501410262e-16
6.120835937500000000e+03 7.567832748502103220e-17
7.692401855468750000e+03 3.528590768279681471e-17
9.718894531250000000e+03 1.532278541626067695e-17
1.224167187500000000e+04 6.126768496158767765e-18
1.542616113281250000e+04 5.739869629066058919e-21
1.943778906250000000e+04 4.120757917534907698e-21
2.448334375000000000e+04 2.841326182198041563e-21
3.085232226562500000e+04 1.859182459929740027e-21
3.891693750000000000e+04 1.137639458467664519e-21
4.921482812500000000e+04 6.426989479121182625e-22
6.162192968750000000e+04 3.394143564871601253e-22
7.775115625000000000e+04 1.546618701940034086e-22
9.801609375000000000e+04 5.920981329067652458e-23
1.236574296875000000e+05 1.781483587016015231e-23
1.559158906250000000e+05 4.037863682052925643e-24
1.964457500000000000e+05 6.681092547559817080e-25
2.473148593750000000e+05 8.027317164576430050e-26
3.118317812500000000e+05 7.122277311976329000e-27
3.928915000000000000e+05 5.287306799361805464e-28
4.962840000000000000e+05 3.671374349063208996e-29
6.244907500000000000e+05 3.022471608493800110e-30
7.857830000000000000e+05 3.152352741507594821e-31
9.925680000000000000e+05 3.742220430877518024e-32
1.248981500000000000e+06 4.250126345190673084e-33
1.571566000000000000e+06 3.359153718043251656e-34
1.981000250000000000e+06 1.338275047429270841e-35
2.497963000000000000e+06 1.988152089371940656e-37
3.147267500000000000e+06 7.139694249101998723e-40
3.970272000000000000e+06 1.964177637017275902e-43
5.004197000000000000e+06 3.241190847120723313e-49
6.286264000000000000e+06 2.825376838019039547e-59
7.940544000000000000e+06 1.245963948092874452e-77
1.000839400000000000e+07 9.999999999999999821e-201
