1.211760009765625000e+03 5.729120805347525720e-15
1.526073364257812500e+03 3.718426893387099454e-15
1.923100463867187500e+03 2.409257342504980188e-15
2.423520019531250000e+03 1.556826305800958256e-15
3.056282226562500000e+03 1.002419180976835589e-15
3.850336669921875000e+03 6.428228586160590495e-16
4.838769042968750000e+03 4.148077007693751529e-16
6.120835937500000000e+03 2.637648547523534226e-16
7.692401855468750000e+03 1.691763240569646775e-16
9.718894531250000000e+03 1.073679503889651322e-16
1.224167187500000000e+04 6.800713030736233991e-17
1.542616113281250000e+04 4.259233242338801497e-17
1.943778906250000000e+04 2.608825156424977624e-17
2.448334375000000000e+04 1.545282660493671978e-17
3.085232226562500000e+04 8.702556195415802343e-18
3.891693750000000000e+04 4.646696379656656833e-18
4.921482812500000000e+04 2.288142851205447388e-18
6.162192968750000000e+04 1.058174170224675590e-18
7.775115625000000000e+04 4.262253546483572712e-19
9.801609375000000000e+04 1.445082416328005335e-19
1.236574296875000000e+05 3.879675367279322177e-20
1.559158906250000000e+05 7.886452504009619696e-21
1.964457500000000000e+05 1.175377392626264148e-21
2.473148593750000000e+05 1.284370746332228507e-22
3.118317812500000000e+05 1.039467499585734478e-23
3.928915000000000000e+05 7.100600696146265754e-25
4.962840000000000000e+05 4.598178752383210147e-26
6.244907500000000000e+05 3.542293853217024363e-27
7.857830000000000000e+05 3.444105478306266146e-28
9.925680000000000000e+05 3.796298760803492950e-29
1.248981500000000000e+06 3.982525797530519714e-30
1.571566000000000000e+06 2.895270585551564424e-31
1.981000250000000000e+06 1.050915374668384607e-32
2.497963000000000000e+06 1.429576026167442848e-34
3.147267500000000000e+06 4.683580421673315444e-37
3.970272000000000000e+06 1.167388595585739623e-40
5.004197000000000000e+06 1.737781336022398420e-46
6.286264000000000000e+06 1.363522928788770775e-56
7.940544000000000000e+06 5.372505097281202753e-75
1.000839400000000000e+07 9.999999999999999821e-201
