1.211760009765625000e+03 2.590558972852794197e-15
1.526073364257812500e+03 1.740540247968429385e-15
1.923100463867187500e+03 1.161463261865180898e-15
2.423520019531250000e+03 7.721255382481669243e-16
3.056282226562500000e+03 5.083558458594672101e-16
3.850336669921875000e+03 3.348699331078096051e-16
4.838769042968750000e+03 2.189504093666576611e-16
6.120835937500000000e+03 1.406283724010292166e-16
7.692401855468750000e+03 8.830770226049924687e-17
9.718894531250000000e+03 5.212137788793160236e-17
1.224167187500000000e+04 2.860047212137966348e-17
1.542616113281250000e+04 1.419213243657411074e-17
1.943778906250000000e+04 6.326872546876878464e-18
2.448334375000000000e+04 2.531768757465718097e-18
3.085232226562500000e+04 9.028480318652292912e-19
3.891693750000000000e+04 2.781779800846374741e-19
4.921482812500000000e+04 7.038423389278988035e-20
6.162192968750000000e+04 1.506254426587296931e-20
7.775115625000000000e+04 2.338606129723512127e-21
9.801609375000000000e+04 2.629710134615000265e-22
1.236574296875000000e+05 2.030305189972279839e-23
1.559158906250000000e+05 1.082472091871430174e-24
1.964457500000000000e+05 4.116538223284180064e-26
2.473148593750000000e+05 1.247566128611212902e-27
3.118317812500000000e+05 3.295923849072559433e-29
3.928915000000000000e+05 8.700242154919172630e-31
4.962840000000000000e+05 2.037840081315246293e-32
6.244907500000000000e+05 3.545555147299377746e-34
7.857830000000000000e+05 3.136142092481362993e-36
9.925680000000000000e+05 8.560642231184535305e-39
1.248981500000000000e+06 5.099906197897579300e-42
1.571566000000000000e+06 2.642339956963359999e-46
1.981000250000000000e+06 1.447117215887349090e-52
2.497963000000000000e+06 8.473011381267154617e-63
3.147267500000000000e+06 7.617202550525529464e-81
3.970272000000000000e+06 3.144525286572207839e-113
5.004197000000000000e+06 3.485298638849577423e-168
6.286264000000000000e+06 9.999999999999999821e-201
7.940544000000000000e+06 9.999999999999999821e-201
1.000839400000000000e+07 9.999999999999999821e-201
