1.211760009765625000e+03 1.235497356283640184e-11
1.526073364257812500e+03 6.843487793148597379e-12
1.923100463867187500e+03 3.743373786237380080e-12
2.423520019531250000e+03 2.048783418434060460e-12
3.056282226562500000e+03 1.125869819028169798e-12
3.850336669921875000e+03 6.271449551893134545e-13
4.838769042968750000e+03 3.617927117069555491e-13
6.120835937500000000e+03 2.147239742193422540e-13
7.692401855468750000e+03 1.345046259163544605e-13
9.718894531250000000e+03 8.230995878970074512e-14
1.224167187500000000e+04 5.706056428492197895e-14
1.542616113281250000e+04 3.910271651287894189e-14
1.943778906250000000e+04 2.628548260546736462e-14
2.448334375000000000e+04 1.714060948786582119e-14
3.085232226562500000e+04 1.062963219039634376e-14
3.891693750000000000e+04 6.249232737502727765e-15
4.921482812500000000e+04 3.418484101479833181e-15
6.162192968750000000e+04 1.758746506881385799e-15
7.775115625000000000e+04 7.889191712059913826e-16
9.801609375000000000e+04 3.018460849751821686e-16
1.236574296875000000e+05 9.252259867100334385e-17
1.559158906250000000e+05 2.158864429242992650e-17
1.964457500000000000e+05 3.738034119751650778e-18
2.473148593750000000e+05 4.773351639182838044e-19
3.118317812500000000e+05 4.557016834453275831e-20
3.928915000000000000e+05 3.616942643157486544e-21
4.962840000000000000e+05 2.674417782957358291e-22
6.244907500000000000e+05 2.299443247285897469e-23
7.857830000000000000e+05 2.486580287195827159e-24
9.925680000000000000e+05 3.114904216678889307e-25
1.248981500000000000e+06 3.928220209468984986e-26
1.571566000000000000e+06 3.676513511841352094e-27
1.981000250000000000e+06 1.877901886074331300e-28
2.497963000000000000e+06 3.972867770576729537e-30
3.147267500000000000e+06 2.437649667928118928e-32
3.970272000000000000e+06 1.771680528439001551e-35
5.004197000000000000e+06 1.971682213944775878e-40
6.286264000000000000e+06 6.364252371272113520e-49
7.940544000000000000e+06 1.968561787484361301e-64
1.000839400000000000e+07 9.999999999999999821e-201
