1.211760009765625000e+03 1.320188707319212346e-14
1.526073364257812500e+03 8.593917474344119238e-15
1.923100463867187500e+03 5.564050344742772275e-15
2.423520019531250000e+03 3.580700414706685649e-15
3.056282226562500000e+03 2.296140742051428582e-15
3.850336669921875000e+03 1.465672382647253486e-15
4.838769042968750000e+03 9.317839007882120815e-16
6.120835937500000000e+03 5.852488784658636408e-16
7.692401855468750000e+03 3.680938261247969108e-16
9.718894531250000000e+03 2.278889654540298607e-16
1.224167187500000000e+04 1.378242792841651643e-16
1.542616113281250000e+04 7.837258708280501305e-17
1.943778906250000000e+04 4.159041199612282002e-17
2.448334375000000000e+04 2.018977981952562619e-17
3.085232226562500000e+04 8.927780331014346718e-18
3.891693750000000000e+04 3.542395562045294172e-18
4.921482812500000000e+04 1.215808024512423838e-18
6.162192968750000000e+04 3.627014334049803095e-19
7.775115625000000000e+04 8.304340129200797654e-20
9.801609375000000000e+04 1.412468869559203321e-20
1.236574296875000000e+05 1.697729189893146142e-21
1.559158906250000000e+05 1.386855623480250614e-22
1.964457500000000000e+05 7.753443054640601231e-24
2.473148593750000000e+05 3.158250504206525305e-25
3.118317812500000000e+05 1.032030522152087661e-26
3.928915000000000000e+05 3.316343263347460606e-28
4.962840000000000000e+05 1.187881153821431972e-29
6.244907500000000000e+05 5.210487004761306501e-31
7.857830000000000000e+05 2.038545456355852826e-32
9.925680000000000000e+05 4.699845530237129251e-34
1.248981500000000000e+06 4.854959908388877141e-36
1.571566000000000000e+06 1.378102785542831239e-38
1.981000250000000000e+06 5.696589587222274706e-42
2.497963000000000000e+06 9.385902467336101468e-47
3.147267500000000000e+06 2.609646297538754859e-54
3.970272000000000000e+06 1.102667801403149241e-67
5.004197000000000000e+06 7.148232472618777577e-92
6.286264000000000000e+06 2.489457766012794190e-133
7.940544000000000000e+06 9.999999999999999821e-201
1.000839400000000000e+07 9.999999999999999821e-201
