1.211760009765625000e+03 1.556826305800958233e-09
1.526073364257812500e+03 8.940047637292386588e-10
1.923100463867187500e+03 5.093185717543102796e-10
2.423520019531250000e+03 2.870787707896966191e-10
3.056282226562500000e+03 1.594982243623240826e-10
3.850336669921875000e+03 8.819112581213997900e-11
4.838769042968750000e+03 4.802575603811554603e-11
6.120835937500000000e+03 2.562755413696329242e-11
7.692401855468750000e+03 1.347356170116197143e-11
9.718894531250000000e+03 6.984469149465708714e-12
1.224167187500000000e+04 3.586295718200511683e-12
1.542616113281250000e+04 1.824057818407620693e-12
1.943778906250000000e+04 9.290074259032131971e-13
2.448334375000000000e+04 3.008916744112071964e-13
3.085232226562500000e+04 1.928447506619793861e-13
3.891693750000000000e+04 1.136502175151602554e-13
4.921482812500000000e+04 6.029258016514764282e-14
6.162192968750000000e+04 2.891124177442607970e-14
7.775115625000000000e+04 1.136412476011729305e-14
9.801609375000000000e+04 3.541823047884208666e-15
1.236574296875000000e+05 8.202371809121881724e-16
1.559158906250000000e+05 1.349388673112652616e-16
1.964457500000000000e+05 1.549193690369688877e-17
2.473148593750000000e+05 1.253005660066853973e-18
3.118317812500000000e+05 7.537730079513303070e-20
3.928915000000000000e+05 3.950672536025901574e-21
4.962840000000000000e+05 2.081785020549078767e-22
6.244907500000000000e+05 1.388625319580809638e-23
7.857830000000000000e+05 1.132624253903427396e-24
9.925680000000000000e+05 8.761390763946284738e-26
1.248981500000000000e+06 5.002669020799054109e-27
1.571566000000000000e+06 1.448797480821291545e-28
1.981000250000000000e+06 1.428448112869862458e-30
2.497963000000000000e+06 3.171045706712140153e-33
3.147267500000000000e+06 6.764281115068192752e-37
3.970272000000000000e+06 1.316817439804844907e-42
5.004197000000000000e+06 1.737440274547151513e-52
6.286264000000000000e+06 5.793890385972134698e-70
7.940544000000000000e+06 3.579254247711276453e-101
1.000839400000000000e+07 9.999999999999999821e-201
