1.211760009765625000e+03 2.976651896691431808e-11
1.526073364257812500e+03 1.997665511872856442e-11
1.923100463867187500e+03 1.334116443732399613e-11
2.423520019531250000e+03 8.905046469181479791e-12
3.056282226562500000e+03 5.925630626464052758e-12
3.850336669921875000e+03 3.919605591650665464e-12
4.838769042968750000e+03 2.594638248292995412e-12
6.120835937500000000e+03 1.695361273676033701e-12
7.692401855468750000e+03 1.110393820430063864e-12
9.718894531250000000e+03 7.169897533964798452e-13
1.224167187500000000e+04 4.583164358513875118e-13
1.542616113281250000e+04 2.867719766053217720e-13
1.943778906250000000e+04 1.724294085956721602e-13
2.448334375000000000e+04 9.778979418364231737e-14
3.085232226562500000e+04 5.164885495990404039e-14
3.891693750000000000e+04 2.502390110425546758e-14
4.921482812500000000e+04 1.102797487892976021e-14
6.162192968750000000e+04 4.410817655329106243e-15
7.775115625000000000e+04 1.461485548346053935e-15
9.801609375000000000e+04 3.880933765234823921e-16
1.236574296875000000e+05 7.728678604339769271e-17
1.559158906250000000e+05 1.105350296060364452e-17
1.964457500000000000e+05 1.113076138879061974e-18
2.473148593750000000e+05 7.950543528342980608e-20
3.118317812500000000e+05 4.279183411599478099e-21
3.928915000000000000e+05 2.036587005005600005e-22
4.962840000000000000e+05 9.817045047883399923e-24
6.244907500000000000e+05 6.095977818033995604e-25
7.857830000000000000e+05 4.672542301581796214e-26
9.925680000000000000e+05 3.450282203500970220e-27
1.248981500000000000e+06 1.942932616640611195e-28
1.571566000000000000e+06 5.699874299546922243e-30
1.981000250000000000e+06 5.958132260259820871e-32
2.497963000000000000e+06 1.452312941496236439e-34
3.147267500000000000e+06 3.403820945723417223e-38
3.970272000000000000e+06 7.031549435851112798e-44
5.004197000000000000e+06 1.013506826819171631e-53
6.286264000000000000e+06 3.659299191140295065e-71
7.940544000000000000e+06 2.421639585613665640e-102
1.000839400000000000e+07 9.999999999999999821e-201
