1.211760009765625000e+03 1.544371695354550534e-08
1.526073364257812500e+03 9.177394034742627892e-09
1.923100463867187500e+03 5.422790956582871583e-09
2.423520019531250000e+03 3.163471053387547344e-09
3.056282226562500000e+03 1.832007468681802975e-09
3.850336669921875000e+03 1.046548474578858982e-09
4.838769042968750000e+03 5.926044696002151923e-10
6.120835937500000000e+03 3.279244356258722499e-10
7.692401855468750000e+03 1.771324910918443805e-10
9.718894531250000000e+03 9.358300564102357475e-11
1.224167187500000000e+04 4.788436137415761523e-11
1.542616113281250000e+04 2.377616841903796483e-11
1.943778906250000000e+04 1.120940764464692152e-11
2.448334375000000000e+04 5.003311370629024970e-12
3.085232226562500000e+04 2.088845246807317110e-12
3.891693750000000000e+04 1.175044488474992320e-13
4.921482812500000000e+04 8.164233351749686474e-14
6.162192968750000000e+04 5.456239144091379916e-14
7.775115625000000000e+04 3.348145766581332345e-14
9.801609375000000000e+04 1.844651074449573399e-14
1.236574296875000000e+05 8.721185598526976622e-15
1.559158906250000000e+05 3.395983576893207167e-15
1.964457500000000000e+05 1.046816146839488166e-15
2.473148593750000000e+05 2.492971090727342929e-16
3.118317812500000000e+05 4.547310391809925589e-17
3.928915000000000000e+05 6.732559855330162438e-18
4.962840000000000000e+05 8.547728965709485902e-19
6.244907500000000000e+05 1.134258801310149071e-19
7.857830000000000000e+05 1.694071961821259134e-20
9.925680000000000000e+05 2.970284016456809901e-21
1.248981500000000000e+06 6.064528345693951428e-22
1.571566000000000000e+06 1.173118206083463525e-22
1.981000250000000000e+06 1.720455678569232385e-23
2.497963000000000000e+06 1.576754288463706942e-24
3.147267500000000000e+06 7.435777642781725787e-26
3.970272000000000000e+06 1.319598673146833306e-27
5.004197000000000000e+06 4.429667109473801646e-30
6.286264000000000000e+06 6.048885528753906470e-34
7.940544000000000000e+06 8.764376249377449782e-41
1.000839400000000000e+07 9.999999999999999821e-201
