1.211760009765625000e+03 6.451488211239170341e-13
1.526073364257812500e+03 4.242566854423046276e-13
1.923100463867187500e+03 2.770253556691394024e-13
2.423520019531250000e+03 1.805904605161704805e-13
3.056282226562500000e+03 1.170158023228094819e-13
3.850336669921875000e+03 7.559624966770083269e-14
4.838769042968750000e+03 4.854027147657372062e-14
6.120835937500000000e+03 3.061083244215021713e-14
7.692401855468750000e+03 1.921471349177142459e-14
9.718894531250000000e+03 1.159313303684701462e-14
1.224167187500000000e+04 6.612512408253156864e-15
1.542616113281250000e+04 3.459078318023744970e-15
1.943778906250000000e+04 1.633495207486545675e-15
2.448334375000000000e+04 6.920391285475506412e-16
3.085232226562500000e+04 2.621422328382987079e-16
3.891693750000000000e+04 8.724778013081504683e-17
4.921482812500000000e+04 2.428607500121742849e-17
6.162192968750000000e+04 5.757265964782692149e-18
7.775115625000000000e+04 1.002120287037030844e-18
9.801609375000000000e+04 1.268712493913976876e-19
1.236574296875000000e+05 1.102849784331634618e-20
1.559158906250000000e+05 6.485350563933084257e-22
1.964457500000000000e+05 2.645003237941806488e-23
2.473148593750000000e+05 8.246797571879192245e-25
3.118317812500000000e+05 2.164616704721581236e-26
3.928915000000000000e+05 5.897762973324746853e-28
4.962840000000000000e+05 1.695218257921797585e-29
6.244907500000000000e+05 4.706489917970367919e-31
7.857830000000000000e+05 8.453611760999353023e-33
9.925680000000000000e+05 6.308642083804014360e-35
1.248981500000000000e+06 1.431335659092284262e-37
1.571566000000000000e+06 5.347632127997442808e-41
1.981000250000000000e+06 1.002918323584257868e-45
2.497963000000000000e+06 6.116786731117655757e-53
3.147267500000000000e+06 3.054502433328601291e-65
3.970272000000000000e+06 1.391781587309201449e-87
5.004197000000000000e+06 4.928114885380505839e-127
6.286264000000000000e+06 2.841965672047648613e-191
7.940544000000000000e+06 9.999999999999999821e-201
1.000839400000000000e+07 9.999999999999999821e-201
