1.211760009765625000e+03 6.127668339632571564e-14
1.526073364257812500e+03 4.074446489562460442e-14
1.923100463867187500e+03 2.699623862611443928e-14
2.423520019531250000e+03 1.781009293836295991e-14
3.056282226562500000e+03 1.170298490681002222e-14
3.850336669921875000e+03 7.642201060203489058e-15
4.838769042968750000e+03 4.986873703598869278e-15
6.120835937500000000e+03 3.198041253420890156e-15
7.692401855468750000e+03 2.066749428335396216e-15
9.718894531250000000e+03 1.305107482827224316e-15
1.224167187500000000e+04 8.079286238187834911e-16
1.542616113281250000e+04 4.765783110235888874e-16
1.943778906250000000e+04 2.622596721002160469e-16
2.448334375000000000e+04 1.325066515804109330e-16
3.085232226562500000e+04 6.102742190014778710e-17
3.891693750000000000e+04 2.544700733814305295e-17
4.921482812500000000e+04 9.185390091747590060e-18
6.162192968750000000e+04 2.906338593710319369e-18
7.775115625000000000e+04 7.123373055073257000e-19
9.801609375000000000e+04 1.305165728366538641e-19
1.236574296875000000e+05 1.688248051157148934e-20
1.559158906250000000e+05 1.497913013655962610e-21
1.964457500000000000e+05 9.071413174597498507e-23
2.473148593750000000e+05 3.982684364396996937e-24
3.118317812500000000e+05 1.385640812092207146e-25
3.928915000000000000e+05 4.675597515283726698e-27
4.962840000000000000e+05 1.748844877449239777e-28
6.244907500000000000e+05 8.192647014256465785e-30
7.857830000000000000e+05 3.623945139500867639e-31
9.925680000000000000e+05 1.002603760262939952e-32
1.248981500000000000e+06 1.339095161978459182e-34
1.571566000000000000e+06 5.340662880081899355e-37
1.981000250000000000e+06 3.534735545761011235e-40
2.497963000000000000e+06 1.277370278420636309e-44
3.147267500000000000e+06 1.542589224284652353e-51
3.970272000000000000e+06 1.149602833140406763e-63
5.004197000000000000e+06 1.298904574470939965e-85
6.286264000000000000e+06 1.666158975237067873e-123
7.940544000000000000e+06 8.181740816779145644e-187
1.000839400000000000e+07 9.999999999999999821e-201
