1.211760009765625000e+03 2.976651896691431566e-13
1.526073364257812500e+03 1.997665511872856129e-13
1.923100463867187500e+03 1.334116443732399734e-13
2.423520019531250000e+03 8.905046469181480902e-14
3.056282226562500000e+03 5.925630626464053162e-14
3.850336669921875000e+03 3.907897288855734017e-14
4.838769042968750000e+03 2.579342967571858127e-14
6.120835937500000000e+03 1.683809893555117377e-14
7.692401855468750000e+03 1.100037753937801190e-14
9.718894531250000000e+03 7.100771242469777736e-15
1.224167187500000000e+04 4.579417446934259564e-15
1.542616113281250000e+04 2.929838707949941542e-15
1.943778906250000000e+04 1.842050448258734251e-15
2.448334375000000000e+04 1.124226464742842560e-15
3.085232226562500000e+04 6.632851595136784537e-16
3.891693750000000000e+04 3.688350103609127932e-16
4.921482812500000000e+04 1.921938183363259520e-16
6.162192968750000000e+04 9.522352148449195272e-17
7.775115625000000000e+04 4.176451075641024409e-17
9.801609375000000000e+04 1.574729334935266454e-17
1.236574296875000000e+05 4.831589447926076278e-18
1.559158906250000000e+05 1.147351149279191291e-18
1.964457500000000000e+05 2.053570529330762023e-19
2.473148593750000000e+05 2.714473959268390449e-20
3.118317812500000000e+05 2.704451148667383330e-21
3.928915000000000000e+05 2.215695518946164061e-22
4.962840000000000000e+05 1.691740123080938759e-23
6.244907500000000000e+05 1.480464014873998224e-24
7.857830000000000000e+05 1.602282644441810337e-25
9.925680000000000000e+05 2.047633460273062141e-26
1.248981500000000000e+06 2.692486542629816936e-27
1.571566000000000000e+06 2.759985677793749649e-28
1.981000250000000000e+06 1.623710055055011883e-29
2.497963000000000000e+06 4.209673755660251203e-31
3.147267500000000000e+06 3.471808584773079120e-33
3.970272000000000000e+06 4.050403110397372204e-36
5.004197000000000000e+06 1.072837992120971139e-40
6.286264000000000000e+06 1.758373861651467727e-48
7.940544000000000000e+06 1.103858013554881249e-62
1.000839400000000000e+07 9.999999999999999821e-201
