1.211760009765625000e+03 7.061764123113145437e-13
1.526073364257812500e+03 4.776596248686087331e-13
1.923100463867187500e+03 3.225422696317742340e-13
2.423520019531250000e+03 2.167102217674933486e-13
3.056282226562500000e+03 1.451779503483692772e-13
3.850336669921875000e+03 9.681550956342691764e-14
4.838769042968750000e+03 6.456154707223394581e-14
6.120835937500000000e+03 4.240341166785947384e-14
7.692401855468750000e+03 2.804017804155179270e-14
9.718894531250000000e+03 1.829456346313173893e-14
1.224167187500000000e+04 1.189666355517237762e-14
1.542616113281250000e+04 7.638853396965192981e-15
1.943778906250000000e+04 4.819405458505505363e-15
2.448334375000000000e+04 2.956087861608084149e-15
3.085232226562500000e+04 1.739559191932100570e-15
3.891693750000000000e+04 9.700070351224005455e-16
4.921482812500000000e+04 5.080767276811784355e-16
6.162192968750000000e+04 2.513995834957944334e-16
7.775115625000000000e+04 1.104950835760145146e-16
9.801609375000000000e+04 4.197174379687182974e-17
1.236574296875000000e+05 1.285128651110772390e-17
1.559158906250000000e+05 3.064635306627313481e-18
1.964457500000000000e+05 5.481989124908390543e-19
2.473148593750000000e+05 7.288587537041092752e-20
3.118317812500000000e+05 7.237811707224940523e-21
3.928915000000000000e+05 5.971826970112043849e-22
4.962840000000000000e+05 4.553866494834224197e-23
6.244907500000000000e+05 3.974400039930195454e-24
7.857830000000000000e+05 4.304100105836915927e-25
9.925680000000000000e+05 5.497927150213295891e-26
1.248981500000000000e+06 7.232537072670889339e-27
1.571566000000000000e+06 7.396761616487248612e-28
1.981000250000000000e+06 4.359725423415427151e-29
2.497963000000000000e+06 1.128082509686734183e-30
3.147267500000000000e+06 9.310759386436896990e-33
3.970272000000000000e+06 1.089833040297598196e-35
5.004197000000000000e+06 2.876866163395817626e-40
6.286264000000000000e+06 4.721012174770117251e-48
7.940544000000000000e+06 2.956762536307717569e-62
1.000839400000000000e+07 9.999999999999999821e-201
