1.211760009765625000e+03 5.467573985972963778e-12
1.526073364257812500e+03 3.105282033307311712e-12
1.923100463867187500e+03 1.789285583358747546e-12
2.423520019531250000e+03 1.064869193167855513e-12
3.056282226562500000e+03 6.567572031964784433e-13
3.850336669921875000e+03 4.193923310616239801e-13
4.838769042968750000e+03 2.803381161527964816e-13
6.120835937500000000e+03 1.911755933606542597e-13
7.692401855468750000e+03 1.315211594098497965e-13
9.718894531250000000e+03 9.317013308040119911e-14
1.224167187500000000e+04 6.505743050873629498e-14
1.542616113281250000e+04 4.423059241774473689e-14
1.943778906250000000e+04 2.863461651078984904e-14
2.448334375000000000e+04 1.742096053226160316e-14
3.085232226562500000e+04 9.769940805877327915e-15
3.891693750000000000e+04 5.048665579862813204e-15
4.921482812500000000e+04 2.330629586771566474e-15
6.162192968750000000e+04 9.718719889232091932e-16
7.775115625000000000e+04 3.269013643184143642e-16
9.801609375000000000e+04 8.680723565544183838e-17
1.236574296875000000e+05 1.682240173656715734e-17
1.559158906250000000e+05 2.288868714459397686e-18
1.964457500000000000e+05 2.145526927901712707e-19
2.473148593750000000e+05 1.424723961252759763e-20
3.118317812500000000e+05 7.154370761092355589e-22
3.928915000000000000e+05 3.225328256859900730e-23
4.962840000000000000e+05 1.498560749243443616e-24
6.244907500000000000e+05 9.019937837511204026e-26
7.857830000000000000e+05 6.421907931130018512e-27
9.925680000000000000e+05 4.037405282998843011e-28
1.248981500000000000e+06 1.721948450304614594e-29
1.571566000000000000e+06 3.386785313699457058e-31
1.981000250000000000e+06 2.012249282655527973e-33
2.497963000000000000e+06 2.160572957429691764e-36
3.147267500000000000e+06 1.311531387841219400e-40
3.970272000000000000e+06 2.121924556136358249e-47
5.004197000000000000e+06 2.319800121114953961e-59
6.286264000000000000e+06 1.559440953413085442e-80
7.940544000000000000e+06 7.274849644753111857e-118
1.000839400000000000e+07 9.999999999999999821e-201
