1.211760009765625000e+03 1.257915655087173963e-12
1.526073364257812500e+03 7.130281356734304921e-13
1.923100463867187500e+03 3.986653698538348227e-13
2.423520019531250000e+03 2.210630348871616484e-13
3.056282226562500000e+03 1.204548627830969723e-13
3.850336669921875000e+03 6.459652696604853523e-14
4.838769042968750000e+03 3.387009601457500691e-14
6.120835937500000000e+03 1.712425770970227357e-14
7.692401855468750000e+03 8.342157331196798570e-15
9.718894531250000000e+03 3.729534976861921151e-15
1.224167187500000000e+04 1.502410633549193067e-15
1.542616113281250000e+04 5.209180660310096935e-16
1.943778906250000000e+04 1.466552017416301674e-18
2.448334375000000000e+04 8.167222186429426976e-19
3.085232226562500000e+04 4.058267780060587065e-19
3.891693750000000000e+04 1.751440428971619821e-19
4.921482812500000000e+04 6.276708052265518091e-20
6.162192968750000000e+04 1.898059293182031073e-20
7.775115625000000000e+04 4.185134234126112962e-21
9.801609375000000000e+04 6.703448504815619021e-22
1.236574296875000000e+05 7.342254637222212379e-23
1.559158906250000000e+05 5.473715184998390125e-24
1.964457500000000000e+05 2.881271459814309244e-25
2.473148593750000000e+05 1.176083459258202198e-26
3.118317812500000000e+05 4.134130764846598762e-28
3.928915000000000000e+05 1.486933847272143396e-29
4.962840000000000000e+05 5.181623889738942149e-31
6.244907500000000000e+05 1.495704476979826622e-32
7.857830000000000000e+05 2.425276395986242291e-34
9.925680000000000000e+05 1.360936459598199195e-36
1.248981500000000000e+06 1.900047836572340203e-39
1.571566000000000000e+06 3.059112721663232682e-43
1.981000250000000000e+06 1.097000924326571570e-48
2.497963000000000000e+06 2.278924592135664782e-57
3.147267500000000000e+06 1.631649117195582557e-72
3.970272000000000000e+06 5.966789812951624395e-100
5.004197000000000000e+06 1.804443455325475690e-147
6.286264000000000000e+06 9.999999999999999821e-201
7.940544000000000000e+06 9.999999999999999821e-201
1.000839400000000000e+07 9.999999999999999821e-201
