1.211760009765625000e+03 3.562018587672592613e-15
1.526073364257812500e+03 2.393242840956590577e-15
1.923100463867187500e+03 1.608765764587050921e-15
2.423520019531250000e+03 1.077133626423683653e-15
3.056282226562500000e+03 7.153740405663245147e-16
3.850336669921875000e+03 4.728464565712918341e-16
4.838769042968750000e+03 3.123159834349466032e-16
6.120835937500000000e+03 2.003340469379533725e-16
7.692401855468750000e+03 1.249652012509282561e-16
9.718894531250000000e+03 7.269532861930630119e-17
1.224167187500000000e+04 3.891199289496527456e-17
1.542616113281250000e+04 1.878332344786527760e-17
1.943778906250000000e+04 8.142293603698988742e-18
2.448334375000000000e+04 3.173855727514919038e-18
3.085232226562500000e+04 1.094216333779538472e-18
3.891693750000000000e+04 3.238370544679560377e-19
4.921482812500000000e+04 7.917610220085845591e-20
6.162192968750000000e+04 1.625245568299218191e-20
7.775115625000000000e+04 2.431837413395463217e-21
9.801609375000000000e+04 2.633098819697793035e-22
1.236574296875000000e+05 1.973819888640491422e-23
1.559158906250000000e+05 1.025897064640336251e-24
1.964457500000000000e+05 3.893350384100032915e-26
2.473148593750000000e+05 1.181202156032633704e-27
3.118317812500000000e+05 3.118918859622704097e-29
3.928915000000000000e+05 7.909368057475391571e-31
4.962840000000000000e+05 1.601315356156832601e-32
6.244907500000000000e+05 2.227274620329638538e-34
7.857830000000000000e+05 1.442988625994068776e-36
9.925680000000000000e+05 2.579546763390793749e-39
1.248981500000000000e+06 8.653556974743927100e-43
1.571566000000000000e+06 1.737244369692727756e-47
1.981000250000000000e+06 1.529767572531694017e-54
2.497963000000000000e+06 2.476634284113557861e-66
3.147267500000000000e+06 3.494459365739854212e-87
3.970272000000000000e+06 4.089562128738599637e-124
5.004197000000000000e+06 1.451491295355770941e-185
6.286264000000000000e+06 9.999999999999999821e-201
7.940544000000000000e+06 9.999999999999999821e-201
1.000839400000000000e+07 9.999999999999999821e-201
