1.211760009765625000e+03 8.469135103557211705e-17
1.526073364257812500e+03 5.023832079363421444e-17
1.923100463867187500e+03 2.887969713491312019e-17
2.423520019531250000e+03 1.606644747586588548e-17
3.056282226562500000e+03 8.542784153152342549e-18
3.850336669921875000e+03 4.350776005277451104e-18
4.838769042968750000e+03 2.092597453936609467e-18
6.120835937500000000e+03 9.315380696415988131e-19
7.692401855468750000e+03 3.819633936945736306e-19
9.718894531250000000e+03 1.386873743583180901e-19
1.224167187500000000e+04 9.999999999999999821e-201
1.542616113281250000e+04 9.999999999999999821e-201
1.943778906250000000e+04 9.999999999999999821e-201
2.448334375000000000e+04 9.999999999999999821e-201
3.085232226562500000e+04 9.999999999999999821e-201
3.891693750000000000e+04 9.999999999999999821e-201
4.921482812500000000e+04 9.999999999999999821e-201
6.162192968750000000e+04 9.999999999999999821e-201
7.775115625000000000e+04 9.999999999999999821e-201
9.801609375000000000e+04 9.999999999999999821e-201
1.236574296875000000e+05 9.999999999999999821e-201
1.559158906250000000e+05 9.999999999999999821e-201
1.964457500000000000e+05 9.999999999999999821e-201
2.473148593750000000e+05 9.999999999999999821e-201
3.118317812500000000e+05 9.999999999999999821e-201
3.928915000000000000e+05 9.999999999999999821e-201
4.962840000000000000e+05 9.999999999999999821e-201
6.244907500000000000e+05 9.999999999999999821e-201
7.857830000000000000e+05 9.999999999999999821e-201
9.925680000000000000e+05 9.999999999999999821e-201
1.248981500000000000e+06 9.999999999999999821e-201
1.571566000000000000e+06 9.999999999999999821e-201
1.981000250000000000e+06 9.999999999999999821e-201
2.497963000000000000e+06 9.999999999999999821e-201
3.147267500000000000e+06 9.999999999999999821e-201
3.970272000000000000e+06 9.999999999999999821e-201
5.004197000000000000e+06 9.999999999999999821e-201
6.286264000000000000e+06 9.999999999999999821e-201
7.940544000000000000e+06 9.999999999999999821e-201
1.000839400000000000e+07 9.999999999999999821e-201
