1.211760009765625000e+03 2.179556828121341204e-14
1.526073364257812500e+03 1.414188951474348927e-14
1.923100463867187500e+03 9.181860230393571805e-15
2.423520019531250000e+03 5.903485330696085401e-15
3.056282226562500000e+03 3.787409462859784711e-15
3.850336669921875000e+03 2.421930672320043246e-15
4.838769042968750000e+03 1.548911578524782055e-15
6.120835937500000000e+03 9.813122746052074104e-16
7.692401855468750000e+03 6.215653087396135785e-16
9.718894531250000000e+03 3.864545663438544940e-16
1.224167187500000000e+04 2.348339883541624990e-16
1.542616113281250000e+04 1.354422141711393193e-16
1.943778906250000000e+04 7.244319891830723669e-17
2.448334375000000000e+04 3.547198868124927391e-17
3.085232226562500000e+04 1.584386547146547125e-17
3.891693750000000000e+04 6.349201221473285757e-18
4.921482812500000000e+04 2.210374280344021263e-18
6.162192968750000000e+04 6.687194085275914293e-19
7.775115625000000000e+04 1.550987807619857608e-19
9.801609375000000000e+04 2.694784498426742865e-20
1.236574296875000000e+05 3.275225152261433743e-21
1.559158906250000000e+05 2.726030249566926693e-22
1.964457500000000000e+05 1.546706167441214097e-23
2.473148593750000000e+05 6.370936414663651113e-25
3.118317812500000000e+05 2.096524742843936002e-26
3.928915000000000000e+05 6.785183470319877543e-28
4.962840000000000000e+05 2.433390504633157626e-29
6.244907500000000000e+05 1.074607161001473146e-30
7.857830000000000000e+05 4.380932843438073096e-32
9.925680000000000000e+05 1.067681584791946113e-33
1.248981500000000000e+06 1.198481390411185063e-35
1.571566000000000000e+06 3.804062644165362165e-38
1.981000250000000000e+06 1.843999317214079363e-41
2.497963000000000000e+06 4.020217080510067176e-46
3.147267500000000000e+06 1.914921525671887853e-53
3.970272000000000000e+06 2.286069265105150090e-66
5.004197000000000000e+06 9.459814775248691783e-90
6.286264000000000000e+06 5.866275993488100558e-130
7.940544000000000000e+06 1.044534472806780381e-196
1.000839400000000000e+07 9.999999999999999821e-201
