1.211760009765625000e+03 6.302032885882278450e-15
1.526073364257812500e+03 4.173340821833393146e-15
1.923100463867187500e+03 2.762405812904733193e-15
2.423520019531250000e+03 1.812145819952314971e-15
3.056282226562500000e+03 1.190064150814863829e-15
3.850336669921875000e+03 7.760913175550602375e-16
4.838769042968750000e+03 5.052570572262948357e-16
6.120835937500000000e+03 3.253992441306405332e-16
7.692401855468750000e+03 2.097681576008036206e-16
9.718894531250000000e+03 1.343475424869411252e-16
1.224167187500000000e+04 8.569178072794004262e-17
1.542616113281250000e+04 5.410676878408362474e-17
1.943778906250000000e+04 3.346217471031929516e-17
2.448334375000000000e+04 2.007287739963869812e-17
3.085232226562500000e+04 1.148468788095258471e-17
3.891693750000000000e+04 6.225254564024437346e-18
4.921482812500000000e+04 3.124467990789964997e-18
6.162192968750000000e+04 1.479179875162423106e-18
7.775115625000000000e+04 6.139258759378847864e-19
9.801609375000000000e+04 2.153560402961160035e-19
1.236574296875000000e+05 6.014799742005253365e-20
1.559158906250000000e+05 1.277025244446104986e-20
1.964457500000000000e+05 2.003945779033367146e-21
2.473148593750000000e+05 2.303280151802804604e-22
3.118317812500000000e+05 1.974401230855149762e-23
3.928915000000000000e+05 1.419503211430658828e-24
4.962840000000000000e+05 9.620628379379902942e-26
6.244907500000000000e+05 7.760922703571198339e-27
7.857830000000000000e+05 7.863326993877657986e-28
9.925680000000000000e+05 9.141859578993843977e-29
1.248981500000000000e+06 1.030071984007489924e-29
1.571566000000000000e+06 8.208445729403897420e-31
1.981000250000000000e+06 3.367468211870448792e-32
2.497963000000000000e+06 5.305596991338138147e-34
3.147267500000000000e+06 2.148357314022650064e-36
3.970272000000000000e+06 7.561390717167787662e-40
5.004197000000000000e+06 2.147608043322111989e-45
6.286264000000000000e+06 5.480449993129837301e-55
7.940544000000000000e+06 1.757161829277962651e-72
1.000839400000000000e+07 9.999999999999999821e-201
