1.211760009765625000e+03 2.652832025084831841e-14
1.526073364257812500e+03 1.780097980876802885e-14
1.923100463867187500e+03 1.192857055572498406e-14
2.423520019531250000e+03 7.908677633468865346e-15
3.056282226562500000e+03 5.283687308597114385e-15
3.850336669921875000e+03 3.488491275878805819e-15
4.838769042968750000e+03 2.307964335478136626e-15
6.120835937500000000e+03 1.511134368576383909e-15
7.692401855468750000e+03 9.900272858729516359e-16
9.718894531250000000e+03 6.415211371348745584e-16
1.224167187500000000e+04 4.143608281265197809e-16
1.542616113281250000e+04 2.637945666697315975e-16
1.943778906250000000e+04 1.643364580217903654e-16
2.448334375000000000e+04 9.869164721489024316e-17
3.085232226562500000e+04 5.682319439356329840e-17
3.891693750000000000e+04 3.071850505391970999e-17
4.921482812500000000e+04 1.553602868348601162e-17
6.162192968750000000e+04 7.385555460601189087e-18
7.775115625000000000e+04 3.069629379689423643e-18
9.801609375000000000e+04 1.079205382114545336e-18
1.236574296875000000e+05 3.029035841297609692e-19
1.559158906250000000e+05 6.467743382222415469e-20
1.964457500000000000e+05 1.016286787938350613e-20
2.473148593750000000e+05 1.172966743973650310e-21
3.118317812500000000e+05 1.014953243170518803e-22
3.928915000000000000e+05 7.314177073634816282e-24
4.962840000000000000e+05 4.997381963733448490e-25
6.244907500000000000e+05 4.044223940943523675e-26
7.857830000000000000e+05 4.114308011466549063e-27
9.925680000000000000e+05 4.818615640159318188e-28
1.248981500000000000e+06 5.458696323232596822e-29
1.571566000000000000e+06 4.364611626510833619e-30
1.981000250000000000e+06 1.802503731665094929e-31
2.497963000000000000e+06 2.863192859118684742e-33
3.147267500000000000e+06 1.161831635423449098e-35
3.970272000000000000e+06 4.122839734926327426e-39
5.004197000000000000e+06 1.177386403171769061e-44
6.286264000000000000e+06 3.012348956962821131e-54
7.940544000000000000e+06 9.696712435814842504e-72
1.000839400000000000e+07 9.999999999999999821e-201
