1.211760009765625000e+03 1.556826305800957845e-11
1.526073364257812500e+03 8.653254073706681341e-12
1.923100463867187500e+03 4.740037247143348812e-12
2.423520019531250000e+03 2.584331667629590433e-12
3.056282226562500000e+03 1.392523197219052341e-12
3.850336669921875000e+03 7.525733988412705517e-13
4.838769042968750000e+03 4.116909355177216121e-13
6.120835937500000000e+03 2.282725000492220174e-13
7.692401855468750000e+03 1.337026948446243925e-13
9.718894531250000000e+03 8.259197248620487976e-14
1.224167187500000000e+04 5.504379048189566797e-14
1.542616113281250000e+04 3.542934326075227211e-14
1.943778906250000000e+04 2.684410015650059337e-14
2.448334375000000000e+04 1.957105546464773316e-14
3.085232226562500000e+04 1.348550458495129286e-14
3.891693750000000000e+04 8.726230196732944949e-15
4.921482812500000000e+04 5.195938481921434084e-15
6.162192968750000000e+04 2.885952343848363913e-15
7.775115625000000000e+04 1.390840922478747660e-15
9.801609375000000000e+04 5.577915458120120555e-16
1.236574296875000000e+05 1.765495176070607187e-16
1.559158906250000000e+05 4.225277611013913565e-17
1.964457500000000000e+05 7.300088195050123450e-18
2.473148593750000000e+05 9.170467271066719263e-19
3.118317812500000000e+05 8.484374767128556282e-20
3.928915000000000000e+05 6.522243703047184460e-21
4.962840000000000000e+05 4.636608399506701987e-22
6.244907500000000000e+05 3.816380338636847126e-23
7.857830000000000000e+05 3.864373412639141539e-24
9.925680000000000000e+05 4.458345311923107430e-25
1.248981500000000000e+06 4.956222184692357051e-26
1.571566000000000000e+06 3.893431962285231922e-27
1.981000250000000000e+06 1.550991583060662975e-28
2.497963000000000000e+06 2.381420258755796494e-30
3.147267500000000000e+06 9.246529879553485768e-33
3.970272000000000000e+06 3.104960215307587210e-36
5.004197000000000000e+06 8.286590520857025882e-42
6.286264000000000000e+06 1.961823900543013313e-51
7.940544000000000000e+06 5.735752325669871259e-69
1.000839400000000000e+07 9.999999999999999821e-201
