1.211760009765625000e+03 3.512200145886961426e-10
1.526073364257812500e+03 2.027333811554136540e-10
1.923100463867187500e+03 1.161466080425853785e-10
2.423520019531250000e+03 6.538670484364021786e-11
3.056282226562500000e+03 3.698581116017979530e-11
3.850336669921875000e+03 2.057817887456598991e-11
4.838769042968750000e+03 1.138387814120972763e-11
6.120835937500000000e+03 6.138213014282537543e-12
7.692401855468750000e+03 3.293556119339720742e-12
9.718894531250000000e+03 1.704524760503289817e-12
1.224167187500000000e+04 8.716288425975015631e-13
1.542616113281250000e+04 4.293882362580303088e-13
1.943778906250000000e+04 2.007730482619157987e-13
2.448334375000000000e+04 8.865520851507089006e-14
3.085232226562500000e+04 3.633483134461653960e-14
3.891693750000000000e+04 3.724278931315929680e-15
4.921482812500000000e+04 2.468502335264999827e-15
6.162192968750000000e+04 1.530899451217053606e-15
7.775115625000000000e+04 8.258117977217564664e-16
9.801609375000000000e+04 3.783281788985822068e-16
1.236574296875000000e+05 1.367393322642921098e-16
1.559158906250000000e+05 3.753179553917388111e-17
1.964457500000000000e+05 7.538653168744571808e-18
2.473148593750000000e+05 1.108986739756905720e-18
3.118317812500000000e+05 1.197327654052721361e-19
3.928915000000000000e+05 1.083305082407608068e-20
4.962840000000000000e+05 9.086149024969907368e-22
6.244907500000000000e+05 8.900140715104587245e-23
7.857830000000000000e+05 1.086254217980654512e-23
9.925680000000000000e+05 1.475607219400812793e-24
1.248981500000000000e+06 1.895697886310901727e-25
1.571566000000000000e+06 1.673927754485689218e-26
1.981000250000000000e+06 7.307825206673213290e-28
2.497963000000000000e+06 1.155644402136295636e-29
3.147267500000000000e+06 4.296714628045300363e-32
3.970272000000000000e+06 1.342916677144052728e-35
5.004197000000000000e+06 3.345710922796023848e-41
6.286264000000000000e+06 7.530872392407051898e-51
7.940544000000000000e+06 2.145030326710556035e-68
1.000839400000000000e+07 9.999999999999999821e-201
