1.211760009765625000e+03 2.964197286245023830e-11
1.526073364257812500e+03 1.750429681195522505e-11
1.923100463867187500e+03 1.028054436052613484e-11
2.423520019531250000e+03 6.003121248116276985e-12
3.056282226562500000e+03 3.451562034904193997e-12
3.850336669921875000e+03 1.967106233815817861e-12
4.838769042968750000e+03 1.105952497356992322e-12
6.120835937500000000e+03 6.068681034262406944e-13
7.692401855468750000e+03 3.264158515014968080e-13
9.718894531250000000e+03 1.688769427660082648e-13
1.224167187500000000e+04 8.258073853358662037e-14
1.542616113281250000e+04 3.688906068851416294e-14
1.943778906250000000e+04 1.457619849802176952e-14
2.448334375000000000e+04 4.996133160315377533e-15
3.085232226562500000e+04 1.465584070067265282e-15
3.891693750000000000e+04 4.429825584812738934e-19
4.921482812500000000e+04 1.990974125532340091e-19
6.162192968750000000e+04 7.717408562717016445e-20
7.775115625000000000e+04 2.261970499607555625e-20
9.801609375000000000e+04 4.901485569677434589e-21
1.236574296875000000e+05 7.390766831311806709e-22
1.559158906250000000e+05 7.586230602909690727e-23
1.964457500000000000e+05 5.333730818357016730e-24
2.473148593750000000e+05 2.765014876917073824e-25
3.118317812500000000e+05 1.170223673169359398e-26
3.928915000000000000e+05 4.980618904527041821e-28
4.962840000000000000e+05 2.342962385559974234e-29
6.244907500000000000e+05 1.278545645877030830e-30
7.857830000000000000e+05 5.630283353475700013e-32
9.925680000000000000e+05 1.301815688918992220e-33
1.248981500000000000e+06 1.192625099010457918e-35
1.571566000000000000e+06 2.569316900838583532e-38
1.981000250000000000e+06 6.101727243236309193e-42
2.497963000000000000e+06 3.081763928818132350e-47
3.147267500000000000e+06 6.410005174354070761e-56
3.970272000000000000e+06 1.375247234972385552e-71
5.004197000000000000e+06 7.163172754576678592e-100
6.286264000000000000e+06 1.014557510426464182e-147
7.940544000000000000e+06 9.999999999999999821e-201
1.000839400000000000e+07 9.999999999999999821e-201
