1.211760009765625000e+03 3.038924948923470355e-09
1.526073364257812500e+03 1.770208547649709995e-09
1.923100463867187500e+03 1.028054436052613788e-09
2.423520019531250000e+03 5.934621877713250744e-10
3.056282226562500000e+03 3.402299584694776909e-10
3.850336669921875000e+03 1.932383176299998063e-10
4.838769042968750000e+03 1.091564422201117420e-10
6.120835937500000000e+03 6.038658849948665953e-11
7.692401855468750000e+03 3.311681040074466769e-11
9.718894531250000000e+03 1.779959673992911557e-11
1.224167187500000000e+04 9.298199012935762561e-12
1.542616113281250000e+04 4.709909682538728905e-12
1.943778906250000000e+04 2.243789598369342917e-12
2.448334375000000000e+04 9.940485348179015526e-13
3.085232226562500000e+04 3.980544921404996657e-13
3.891693750000000000e+04 1.408476848718091761e-13
4.921482812500000000e+04 7.378788876094690194e-16
6.162192968750000000e+04 4.348384253148234608e-16
7.775115625000000000e+04 2.174506087993536795e-16
9.801609375000000000e+04 8.885060846084435949e-17
1.236574296875000000e+05 2.784062004634727208e-17
1.559158906250000000e+05 6.402089152992175441e-18
1.964457500000000000e+05 1.050364941654014307e-18
2.473148593750000000e+05 1.229767082689769062e-19
3.118317812500000000e+05 1.061908667283580219e-20
3.928915000000000000e+05 7.818049833590115096e-22
4.962840000000000000e+05 5.558158765705736884e-23
6.244907500000000000e+05 4.918122425745474540e-24
7.857830000000000000e+05 5.395458505129020694e-25
9.925680000000000000e+05 6.237318500698148090e-26
1.248981500000000000e+06 6.097151948961255249e-27
1.571566000000000000e+06 3.588844912889670416e-28
1.981000250000000000e+06 8.939798258101785100e-30
2.497963000000000000e+06 6.707876268249052784e-32
3.147267500000000000e+06 8.349185920944898813e-35
3.970272000000000000e+06 3.346768419941771911e-39
5.004197000000000000e+06 1.263295392008819898e-46
6.286264000000000000e+06 8.983191014277534122e-60
7.940544000000000000e+06 1.102499748104681917e-83
1.000839400000000000e+07 9.999999999999999821e-201
