1.211760009765625000e+03 5.367937102401703346e-12
1.526073364257812500e+03 3.579974828207792784e-12
1.923100463867187500e+03 2.424952830078303005e-12
2.423520019531250000e+03 1.668917799818626578e-12
3.056282226562500000e+03 1.160433437997202493e-12
3.850336669921875000e+03 8.113187340849210239e-13
4.838769042968750000e+03 5.674430239035755138e-13
6.120835937500000000e+03 3.915127097762428926e-13
7.692401855468750000e+03 2.716880457559774657e-13
9.718894531250000000e+03 1.859212518317766173e-13
1.224167187500000000e+04 1.242959120374621228e-13
1.542616113281250000e+04 8.044301117744094761e-14
1.943778906250000000e+04 4.901245027540781175e-14
2.448334375000000000e+04 2.773698878561761707e-14
3.085232226562500000e+04 1.437061030918838062e-14
3.891693750000000000e+04 6.760502102681358453e-15
4.921482812500000000e+04 2.810936829514178489e-15
6.162192968750000000e+04 1.035071284971004471e-15
7.775115625000000000e+04 3.011766763406123619e-16
9.801609375000000000e+04 6.707554634194921846e-17
1.236574296875000000e+05 1.062605698630815903e-17
1.559158906250000000e+05 1.169376524071244681e-18
1.964457500000000000e+05 8.761654707995523181e-20
2.473148593750000000e+05 4.695918406484451228e-21
3.118317812500000000e+05 1.938129301888659898e-22
3.928915000000000000e+05 7.443585318185804769e-24
4.962840000000000000e+05 3.052249696124832339e-25
6.244907500000000000e+05 1.618561314674962438e-26
7.857830000000000000e+05 9.403986059136380765e-28
9.925680000000000000e+05 4.126504828384424490e-29
1.248981500000000000e+06 1.042126675972424782e-30
1.571566000000000000e+06 1.001599860451860228e-32
1.981000250000000000e+06 2.266957878784606514e-35
2.497963000000000000e+06 6.041870290393654152e-39
3.147267500000000000e+06 3.120933492797624608e-44
3.970272000000000000e+06 4.001096695533635052e-53
5.004197000000000000e+06 4.531258740180813671e-69
6.286264000000000000e+06 4.400552865739297590e-97
7.940544000000000000e+06 2.399155310718690760e-145
1.000839400000000000e+07 9.999999999999999821e-201
