1.211760009765625000e+03 3.026470338477062300e-16
1.526073364257812500e+03 1.987776078645763168e-16
1.923100463867187500e+03 1.302725468585754768e-16
2.423520019531250000e+03 8.531408155789248984e-17
3.056282226562500000e+03 5.530588584699781590e-17
3.850336669921875000e+03 3.606047013200115152e-17
4.838769042968750000e+03 2.348317536395680807e-17
6.120835937500000000e+03 1.518045274560263181e-17
7.692401855468750000e+03 9.832819781049041151e-18
9.718894531250000000e+03 6.323151498213984413e-18
1.224167187500000000e+04 4.054391322770247414e-18
1.542616113281250000e+04 2.549271807711922430e-18
1.943778906250000000e+04 1.555839757074071151e-18
2.448334375000000000e+04 9.032916387208465489e-19
3.085232226562500000e+04 4.899231107208960325e-19
3.891693750000000000e+04 2.478260586188171344e-19
4.921482812500000000e+04 1.150138991295267905e-19
6.162192968750000000e+04 4.893747336036852006e-20
7.775115625000000000e+04 1.742855049454649356e-20
9.801609375000000000e+04 5.026007206927083390e-21
1.236574296875000000e+05 1.097319306426278216e-21
1.559158906250000000e+05 1.741042234096465992e-22
1.964457500000000000e+05 1.963160814689435584e-23
2.473148593750000000e+05 1.590821182936914652e-24
3.118317812500000000e+05 9.574786745134431278e-26
3.928915000000000000e+05 5.077924228385918886e-27
4.962840000000000000e+05 2.698881993779547095e-28
6.244907500000000000e+05 1.815127794232199325e-29
7.857830000000000000e+05 1.526301026094796417e-30
9.925680000000000000e+05 1.275045797300884299e-31
1.248981500000000000e+06 8.336753319117895725e-33
1.571566000000000000e+06 2.975311134399226464e-34
1.981000250000000000e+06 3.974568994069858714e-36
2.497963000000000000e+06 1.335558535510206538e-38
3.147267500000000000e+06 5.035054010654164022e-42
3.970272000000000000e+06 2.460667555519814409e-47
5.004197000000000000e+06 1.820402575493444271e-56
6.286264000000000000e+06 1.240788958587117743e-72
7.940544000000000000e+06 1.232137043306586810e-101
1.000839400000000000e+07 9.999999999999999821e-201
