1.211760009765625000e+03 2.852105792227355016e-20
1.526073364257812500e+03 9.889433227093348185e-21
1.923100463867187500e+03 3.021381357864551908e-21
2.423520019531250000e+03 7.721858476772751249e-22
3.056282226562500000e+03 1.555478039446813898e-22
3.850336669921875000e+03 2.430162117591382133e-23
4.838769042968750000e+03 2.416927079291703443e-25
6.120835937500000000e+03 1.663442468065223357e-25
7.692401855468750000e+03 1.147815217469071209e-25
9.718894531250000000e+03 7.838234253287263890e-26
1.224167187500000000e+04 5.320627651803598848e-26
1.542616113281250000e+04 3.540655288488780946e-26
1.943778906250000000e+04 2.273373161021473467e-26
2.448334375000000000e+04 1.388109184926950814e-26
3.085232226562500000e+04 7.935374328577894133e-27
3.891693750000000000e+04 4.195651694160675559e-27
4.921482812500000000e+04 2.021532506534258464e-27
6.162192968750000000e+04 8.958499221706805181e-28
7.775115625000000000e+04 3.288405753688016996e-28
9.801609375000000000e+04 9.682933971012869072e-29
1.236574296875000000e+05 2.164657211037630638e-29
1.559158906250000000e+05 3.530446752473390043e-30
1.964457500000000000e+05 4.091366122649221918e-31
2.473148593750000000e+05 3.415322313649873989e-32
3.118317812500000000e+05 2.138602002927836513e-33
3.928915000000000000e+05 1.178461660549939464e-34
4.962840000000000000e+05 6.523677948154240531e-36
6.244907500000000000e+05 4.603373860171548495e-37
7.857830000000000000e+05 4.065833600167956108e-38
9.925680000000000000e+05 3.571556855184548669e-39
1.248981500000000000e+06 2.494781236694830673e-40
1.571566000000000000e+06 9.527006359641965864e-42
1.981000250000000000e+06 1.366598380152787016e-43
2.497963000000000000e+06 4.942814766934969206e-46
3.147267500000000000e+06 2.034892294461267891e-49
3.970272000000000000e+06 1.090169170167006415e-54
5.004197000000000000e+06 8.939061240274713917e-64
6.286264000000000000e+06 6.792640284236045972e-80
7.940544000000000000e+06 7.562322593839368440e-109
1.000839400000000000e+07 9.999999999999999821e-201
