1.211760009765625000e+03 3.885838459279191770e-14
1.526073364257812500e+03 2.007554945099949889e-14
1.923100463867187500e+03 1.145770592852531339e-14
2.423520019531250000e+03 7.223674058916445267e-15
3.056282226562500000e+03 4.829388960568202664e-15
3.850336669921875000e+03 3.319915021935323725e-15
4.838769042968750000e+03 2.301538302602937900e-15
6.120835937500000000e+03 1.587047332494820842e-15
7.692401855468750000e+03 1.094929533387731712e-15
9.718894531250000000e+03 7.482653606688432874e-16
1.224167187500000000e+04 5.077120665451029479e-16
1.542616113281250000e+04 3.380145582077289887e-16
1.943778906250000000e+04 2.166808794098592132e-16
2.448334375000000000e+04 1.321765731235589097e-16
3.085232226562500000e+04 7.555856425906777002e-17
3.891693750000000000e+04 3.999999542619503773e-17
4.921482812500000000e+04 1.921083686333799093e-17
6.162192968750000000e+04 8.490517919080330911e-18
7.775115625000000000e+04 3.109038167123216222e-18
9.801609375000000000e+04 9.129313306750923642e-19
1.236574296875000000e+05 2.032739043051957854e-19
1.559158906250000000e+05 3.300725902141217427e-20
1.964457500000000000e+05 3.804709897495454728e-21
2.473148593750000000e+05 3.154679294976593461e-22
3.118317812500000000e+05 1.956890721633314274e-23
3.928915000000000000e+05 1.068280285783075136e-24
4.962840000000000000e+05 5.861375618392391017e-26
6.244907500000000000e+05 4.078938863443144598e-27
7.857830000000000000e+05 3.549537269987898787e-28
9.925680000000000000e+05 3.096539793445004314e-29
1.248981500000000000e+06 2.113850935222028403e-30
1.571566000000000000e+06 7.904109377242388639e-32
1.981000250000000000e+06 1.107979164785227648e-33
2.497963000000000000e+06 3.894338907282098020e-36
3.147267500000000000e+06 1.558779674282830570e-39
3.970272000000000000e+06 8.053902848988903198e-45
5.004197000000000000e+06 6.331835045194589727e-54
6.286264000000000000e+06 4.573711124718938562e-70
7.940544000000000000e+06 4.850317249841801600e-99
1.000839400000000000e+07 9.999999999999999821e-201
