1.211760009765625000e+03 6.962127239541883439e-14
1.526073364257812500e+03 4.549139284462940706e-14
1.923100463867187500e+03 2.958599407571262166e-14
2.423520019531250000e+03 1.918010008746780007e-14
3.056282226562500000e+03 1.239444406035397565e-14
3.850336669921875000e+03 7.956904132565858867e-15
4.838769042968750000e+03 5.115101042921346427e-15
6.120835937500000000e+03 3.254517894658766247e-15
7.692401855468750000e+03 2.079127108175236192e-15
9.718894531250000000e+03 1.312658895296777674e-15
1.224167187500000000e+04 8.304307731137911990e-16
1.542616113281250000e+04 5.214632570199440232e-16
1.943778906250000000e+04 3.240652067268537792e-16
2.448334375000000000e+04 1.977180742870079281e-16
3.085232226562500000e+04 1.175619964968400912e-16
3.891693750000000000e+04 6.674462568728774832e-17
4.921482812500000000e+04 3.620276567328892748e-17
6.162192968750000000e+04 1.882308163301219013e-17
7.775115625000000000e+04 8.898331745826727986e-18
9.801609375000000000e+04 3.762143325500555540e-18
1.236574296875000000e+05 1.348957816283099946e-18
1.559158906250000000e+05 3.934453801616330447e-19
1.964457500000000000e+05 8.944645608504468554e-20
2.473148593750000000e+05 1.567102979353669118e-20
3.118317812500000000e+05 2.095137892121760505e-21
3.928915000000000000e+05 2.299766976037710443e-22
4.962840000000000000e+05 2.246676349096578620e-23
6.244907500000000000e+05 2.367315066385398591e-24
7.857830000000000000e+05 2.947559835369715314e-25
9.925680000000000000e+05 4.432972667613069085e-26
1.248981500000000000e+06 7.670362589207078393e-27
1.571566000000000000e+06 1.210719585855703483e-27
1.981000250000000000e+06 1.353211380960654063e-28
2.497963000000000000e+06 8.543649476948540920e-30
3.147267500000000000e+06 2.451288429832100465e-31
3.970272000000000000e+06 2.086922097379109804e-33
5.004197000000000000e+06 2.054660711268460116e-36
6.286264000000000000e+06 3.005548373913107824e-41
7.940544000000000000e+06 6.187334685039237536e-50
1.000839400000000000e+07 9.999999999999999821e-201
