1.211760009765625000e+03 1.805918514729111490e-13
1.526073364257812500e+03 1.186731987251201923e-13
1.923100463867187500e+03 7.777114092581223490e-14
2.423520019531250000e+03 5.081481062134328038e-14
3.056282226562500000e+03 3.303539074253709385e-14
3.850336669921875000e+03 2.140132835655645147e-14
4.838769042968750000e+03 1.384820038449437685e-14
6.120835937500000000e+03 8.826647017332106839e-15
7.692401855468750000e+03 5.648949124098754596e-15
9.718894531250000000e+03 3.584210458789074680e-15
1.224167187500000000e+04 2.275995452237798349e-15
1.542616113281250000e+04 1.430132439961413838e-15
1.943778906250000000e+04 8.942365374302330865e-16
2.448334375000000000e+04 5.452046299950129386e-16
3.085232226562500000e+04 3.240777469969925997e-16
3.891693750000000000e+04 1.849314506847777244e-16
4.921482812500000000e+04 1.002364074579187290e-16
6.162192968750000000e+04 5.221887162706607803e-17
7.775115625000000000e+04 2.483689658331489442e-17
9.801609375000000000e+04 1.051338682742621074e-17
1.236574296875000000e+05 3.784845671585676499e-18
1.559158906250000000e+05 1.109478678654841878e-18
1.964457500000000000e+05 2.528202670416404640e-19
2.473148593750000000e+05 4.443431232597745803e-20
3.118317812500000000e+05 5.964000477005691834e-21
3.928915000000000000e+05 6.563181139307620208e-22
4.962840000000000000e+05 6.429168168798385942e-23
6.244907500000000000e+05 6.788122452603664860e-24
7.857830000000000000e+05 8.455151718988824468e-25
9.925680000000000000e+05 1.277089078758335693e-25
1.248981500000000000e+06 2.214891522852431817e-26
1.571566000000000000e+06 3.493978804833579265e-27
1.981000250000000000e+06 3.924313004785895886e-28
2.497963000000000000e+06 2.498526188768083816e-29
3.147267500000000000e+06 7.173567079477351635e-31
3.970272000000000000e+06 6.143523477677827708e-33
5.004197000000000000e+06 6.083930417781934857e-36
6.286264000000000000e+06 8.917871231516823638e-41
7.940544000000000000e+06 1.847724604573361305e-49
1.000839400000000000e+07 9.999999999999999821e-201
