1.211760009765625000e+03 2.640377414638424154e-10
1.526073364257812500e+03 1.473525550836909245e-10
1.923100463867187500e+03 8.083176100261009962e-11
2.423520019531250000e+03 4.321749824903459841e-11
3.056282226562500000e+03 2.246801612534287162e-11
3.850336669921875000e+03 1.136700445206968958e-11
4.838769042968750000e+03 5.551704429299699760e-12
6.120835937500000000e+03 2.564019295072472786e-12
7.692401855468750000e+03 1.137423471527047464e-12
9.718894531250000000e+03 4.714570832791171826e-13
1.224167187500000000e+04 1.879897904787707296e-13
1.542616113281250000e+04 7.259358998848591907e-14
1.943778906250000000e+04 1.520659735066367924e-14
2.448334375000000000e+04 1.093450425087531741e-14
3.085232226562500000e+04 7.574561667456293023e-15
3.891693750000000000e+04 4.965995414709854465e-15
4.921482812500000000e+04 3.059503503603214755e-15
6.162192968750000000e+04 1.775912413136293686e-15
7.775115625000000000e+04 9.249361053260434194e-16
9.801609375000000000e+04 4.212115028003981052e-16
1.236574296875000000e+05 1.560111228137915772e-16
1.559158906250000000e+05 4.549172708054346293e-17
1.964457500000000000e+05 1.006431119985982903e-17
2.473148593750000000e+05 1.665966698472228412e-18
3.118317812500000000e+05 2.066044838379662544e-19
3.928915000000000000e+05 2.099619741260552023e-20
4.962840000000000000e+05 1.932434129976535574e-21
6.244907500000000000e+05 1.981348410097800835e-22
7.857830000000000000e+05 2.446372071013293307e-23
9.925680000000000000e+05 3.601305638043791900e-24
1.248981500000000000e+06 5.707727424482501029e-25
1.571566000000000000e+06 7.402547744560948983e-26
1.981000250000000000e+06 5.941967247671004517e-27
2.497963000000000000e+06 2.289302473844385168e-28
3.147267500000000000e+06 3.187236228255050555e-30
3.970272000000000000e+06 8.231906933044150927e-33
5.004197000000000000e+06 8.831166380168232676e-37
6.286264000000000000e+06 1.888571177710414846e-43
7.940544000000000000e+06 1.335121585894247449e-55
1.000839400000000000e+07 9.999999999999999821e-201
