1.211760009765625000e+03 7.310856332041299059e-09
1.526073364257812500e+03 4.292014020558513661e-09
1.923100463867187500e+03 2.503430267944914510e-09
2.423520019531250000e+03 1.457189422229696889e-09
3.056282226562500000e+03 8.444023642711276206e-10
3.850336669921875000e+03 4.899571510200652275e-10
4.838769042968750000e+03 2.863219136933379934e-10
6.120835937500000000e+03 1.671726274747366610e-10
7.692401855468750000e+03 1.000565302056826743e-10
9.718894531250000000e+03 6.055450901373131334e-11
1.224167187500000000e+04 3.783502267607755664e-11
1.542616113281250000e+04 2.424110902198217505e-11
1.943778906250000000e+04 1.456256842619902224e-11
2.448334375000000000e+04 1.022721909710432542e-11
3.085232226562500000e+04 7.070593944631192235e-12
3.891693750000000000e+04 4.778394815116975447e-12
4.921482812500000000e+04 3.127208235467645662e-12
6.162192968750000000e+04 2.026481926314480835e-12
7.775115625000000000e+04 1.247146456425824919e-12
9.801609375000000000e+04 7.298232425864986441e-13
1.236574296875000000e+05 3.954618864251294247e-13
1.559158906250000000e+05 1.931687027144696990e-13
1.964457500000000000e+05 8.264015286000414260e-14
2.473148593750000000e+05 3.010837859353488633e-14
3.118317812500000000e+05 9.151334507649971059e-15
3.928915000000000000e+05 2.345860974507481441e-15
4.962840000000000000e+05 5.191074899208975906e-16
6.244907500000000000e+05 1.098944535171878776e-16
7.857830000000000000e+05 2.367595138364368285e-17
9.925680000000000000e+05 5.505350050391830406e-18
1.248981500000000000e+06 1.529382868181169927e-18
1.571566000000000000e+06 4.659837674207545294e-19
1.981000250000000000e+06 1.416803379938708843e-19
2.497963000000000000e+06 3.661079788685882110e-20
3.147267500000000000e+06 7.305924595558088452e-21
3.970272000000000000e+06 9.802257655226934847e-22
5.004197000000000000e+06 7.592635690007391550e-23
6.286264000000000000e+06 2.379550945501850538e-24
7.940544000000000000e+06 1.043910574087223186e-26
1.000839400000000000e+07 9.999999999999999821e-201
