1.211760009765625000e+03 2.254284490799787495e-11
1.526073364257812500e+03 1.285626319522135278e-11
1.923100463867187500e+03 7.400422390821485841e-12
2.423520019531250000e+03 4.415159403251516931e-12
3.056282226562500000e+03 2.740604164739624057e-12
3.850336669921875000e+03 1.771685058088556001e-12
4.838769042968750000e+03 1.191445636691494407e-12
6.120835937500000000e+03 8.161034909111078815e-13
7.692401855468750000e+03 5.688394372672362082e-13
9.718894531250000000e+03 3.957010259808650615e-13
1.224167187500000000e+04 2.768827393433491674e-13
1.542616113281250000e+04 1.927742122477421025e-13
1.943778906250000000e+04 1.317378275298676674e-13
2.448334375000000000e+04 8.865029799080887710e-14
3.085232226562500000e+04 5.825398802120255469e-14
3.891693750000000000e+04 3.645754237801804135e-14
4.921482812500000000e+04 2.173522870624745790e-14
6.162192968750000000e+04 1.243107140708960183e-14
7.775115625000000000e+04 6.499542108570750800e-15
9.801609375000000000e+04 3.034359500074044810e-15
1.236574296875000000e+05 1.205060906266467014e-15
1.559158906250000000e+05 3.884690884275827325e-16
1.964457500000000000e+05 9.845843235688381939e-17
2.473148593750000000e+05 1.930642159335472886e-17
3.118317812500000000e+05 2.896308947998571070e-18
3.928915000000000000e+05 3.563355131157224895e-19
4.962840000000000000e+05 3.873447550321599670e-20
6.244907500000000000e+05 4.461837810020094920e-21
7.857830000000000000e+05 5.985117665376045885e-22
9.925680000000000000e+05 9.669756425598438960e-23
1.248981500000000000e+06 1.819928197052547009e-23
1.571566000000000000e+06 3.173883130542332662e-24
1.981000250000000000e+06 4.078906730653782972e-25
2.497963000000000000e+06 3.077111149942165516e-26
3.147267500000000000e+06 1.116081569061915493e-27
3.970272000000000000e+06 1.326537325268744080e-29
5.004197000000000000e+06 2.280615089875085108e-32
6.286264000000000000e+06 9.165918584239904190e-37
7.940544000000000000e+06 1.296617065330027116e-44
1.000839400000000000e+07 9.999999999999999821e-201
