1.211760009765625000e+03 1.218060901658669629e-11
1.526073364257812500e+03 6.586362529244171293e-12
1.923100463867187500e+03 3.492245985064222388e-12
2.423520019531250000e+03 1.799691209505907360e-12
3.056282226562500000e+03 9.036586705357680819e-13
3.850336669921875000e+03 4.350819501058178420e-13
4.838769042968750000e+03 2.039804833498003885e-13
6.120835937500000000e+03 9.171918387278916884e-14
7.692401855468750000e+03 4.040721519898297958e-14
9.718894531250000000e+03 1.800051726030601865e-14
1.224167187500000000e+04 5.143866002023108371e-15
1.542616113281250000e+04 3.738651389047119002e-15
1.943778906250000000e+04 2.673052430693244924e-15
2.448334375000000000e+04 1.880100279536618244e-15
3.085232226562500000e+04 1.282490899071436064e-15
3.891693750000000000e+04 8.385234746944149391e-16
4.921482812500000000e+04 5.212731509849497494e-16
6.162192968750000000e+04 3.115675658011007200e-16
7.775115625000000000e+04 1.704148235783794756e-16
9.801609375000000000e+04 8.357108419797278148e-17
1.236574296875000000e+05 3.497682449027385481e-17
1.559158906250000000e+05 1.196133633858941176e-17
1.964457500000000000e+05 3.206030804503511719e-18
2.473148593750000000e+05 6.639312403144611824e-19
3.118317812500000000e+05 1.049070043373901067e-19
3.928915000000000000e+05 1.344965620933027622e-20
4.962840000000000000e+05 1.526594034538512605e-21
6.244907500000000000e+05 1.851865238918845628e-22
7.857830000000000000e+05 2.630138212812310279e-23
9.925680000000000000e+05 4.487125951553800530e-24
1.248981500000000000e+06 8.957013383612846345e-25
1.571566000000000000e+06 1.675483369342089494e-25
1.981000250000000000e+06 2.297703673125680652e-26
2.497963000000000000e+06 1.864068159427774217e-27
3.147267500000000000e+06 7.255176827853238686e-29
3.970272000000000000e+06 9.279226610254268525e-31
5.004197000000000000e+06 1.713138095680814899e-33
6.286264000000000000e+06 7.425947598757075346e-38
7.940544000000000000e+06 1.124160608364950027e-45
1.000839400000000000e+07 9.999999999999999821e-201
