1.211760009765625000e+03 1.967828450532411106e-12
1.526073364257812500e+03 1.335073485657602082e-12
1.923100463867187500e+03 9.103382792526962298e-13
2.423520019531250000e+03 6.227305223203831542e-13
3.056282226562500000e+03 4.301020229708492298e-13
3.850336669921875000e+03 2.951501877744872612e-13
4.838769042968750000e+03 2.024214836459437971e-13
6.120835937500000000e+03 1.375842003625719140e-13
7.692401855468750000e+03 9.358050940677604408e-14
9.718894531250000000e+03 6.318972764125986631e-14
1.224167187500000000e+04 4.251040866949724070e-14
1.542616113281250000e+04 2.843120163620650980e-14
1.943778906250000000e+04 1.887617501442954855e-14
2.448334375000000000e+04 1.244957108262820516e-14
3.085232226562500000e+04 8.061552170041406341e-15
3.891693750000000000e+04 5.101489007821518971e-15
4.921482812500000000e+04 3.115219238224076790e-15
6.162192968750000000e+04 1.869713180661174680e-15
7.775115625000000000e+04 1.061628885546865457e-15
9.801609375000000000e+04 5.698312100241344216e-16
1.236574296875000000e+05 2.807328732692625964e-16
1.559158906250000000e+05 1.233273046925560969e-16
1.964457500000000000e+05 4.670086351946449513e-17
2.473148593750000000e+05 1.492422993734048584e-17
3.118317812500000000e+05 3.928353915596818095e-18
3.928915000000000000e+05 8.712195067569350707e-19
4.962840000000000000e+05 1.690549001034848273e-19
6.244907500000000000e+05 3.229853380621422147e-20
7.857830000000000000e+05 6.504141744019967700e-21
9.925680000000000000e+05 1.465540065685079173e-21
1.248981500000000000e+06 3.925845329498617023e-22
1.571566000000000000e+06 1.133466048397533944e-22
1.981000250000000000e+06 3.058570883514422931e-23
2.497963000000000000e+06 6.700592411080059378e-24
3.147267500000000000e+06 1.020170649276723165e-24
3.970272000000000000e+06 9.334557153106562693e-26
5.004197000000000000e+06 4.017120501222456006e-27
6.286264000000000000e+06 4.810377352096059986e-29
7.940544000000000000e+06 3.460249469733560998e-32
1.000839400000000000e+07 9.999999999999999821e-201
