1.211760009765625000e+03 5.754030026240340619e-10
1.526073364257812500e+03 3.372296730438831660e-10
1.923100463867187500e+03 1.954088202878632130e-10
2.423520019531250000e+03 1.120914940176689984e-10
3.056282226562500000e+03 6.369971509169114272e-11
3.850336669921875000e+03 3.570245911128167525e-11
4.838769042968750000e+03 1.975980994292628741e-11
6.120835937500000000e+03 1.062631738073299415e-11
7.692401855468750000e+03 5.613880199089017692e-12
9.718894531250000000e+03 2.848791346547770592e-12
1.224167187500000000e+04 1.364914942841939979e-12
1.542616113281250000e+04 6.013182858653071623e-13
1.943778906250000000e+04 2.366136392317945676e-13
2.448334375000000000e+04 8.111581357623286607e-14
3.085232226562500000e+04 1.158553358505369153e-15
3.891693750000000000e+04 6.078718253240437681e-16
4.921482812500000000e+04 2.755403137257303287e-16
6.162192968750000000e+04 1.085028788941455085e-16
7.775115625000000000e+04 3.256606120455095496e-17
9.801609375000000000e+04 7.290143646515507793e-18
1.236574296875000000e+05 1.136388513458224932e-18
1.559158906250000000e+05 1.199839406044052304e-19
1.964457500000000000e+05 8.578183291873868315e-21
2.473148593750000000e+05 4.386517788768457334e-22
3.118317812500000000e+05 1.798658410431831155e-23
3.928915000000000000e+05 6.995797226827967266e-25
4.962840000000000000e+05 2.982217393800073498e-26
6.244907500000000000e+05 1.559426920066205762e-27
7.857830000000000000e+05 7.543410694955679692e-29
9.925680000000000000e+05 2.217719696258907923e-30
1.248981500000000000e+06 3.021663835192909482e-32
1.571566000000000000e+06 1.166566783974056770e-34
1.981000250000000000e+06 6.979798187372301335e-38
2.497963000000000000e+06 1.992736618594756149e-42
3.147267500000000000e+06 1.584508215807260189e-49
3.970272000000000000e+06 5.491925169506128465e-62
5.004197000000000000e+06 1.601386546354671244e-84
6.286264000000000000e+06 2.393282092816010648e-123
7.940544000000000000e+06 4.859739579268725364e-188
1.000839400000000000e+07 9.999999999999999821e-201
