1.211760009765625000e+03 1.120914940176689834e-13
1.526073364257812500e+03 7.417074920320011705e-14
1.923100463867187500e+03 4.881296635303251377e-14
2.423520019531250000e+03 3.200834884726769482e-14
3.056282226562500000e+03 2.093722821350631865e-14
3.850336669921875000e+03 1.364040708439861430e-14
4.838769042968750000e+03 8.889048685868653191e-15
6.120835937500000000e+03 5.744723858707547736e-15
7.692401855468750000e+03 3.707138626376862023e-15
9.718894531250000000e+03 2.389501599854603847e-15
1.224167187500000000e+04 1.537879761492912457e-15
1.542616113281250000e+04 9.729605339380911031e-16
1.943778906250000000e+04 6.177037289065645121e-16
2.448334375000000000e+04 3.832210732445278070e-16
3.085232226562500000e+04 2.309167311520016933e-16
3.891693750000000000e+04 1.337551243411072996e-16
4.921482812500000000e+04 7.354103084318077733e-17
6.162192968750000000e+04 3.888663704756787466e-17
7.775115625000000000e+04 1.879857375249336705e-17
9.801609375000000000e+04 8.116054359095179048e-18
1.236574296875000000e+05 2.974957905691266683e-18
1.559158906250000000e+05 8.830091806744737348e-19
1.964457500000000000e+05 2.058229365770459973e-19
2.473148593750000000e+05 3.697145977648217857e-20
3.118317812500000000e+05 5.061225044039192183e-21
3.928915000000000000e+05 5.688855373797397991e-22
4.962840000000000000e+05 5.688761525716022268e-23
6.244907500000000000e+05 6.115591515801180383e-24
7.857830000000000000e+05 7.757394328423666389e-25
9.925680000000000000e+05 1.195312871865142599e-25
1.248981500000000000e+06 2.116843947672300023e-26
1.571566000000000000e+06 3.418829155490973837e-27
1.981000250000000000e+06 3.945107158936986068e-28
2.497963000000000000e+06 2.595060040712471177e-29
3.147267500000000000e+06 7.733755721605784163e-31
3.970272000000000000e+06 6.959739918244538888e-33
5.004197000000000000e+06 7.417267733897991047e-36
6.286264000000000000e+06 1.231971159203770562e-40
7.940544000000000000e+06 3.199281576650094429e-49
1.000839400000000000e+07 9.999999999999999821e-201
