1.211760009765625000e+03 1.173224304051602071e-11
1.526073364257812500e+03 6.299568965658462943e-12
1.923100463867187500e+03 3.311747877971015348e-12
2.423520019531250000e+03 1.718736241604258006e-12
3.056282226562500000e+03 8.740289024749807705e-13
3.850336669921875000e+03 4.428959244324051440e-13
4.838769042968750000e+03 2.276053317963540138e-13
6.120835937500000000e+03 1.211545383633844438e-13
7.692401855468750000e+03 6.978953853408588722e-14
9.718894531250000000e+03 4.350453354946347073e-14
1.224167187500000000e+04 2.704789196929676033e-14
1.542616113281250000e+04 1.952164099620602677e-14
1.943778906250000000e+04 1.323954337278143910e-14
2.448334375000000000e+04 8.325368859084856701e-15
3.085232226562500000e+04 4.764715585570578213e-15
3.891693750000000000e+04 2.481190205713623647e-15
4.921482812500000000e+04 1.144050706828544073e-15
6.162192968750000000e+04 4.638642145552269473e-16
7.775115625000000000e+04 1.495379082595056824e-16
9.801609375000000000e+04 3.675319375478329258e-17
1.236574296875000000e+05 6.472701833855947115e-18
1.559158906250000000e+05 7.893617718140173055e-19
1.964457500000000000e+05 6.568048337659238817e-20
2.473148593750000000e+05 3.852165461916529364e-21
3.118317812500000000e+05 1.718433554512288664e-22
3.928915000000000000e+05 7.007372930761990294e-24
4.962840000000000000e+05 3.006224707802898808e-25
6.244907500000000000e+05 1.651614764793935716e-26
7.857830000000000000e+05 1.008501243216534683e-27
9.925680000000000000e+05 4.722480525292048474e-29
1.248981500000000000e+06 1.318175436493649468e-30
1.571566000000000000e+06 1.417409721725593241e-32
1.981000250000000000e+06 3.682586679301878394e-35
2.497963000000000000e+06 1.163285829592796310e-38
3.147267500000000000e+06 8.044242853197682167e-44
3.970272000000000000e+06 1.759714890799250293e-52
5.004197000000000000e+06 5.367262160697543356e-68
6.286264000000000000e+06 2.721536788912043543e-95
7.940544000000000000e+06 1.921412900462860082e-142
1.000839400000000000e+07 9.999999999999999821e-201
