1.211760009765625000e+03 2.839651181780947280e-11
1.526073364257812500e+03 1.730650814741336268e-11
1.923100463867187500e+03 1.075140898772580693e-11
2.423520019531250000e+03 6.850035745524215100e-12
3.056282226562500000e+03 4.468870587032506898e-12
3.850336669921875000e+03 3.005981535740192795e-12
4.838769042968750000e+03 2.066558517470748809e-12
6.120835937500000000e+03 1.431976595508499524e-12
7.692401855468750000e+03 9.889693541250216836e-13
9.718894531250000000e+03 6.916451743063558711e-13
1.224167187500000000e+04 4.706840963014617328e-13
1.542616113281250000e+04 3.043114871521489876e-13
1.943778906250000000e+04 1.833431560985078674e-13
2.448334375000000000e+04 1.010558477969468908e-13
3.085232226562500000e+04 5.066113560347067192e-14
3.891693750000000000e+04 2.274193896209600728e-14
4.921482812500000000e+04 8.881179971114978852e-15
6.162192968750000000e+04 3.008214068080115375e-15
7.775115625000000000e+04 7.874737373312862907e-16
9.801609375000000000e+04 1.539000000908121844e-16
1.236574296875000000e+05 2.100873580323457455e-17
1.559158906250000000e+05 1.943438216823501879e-18
1.964457500000000000e+05 1.209261747448662951e-19
2.473148593750000000e+05 5.356104529633087165e-21
3.118317812500000000e+05 1.865931680438706440e-22
3.928915000000000000e+05 6.246321025416351468e-24
4.962840000000000000e+05 2.258302593627389046e-25
6.244907500000000000e+05 1.027526577694563919e-26
7.857830000000000000e+05 4.481899847849016270e-28
9.925680000000000000e+05 1.306330672294330923e-29
1.248981500000000000e+06 1.845622649477148632e-31
1.571566000000000000e+06 8.087218696636107999e-34
1.981000250000000000e+06 6.247948309261048950e-37
2.497963000000000000e+06 2.971938150185865402e-41
3.147267500000000000e+06 6.420012887766110920e-48
3.970272000000000000e+06 1.582495611027893243e-59
5.004197000000000000e+06 1.660992616574242995e-80
6.286264000000000000e+06 8.059805402107265472e-117
7.940544000000000000e+06 9.394701577961422615e-178
1.000839400000000000e+07 9.999999999999999821e-201
