1.211760009765625000e+03 1.307734096872804357e-10
1.526073364257812500e+03 7.535748119045130368e-11
1.923100463867187500e+03 4.308411338876985130e-11
2.423520019531250000e+03 2.441103647495902320e-11
3.056282226562500000e+03 1.362882079581184091e-11
3.850336669921875000e+03 7.485560278049244637e-12
4.838769042968750000e+03 4.052075524452447711e-12
6.120835937500000000e+03 2.135662688833982366e-12
7.692401855468750000e+03 1.096253998063633583e-12
9.718894531250000000e+03 5.404909309149005557e-13
1.224167187500000000e+04 2.523617972688635576e-13
1.542616113281250000e+04 1.080651587898256266e-13
1.943778906250000000e+04 4.144630303985813052e-14
2.448334375000000000e+04 1.658841275157430130e-15
3.085232226562500000e+04 9.864414950103100555e-16
3.891693750000000000e+04 5.282762904736883479e-16
4.921482812500000000e+04 2.471284861527646210e-16
6.162192968750000000e+04 1.006507714508008854e-16
7.775115625000000000e+04 3.164344008725719703e-17
9.801609375000000000e+04 7.467647731679181212e-18
1.236574296875000000e+05 1.237047337411090278e-18
1.559158906250000000e+05 1.395839603243399323e-19
1.964457500000000000e+05 1.071646003792277518e-20
2.473148593750000000e+05 5.843023123236094764e-22
3.118317812500000000e+05 2.490648895034925300e-23
3.928915000000000000e+05 1.010768311385555193e-24
4.962840000000000000e+05 4.439398260976918828e-26
6.244907500000000000e+05 2.405915889236052485e-27
7.857830000000000000e+05 1.241876334395109332e-28
9.925680000000000000e+05 4.004330201505235664e-30
1.248981500000000000e+06 6.122886818885869838e-32
1.571566000000000000e+06 2.776467595315712189e-34
1.981000250000000000e+06 2.164643508720363560e-37
2.497963000000000000e+06 1.039480714501628896e-41
3.147267500000000000e+06 2.256595039636593992e-48
3.970272000000000000e+06 5.553348714161208952e-60
5.004197000000000000e+06 5.796930406848752404e-81
6.286264000000000000e+06 2.823374256010908757e-117
7.940544000000000000e+06 3.292455048423177693e-178
1.000839400000000000e+07 9.999999999999999821e-201
