1.211760009765625000e+03 5.467573985972964619e-10
1.526073364257812500e+03 3.283291831394991946e-10
1.923100463867187500e+03 1.961935946665293585e-10
2.423520019531250000e+03 1.158278771515912756e-10
3.056282226562500000e+03 6.814475220433660429e-11
3.850336669921875000e+03 3.919657208160521536e-11
4.838769042968750000e+03 2.264374988127245833e-11
6.120835937500000000e+03 1.277196654074300014e-11
7.692401855468750000e+03 7.101390587184028549e-12
9.718894531250000000e+03 3.865001947893279734e-12
1.224167187500000000e+04 2.044218450513714563e-12
1.542616113281250000e+04 1.053551562876774087e-12
1.943778906250000000e+04 5.221963840574944861e-13
2.448334375000000000e+04 2.467284303277576881e-13
3.085232226562500000e+04 1.083034678752145460e-13
3.891693750000000000e+04 4.364748407231705080e-14
4.921482812500000000e+04 1.757276313869137733e-17
6.162192968750000000e+04 1.324894335012379738e-17
7.775115625000000000e+04 9.320228297146274683e-18
9.801609375000000000e+04 6.044185268685071536e-18
1.236574296875000000e+05 3.460401417849348959e-18
1.559158906250000000e+05 1.682940955760776665e-18
1.964457500000000000e+05 6.703733535303703757e-19
2.473148593750000000e+05 2.140424656915362178e-19
3.118317812500000000e+05 5.406569596789375554e-20
3.928915000000000000e+05 1.120705025412475334e-20
4.962840000000000000e+05 2.020635662752518235e-21
6.244907500000000000e+05 3.732192002722291732e-22
7.857830000000000000e+05 7.676462980929725808e-23
9.925680000000000000e+05 1.849328076142931965e-23
1.248981500000000000e+06 5.264402973964772874e-24
1.571566000000000000e+06 1.501385239667168675e-24
1.981000250000000000e+06 3.504399376336023016e-25
2.497963000000000000e+06 5.466798108666042291e-26
3.147267500000000000e+06 4.717468841714273635e-27
3.970272000000000000e+06 1.700953131133449351e-28
5.004197000000000000e+06 1.570054707234651367e-30
6.286264000000000000e+06 1.246786636711138294e-33
7.940544000000000000e+06 4.949802394179954518e-39
1.000839400000000000e+07 9.999999999999999821e-201
