1.211760009765625000e+03 3.860929238386375576e-14
1.526073364257812500e+03 2.047112678008323034e-14
1.923100463867187500e+03 1.051597667412597520e-14
2.423520019531250000e+03 5.193572556151995703e-15
3.056282226562500000e+03 2.454198085565626553e-15
3.850336669921875000e+03 1.089638020207591758e-15
4.838769042968750000e+03 4.552805896922900786e-16
6.120835937500000000e+03 1.744280499431468068e-16
7.692401855468750000e+03 6.008920806243846225e-17
9.718894531250000000e+03 5.662355013493130885e-19
1.224167187500000000e+04 4.114080333715305781e-19
1.542616113281250000e+04 2.907126079545912329e-19
1.943778906250000000e+04 1.961206997220319768e-19
2.448334375000000000e+04 1.240127950822446082e-19
3.085232226562500000e+04 7.269585548251483910e-20
3.891693750000000000e+04 3.929503311704459308e-20
4.921482812500000000e+04 1.899629395412043466e-20
6.162192968750000000e+04 8.316025601144582804e-21
7.775115625000000000e+04 2.955486193688803909e-21
9.801609375000000000e+04 8.227328441829885673e-22
1.236574296875000000e+05 1.705416247794332608e-22
1.559158906250000000e+05 2.483356346304815343e-23
1.964457500000000000e+05 2.509409351590610436e-24
2.473148593750000000e+05 1.790687830569964791e-25
3.118317812500000000e+05 9.565752501257201726e-27
3.928915000000000000e+05 4.609804988147767402e-28
4.962840000000000000e+05 2.303718963146230707e-29
6.244907500000000000e+05 1.496684052098574951e-30
7.857830000000000000e+05 1.172415767167580970e-31
9.925680000000000000e+05 8.266665626058148726e-33
1.248981500000000000e+06 4.035650324463887536e-34
1.571566000000000000e+06 9.341573630485095599e-36
1.981000250000000000e+06 6.701821080412720154e-38
2.497963000000000000e+06 9.100750832298137146e-41
3.147267500000000000e+06 7.475126979159981107e-45
3.970272000000000000e+06 1.857173343043369003e-51
5.004197000000000000e+06 4.096443995962397385e-63
6.286264000000000000e+06 8.397291870856319960e-84
7.940544000000000000e+06 2.179304921131023419e-120
1.000839400000000000e+07 9.999999999999999821e-201
