1.211760009765625000e+03 8.593681208021287002e-14
1.526073364257812500e+03 5.854544470439263327e-14
1.923100463867187500e+03 3.970958356050554112e-14
2.423520019531250000e+03 2.683968551200851294e-14
3.056282226562500000e+03 1.807316900034244409e-14
3.850336669921875000e+03 1.211144418144409535e-14
4.838769042968750000e+03 8.107736528766805415e-15
6.120835937500000000e+03 5.370807187514970521e-15
7.692401855468750000e+03 3.562291813473550418e-15
9.718894531250000000e+03 2.314314038212450649e-15
1.224167187500000000e+04 1.500429298178522867e-15
1.542616113281250000e+04 9.380822173614604900e-16
1.943778906250000000e+04 5.677899977966521324e-16
2.448334375000000000e+04 3.231993694228382224e-16
3.085232226562500000e+04 1.709756601047988272e-16
3.891693750000000000e+04 8.329042904713280732e-17
4.921482812500000000e+04 3.665771319795132295e-17
6.162192968750000000e+04 1.464232728545088568e-17
7.775115625000000000e+04 4.766241819399549091e-18
9.801609375000000000e+04 1.227355554436917239e-18
1.236574296875000000e+05 2.338856568403655954e-19
1.559158906250000000e+05 3.163689595630712111e-20
1.964457500000000000e+05 3.007227401096440930e-21
2.473148593750000000e+05 2.028467690039091130e-22
3.118317812500000000e+05 1.033874260236889347e-23
3.928915000000000000e+05 4.736574625321830312e-25
4.962840000000000000e+05 2.239329302685621513e-26
6.244907500000000000e+05 1.369552588213753901e-27
7.857830000000000000e+05 1.008164282878402793e-28
9.925680000000000000e+05 6.623292338950201874e-30
1.248981500000000000e+06 2.996164634829249540e-31
1.571566000000000000e+06 6.441237436639245951e-33
1.981000250000000000e+06 4.292722549697412766e-35
2.497963000000000000e+06 5.393553709187410970e-38
3.147267500000000000e+06 4.079991333654570095e-42
3.970272000000000000e+06 9.355337039769590694e-49
5.004197000000000000e+06 1.897713672250950851e-60
6.286264000000000000e+06 3.559345937029633441e-81
7.940544000000000000e+06 8.530755092341762150e-118
1.000839400000000000e+07 9.999999999999999821e-201
