1.211760009765625000e+03 4.446295929367535745e-11
1.526073364257812500e+03 2.581142072271364159e-11
1.923100463867187500e+03 1.491071319465623049e-11
2.423520019531250000e+03 8.469100132311900994e-12
3.056282226562500000e+03 4.710421002717402825e-12
3.850336669921875000e+03 2.585512667108809528e-12
4.838769042968750000e+03 1.385181037772521634e-12
6.120835937500000000e+03 7.207350841279371517e-13
7.692401855468750000e+03 3.608740555310433540e-13
9.718894531250000000e+03 1.699217926811394393e-13
1.224167187500000000e+04 7.280542725293214780e-14
1.542616113281250000e+04 2.724284914313657789e-14
1.943778906250000000e+04 4.595127115021311261e-17
2.448334375000000000e+04 2.700370444247904764e-17
3.085232226562500000e+04 1.417146600692630360e-17
3.891693750000000000e+04 6.516907294307437675e-18
4.921482812500000000e+04 2.535184134645865327e-18
6.162192968750000000e+04 8.367719482701786700e-19
7.775115625000000000e+04 2.057214049200083089e-19
9.801609375000000000e+04 3.647775942226148165e-20
1.236574296875000000e+05 4.477788618305530526e-21
1.559158906250000000e+05 3.712557052015340616e-22
1.964457500000000000e+05 2.103478056054114338e-23
2.473148593750000000e+05 8.953397208268054602e-25
3.118317812500000000e+05 3.193217930132616471e-26
3.928915000000000000e+05 1.157544078245512104e-27
4.962840000000000000e+05 4.473549781727607045e-29
6.244907500000000000e+05 1.734197481072793812e-30
7.857830000000000000e+05 4.521637890449566994e-32
9.925680000000000000e+05 5.080375773367873984e-34
1.248981500000000000e+06 1.809677303576299020e-36
1.571566000000000000e+06 1.122748164654956434e-39
1.981000250000000000e+06 4.369192885270220120e-44
2.497963000000000000e+06 9.626800004917442844e-51
3.147267500000000000e+06 5.346223419429834263e-62
3.970272000000000000e+06 1.873051633516146783e-82
5.004197000000000000e+06 7.605013971841209532e-119
6.286264000000000000e+06 1.018171284785257391e-178
7.940544000000000000e+06 9.999999999999999821e-201
1.000839400000000000e+07 9.999999999999999821e-201
