1.211760009765625000e+03 8.195133673736242499e-09
1.526073364257812500e+03 4.865601147729927490e-09
1.923100463867187500e+03 2.864426482131328701e-09
2.423520019531250000e+03 1.668917653133088160e-09
3.056282226562500000e+03 9.678267514487220100e-10
3.850336669921875000e+03 5.525362969516483598e-10
4.838769042968750000e+03 3.115774101636365031e-10
6.120835937500000000e+03 1.720486362407068998e-10
7.692401855468750000e+03 9.335650967163151721e-11
9.718894531250000000e+03 4.855723364906140443e-11
1.224167187500000000e+04 2.393707598812905887e-11
1.542616113281250000e+04 1.083629966145223923e-11
1.943778906250000000e+04 4.325978761955094977e-12
2.448334375000000000e+04 1.514852372840132375e-12
3.085232226562500000e+04 4.531334848076595869e-13
3.891693750000000000e+04 1.137513840915364389e-13
4.921482812500000000e+04 8.408926841232037369e-16
6.162192968750000000e+04 3.026951403606237746e-16
7.775115625000000000e+04 8.134600800210347978e-17
9.801609375000000000e+04 1.606366038881199396e-17
1.236574296875000000e+05 2.183982750251378190e-18
1.559158906250000000e+05 1.999749703442336118e-19
1.964457500000000000e+05 1.243398059304627967e-20
2.473148593750000000e+05 5.602369617935511628e-22
3.118317812500000000e+05 2.065874315041668020e-23
3.928915000000000000e+05 7.543273664930994629e-25
4.962840000000000000e+05 3.061913721225026021e-26
6.244907500000000000e+05 1.479530376633384058e-27
7.857830000000000000e+05 6.049952794638090642e-29
9.925680000000000000e+05 1.370928619141400507e-30
1.248981500000000000e+06 1.297422697842658279e-32
1.571566000000000000e+06 3.103707388296304521e-35
1.981000250000000000e+06 9.251062758041249392e-39
2.497963000000000000e+06 7.698371786964007039e-44
3.147267500000000000e+06 4.811381094982727495e-52
3.970272000000000000e+06 9.670381291140076080e-67
5.004197000000000000e+06 2.620888397597716826e-93
6.286264000000000000e+06 1.809213167842451789e-138
7.940544000000000000e+06 9.999999999999999821e-201
1.000839400000000000e+07 9.999999999999999821e-201
