1.211760009765625000e+03 6.526215873917616271e-13
1.526073364257812500e+03 4.539249851235847704e-13
1.923100463867187500e+03 3.154793002237791992e-13
2.423520019531250000e+03 2.185784133344545220e-13
3.056282226562500000e+03 1.506081385028799408e-13
3.850336669921875000e+03 1.038561231501284685e-13
4.838769042968750000e+03 7.106436849975831330e-14
6.120835937500000000e+03 4.821931667552209593e-14
7.692401855468750000e+03 3.276091853088158770e-14
9.718894531250000000e+03 2.181295097184190285e-14
1.224167187500000000e+04 1.416603456873452228e-14
1.542616113281250000e+04 8.768159736425321103e-15
1.943778906250000000e+04 5.036138923701821328e-15
2.448334375000000000e+04 2.649294245412685215e-15
3.085232226562500000e+04 1.267433741635477754e-15
3.891693750000000000e+04 5.433258798146072819e-16
4.921482812500000000e+04 2.023483585226787839e-16
6.162192968750000000e+04 6.590789557368560080e-17
7.775115625000000000e+04 1.662758028552105537e-17
9.801609375000000000e+04 3.153932752823988791e-18
1.236574296875000000e+05 4.213077928851532938e-19
1.559158906250000000e+05 3.864667698270144378e-20
1.964457500000000000e+05 2.424795502071055178e-21
2.473148593750000000e+05 1.098123384037278317e-22
3.118317812500000000e+05 3.946781905576964239e-24
3.928915000000000000e+05 1.373567355394539612e-25
4.962840000000000000e+05 5.259540111628228393e-27
6.244907500000000000e+05 2.533748526144158243e-28
7.857830000000000000e+05 1.160575146922941745e-29
9.925680000000000000e+05 3.349505013511576037e-31
1.248981500000000000e+06 4.661989768078531397e-33
1.571566000000000000e+06 1.984400067594258807e-35
1.981000250000000000e+06 1.430265126708367035e-38
2.497963000000000000e+06 5.850721566439661746e-43
3.147267500000000000e+06 8.899957160370867624e-50
3.970272000000000000e+06 1.021123983092354792e-61
5.004197000000000000e+06 2.512062394969577704e-83
6.286264000000000000e+06 1.128714556798731392e-120
7.940544000000000000e+06 3.581609101990323350e-183
1.000839400000000000e+07 9.999999999999999821e-201
