1.211760009765625000e+03 1.140842316890942006e-11
1.526073364257812500e+03 5.755650138168328508e-12
1.923100463867187500e+03 2.856578738344667334e-12
2.423520019531250000e+03 1.419825590890473478e-12
3.056282226562500000e+03 7.308198196205320725e-13
3.850336669921875000e+03 3.997480966533246331e-13
4.838769042968750000e+03 2.452967456548674142e-13
6.120835937500000000e+03 1.631092191626079304e-13
7.692401855468750000e+03 1.131031711185197585e-13
9.718894531250000000e+03 8.298073656420976266e-14
1.224167187500000000e+04 5.935685558965621313e-14
1.542616113281250000e+04 4.014441761677083543e-14
1.943778906250000000e+04 2.523980423028964494e-14
2.448334375000000000e+04 1.448480989701553134e-14
3.085232226562500000e+04 7.526069550159034083e-15
3.891693750000000000e+04 3.503475546373260402e-15
4.921482812500000000e+04 1.414319678679456836e-15
6.162192968750000000e+04 4.980661815340409285e-16
7.775115625000000000e+04 1.338317437615109143e-16
9.801609375000000000e+04 2.687279437355132962e-17
1.236574296875000000e+05 3.778179562002342121e-18
1.559158906250000000e+05 3.611246865596692142e-19
1.964457500000000000e+05 2.325772439682812951e-20
2.473148593750000000e+05 1.068524370990451123e-21
3.118317812500000000e+05 3.857238860598778635e-23
3.928915000000000000e+05 1.329663375998367128e-24
4.962840000000000000e+05 5.053594263883747995e-26
6.244907500000000000e+05 2.401993602784661466e-27
7.857830000000000000e+05 1.085699330992429413e-28
9.925680000000000000e+05 3.105015596466935509e-30
1.248981500000000000e+06 4.255583846412366411e-32
1.571566000000000000e+06 1.763911171194896955e-34
1.981000250000000000e+06 1.235597661447492990e-37
2.497963000000000000e+06 4.883279417658299557e-42
3.147267500000000000e+06 7.172126649383116588e-49
3.970272000000000000e+06 7.895288529064599608e-61
5.004197000000000000e+06 1.870294629831364446e-82
6.286264000000000000e+06 8.042237121347734207e-120
7.940544000000000000e+06 2.447786102247824358e-182
1.000839400000000000e+07 9.999999999999999821e-201
