1.211760009765625000e+03 1.419825590890473649e-14
1.526073364257812500e+03 7.229175689005238162e-15
1.923100463867187500e+03 3.484398241277560926e-15
2.423520019531250000e+03 1.600417442363384623e-15
3.056282226562500000e+03 6.863780738327969418e-16
3.850336669921875000e+03 2.715935597850529964e-16
4.838769042968750000e+03 9.724597794703770002e-17
6.120835937500000000e+03 3.075211522673602403e-17
7.692401855468750000e+03 8.482737833888981669e-18
9.718894531250000000e+03 9.411601922815704360e-20
1.224167187500000000e+04 6.802038086309716895e-20
1.542616113281250000e+04 4.667755624391127663e-20
1.943778906250000000e+04 2.973213472561052366e-20
2.448334375000000000e+04 1.733674137932946899e-20
3.085232226562500000e+04 9.183986320628849952e-21
3.891693750000000000e+04 4.376472731699055951e-21
4.921482812500000000e+04 1.806303409849043453e-21
6.162192968750000000e+04 6.504916077793724822e-22
7.775115625000000000e+04 1.804700787087041325e-22
9.801609375000000000e+04 3.749318017387700384e-23
1.236574296875000000e+05 5.463410733542955364e-24
1.559158906250000000e+05 5.448547902479219579e-25
1.964457500000000000e+05 3.681626678537204230e-26
2.473148593750000000e+05 1.790740289333027685e-27
3.118317812500000000e+05 6.832823124489264474e-29
3.928915000000000000e+05 2.508798822638428328e-30
4.962840000000000000e+05 1.015471449263160787e-31
6.244907500000000000e+05 5.199251975647810615e-33
7.857830000000000000e+05 2.552017392964962941e-34
9.925680000000000000e+05 7.945906053950820653e-36
1.248981500000000000e+06 1.205203767699660676e-37
1.571566000000000000e+06 5.553053687095045433e-40
1.981000250000000000e+06 4.352980820416769309e-43
2.497963000000000000e+06 1.934884297562722747e-47
3.147267500000000000e+06 3.214416761950797215e-54
3.970272000000000000e+06 4.042387726881075089e-66
5.004197000000000000e+06 1.092838822921071805e-87
6.286264000000000000e+06 5.380945301801603924e-125
7.940544000000000000e+06 1.880874602376575092e-187
1.000839400000000000e+07 9.999999999999999821e-201
