1.211760009765625000e+03 8.494044324450027782e-13
1.526073364257812500e+03 5.943549369483102240e-13
1.923100463867187500e+03 4.151456463143761330e-13
2.423520019531250000e+03 2.889469623566578486e-13
3.056282226562500000e+03 2.009754503956462997e-13
3.850336669921875000e+03 1.391280140313041722e-13
4.838769042968750000e+03 9.599923464002436644e-14
6.120835937500000000e+03 6.544050120249427214e-14
7.692401855468750000e+03 4.465625204507073031e-14
9.718894531250000000e+03 3.005000938078919881e-14
1.224167187500000000e+04 1.955146919817077978e-14
1.542616113281250000e+04 1.220665375070976239e-14
1.943778906250000000e+04 7.034043801884000523e-15
2.448334375000000000e+04 3.741283799824995971e-15
3.085232226562500000e+04 1.801893753168510998e-15
3.891693750000000000e+04 7.788053837511706407e-16
4.921482812500000000e+04 2.913392596530715977e-16
6.162192968750000000e+04 9.510487862912938005e-17
7.775115625000000000e+04 2.399508537138201303e-17
9.801609375000000000e+04 4.553892699230553194e-18
1.236574296875000000e+05 6.088577135888667198e-19
1.559158906250000000e+05 5.575258318815945830e-20
1.964457500000000000e+05 3.503892976814718521e-21
2.473148593750000000e+05 1.583547198005239439e-22
3.118317812500000000e+05 5.682539392846414507e-24
3.928915000000000000e+05 1.975679072827762466e-25
4.962840000000000000e+05 7.556628413393567804e-27
6.244907500000000000e+05 3.628327889438434149e-28
7.857830000000000000e+05 1.653507601798814589e-29
9.925680000000000000e+05 4.743094690666027496e-31
1.248981500000000000e+06 6.633292054781076035e-33
1.571566000000000000e+06 2.803747694954850797e-35
1.981000250000000000e+06 2.008860092900409242e-38
2.497963000000000000e+06 8.184867703181993928e-43
3.147267500000000000e+06 1.238821875802538489e-49
3.970272000000000000e+06 1.415888409545585187e-61
5.004197000000000000e+06 3.465545931746352190e-83
6.286264000000000000e+06 1.540747895526706528e-120
7.940544000000000000e+06 4.874379251229434793e-183
1.000839400000000000e+07 9.999999999999999821e-201
