1.211760009765625000e+03 3.586927808565407226e-10
1.526073364257812500e+03 2.086670410916696866e-10
1.923100463867187500e+03 1.208552543145820573e-10
2.423520019531250000e+03 6.850035745524216069e-11
3.056282226562500000e+03 3.886209682495706412e-11
3.850336669921875000e+03 2.171296893670129928e-11
4.838769042968750000e+03 1.190872570530157688e-11
6.120835937500000000e+03 6.399951296868591823e-12
7.692401855468750000e+03 3.359005034277360278e-12
9.718894531250000000e+03 1.701047348377177855e-12
1.224167187500000000e+04 8.206257019890214663e-13
1.542616113281250000e+04 3.687656956778203915e-13
1.943778906250000000e+04 1.499807982262904464e-13
2.448334375000000000e+04 5.410733699381233509e-14
3.085232226562500000e+04 2.788947650520250333e-15
3.891693750000000000e+04 1.541723462011014807e-15
4.921482812500000000e+04 7.407980984427371733e-16
6.162192968750000000e+04 3.184426588670095372e-16
7.775115625000000000e+04 1.050222789823147418e-16
9.801609375000000000e+04 2.647821389271647065e-17
1.236574296875000000e+05 4.691199702870258499e-18
1.559158906250000000e+05 5.746269361887383517e-19
1.964457500000000000e+05 4.751914487730817686e-20
2.473148593750000000e+05 2.784259792580831699e-21
3.118317812500000000e+05 1.256147890043951006e-22
3.928915000000000000e+05 5.315837908675894784e-24
4.962840000000000000e+05 2.408889900167956706e-25
6.244907500000000000e+05 1.378384508075217356e-26
7.857830000000000000e+05 8.019007401537260912e-28
9.925680000000000000e+05 3.167503642356170302e-29
1.248981500000000000e+06 6.530345016171549822e-31
1.571566000000000000e+06 4.449394180058395981e-33
1.981000250000000000e+06 5.966621355561997367e-36
2.497963000000000000e+06 6.993595140534263080e-40
3.147267500000000000e+06 8.202655326705887322e-46
3.970272000000000000e+06 5.612679846937214007e-56
5.004197000000000000e+06 2.592896880230767643e-74
6.286264000000000000e+06 2.447118314786548573e-106
7.940544000000000000e+06 7.598251727955479760e-161
1.000839400000000000e+07 9.999999999999999821e-201
