1.211760009765625000e+03 1.793463904282703613e-11
1.526073364257812500e+03 1.176842554024108552e-11
1.923100463867187500e+03 7.792809580154545643e-12
2.423520019531250000e+03 5.230936387491218333e-12
3.056282226562500000e+03 3.530673345596480033e-12
3.850336669921875000e+03 2.394697476592869597e-12
4.838769042968750000e+03 1.627318015227073763e-12
6.120835937500000000e+03 1.095376279656355364e-12
7.692401855468750000e+03 7.381999435795592860e-13
9.718894531250000000e+03 4.888595532723601699e-13
1.224167187500000000e+04 3.178145782269620296e-13
1.542616113281250000e+04 1.980899660235773593e-13
1.943778906250000000e+04 1.157528152285893134e-13
2.448334375000000000e+04 6.224377864701721094e-14
3.085232226562500000e+04 3.058056634342379804e-14
3.891693750000000000e+04 1.367441679348900086e-14
4.921482812500000000e+04 5.309053038839615587e-15
6.162192968750000000e+04 1.812888470216571940e-15
7.775115625000000000e+04 4.825347953241488605e-16
9.801609375000000000e+04 9.782229021475808703e-17
1.236574296875000000e+05 1.407359910861078012e-17
1.559158906250000000e+05 1.399807684881471231e-18
1.964457500000000000e+05 9.524762519460447200e-20
2.473148593750000000e+05 4.601249596906802400e-21
3.118317812500000000e+05 1.743709335236212282e-22
3.928915000000000000e+05 6.215441247067200621e-24
4.962840000000000000e+05 2.404557364376288340e-25
6.244907500000000000e+05 1.190422984246778443e-26
7.857830000000000000e+05 6.213118335239326097e-28
9.925680000000000000e+05 2.264057586288947087e-29
1.248981500000000000e+06 4.443020125157812160e-31
1.571566000000000000e+06 3.004049573797388247e-33
1.981000250000000000e+06 4.159906103971260474e-36
2.497963000000000000e+06 5.064327515559292577e-40
3.147267500000000000e+06 6.211064115694992559e-46
3.970272000000000000e+06 4.465816472640446734e-56
5.004197000000000000e+06 2.168824960566857572e-74
6.286264000000000000e+06 2.152075681088879313e-106
7.940544000000000000e+06 7.011891465991069152e-161
1.000839400000000000e+07 9.999999999999999821e-201
