1.211760009765625000e+03 1.781009293836295894e-10
1.526073364257812500e+03 1.058169355298988127e-10
1.923100463867187500e+03 6.356672467195549415e-11
2.423520019531250000e+03 3.879611154055986958e-11
3.056282226562500000e+03 2.419622292786398780e-11
3.850336669921875000e+03 1.544207538097529478e-11
4.838769042968750000e+03 1.013176925189270084e-11
6.120835937500000000e+03 6.769179256303319036e-12
7.692401855468750000e+03 4.647925570686114405e-12
9.718894531250000000e+03 3.187548184346423440e-12
1.224167187500000000e+04 2.134575525404968948e-12
1.542616113281250000e+04 1.423771630794462219e-12
1.943778906250000000e+04 8.837042883042840189e-13
2.448334375000000000e+04 5.044593824987015326e-13
3.085232226562500000e+04 2.617696478997077506e-13
3.891693750000000000e+04 1.232038140511411104e-13
4.921482812500000000e+04 5.049123881491286541e-14
6.162192968750000000e+04 1.810095113559843916e-14
7.775115625000000000e+04 5.042961684466105150e-15
9.801609375000000000e+04 1.059128555708658974e-15
1.236574296875000000e+05 1.566769609502300149e-16
1.559158906250000000e+05 1.576254031715269658e-17
1.964457500000000000e+05 1.072844129939226275e-18
2.473148593750000000e+05 5.105036049122874043e-20
3.118317812500000000e+05 1.862213853164886727e-21
3.928915000000000000e+05 6.329936217407911952e-23
4.962840000000000000e+05 2.326571720126246169e-24
6.244907500000000000e+05 1.118818594216897085e-25
7.857830000000000000e+05 5.589656633779324653e-27
9.925680000000000000e+05 1.937510819035733549e-28
1.248981500000000000e+06 3.608090168752317796e-30
1.571566000000000000e+06 2.315385379049496762e-32
1.981000250000000000e+06 3.061378620750968478e-35
2.497963000000000000e+06 3.540206091829067241e-39
3.147267500000000000e+06 4.118205554971680544e-45
3.970272000000000000e+06 2.815028282364795065e-55
5.004197000000000000e+06 1.308564780677209880e-73
6.286264000000000000e+06 1.237443516626105938e-105
7.940544000000000000e+06 3.835773380350514931e-160
1.000839400000000000e+07 9.999999999999999821e-201
