1.211760009765625000e+03 1.619099358032996362e-12
1.526073364257812500e+03 1.097727088207361546e-12
1.923100463867187500e+03 7.478899828688097720e-13
2.423520019531250000e+03 5.131285614460976167e-13
3.056282226562500000e+03 3.525471730932105879e-13
3.850336669921875000e+03 2.425075751344745636e-13
4.838769042968750000e+03 1.668796931665104529e-13
6.120835937500000000e+03 1.133231047481863280e-13
7.692401855468750000e+03 7.674968481272680766e-14
9.718894531250000000e+03 5.049780073125293449e-14
1.224167187500000000e+04 3.167675493751643645e-14
1.542616113281250000e+04 1.840049228444646392e-14
1.943778906250000000e+04 9.736694466700855937e-15
2.448334375000000000e+04 4.622770812731523800e-15
3.085232226562500000e+04 1.984443868614413990e-15
3.891693750000000000e+04 7.432312809984483458e-16
4.921482812500000000e+04 2.358551161640235708e-16
6.162192968750000000e+04 6.331305288343625095e-17
7.775115625000000000e+04 1.254620852255376594e-17
9.801609375000000000e+04 1.804178660753570382e-18
1.236574296875000000e+05 1.777229588054528664e-19
1.559158906250000000e+05 1.184001724294219708e-20
1.964457500000000000e+05 5.435901628261302929e-22
2.473148593750000000e+05 1.864179777161376151e-23
3.118317812500000000e+05 5.392284236402717136e-25
3.928915000000000000e+05 1.575652400413145009e-26
4.962840000000000000e+05 5.018217968203239834e-28
6.244907500000000000e+05 1.669707087338560841e-29
7.857830000000000000e+05 3.925878781661446510e-31
9.925680000000000000e+05 4.201552712678773378e-33
1.248981500000000000e+06 1.525560272617542639e-35
1.571566000000000000e+06 1.070114632866495952e-38
1.981000250000000000e+06 5.392870790520983264e-43
2.497963000000000000e+06 2.121412349270357892e-49
3.147267500000000000e+06 4.046652569958430233e-60
3.970272000000000000e+06 1.549236793499890011e-79
5.004197000000000000e+06 3.688089466963690912e-114
6.286264000000000000e+06 1.914479300812919948e-171
7.940544000000000000e+06 9.999999999999999821e-201
1.000839400000000000e+07 9.999999999999999821e-201
