1.211760009765625000e+03 1.706281631157849998e-13
1.526073364257812500e+03 1.166953120797015161e-13
1.923100463867187500e+03 7.926221224527784607e-14
2.423520019531250000e+03 5.355482491955296070e-14
3.056282226562500000e+03 3.609653299781550364e-14
3.850336669921875000e+03 2.425900799499126425e-14
4.838769042968750000e+03 1.623830916377442208e-14
6.120835937500000000e+03 1.077457046920247285e-14
7.692401855468750000e+03 7.115987078212309076e-15
9.718894531250000000e+03 4.633616690338179492e-15
1.224167187500000000e+04 2.932385491979332013e-15
1.542616113281250000e+04 1.762635164687597143e-15
1.943778906250000000e+04 9.788792087687232066e-16
2.448334375000000000e+04 4.999842076611470491e-16
3.085232226562500000e+04 2.333987914638334459e-16
3.891693750000000000e+04 9.802440986190311489e-17
4.921482812500000000e+04 3.582179355848551969e-17
6.162192968750000000e+04 1.145957013605104496e-17
7.775115625000000000e+04 2.823197254520009208e-18
9.801609375000000000e+04 5.232077692893915291e-19
1.236574296875000000e+05 6.828204807909264703e-20
1.559158906250000000e+05 6.107673551750953818e-21
1.964457500000000000e+05 3.752138619954733078e-22
2.473148593750000000e+05 1.660752162762621837e-23
3.118317812500000000e+05 5.831549535425277463e-25
3.928915000000000000e+05 2.000966513335009787e-26
4.962840000000000000e+05 7.578016700758431264e-28
6.244907500000000000e+05 3.588548247692679895e-29
7.857830000000000000e+05 1.600999834786220027e-30
9.925680000000000000e+05 4.422118330797768747e-32
1.248981500000000000e+06 5.821926360027206612e-34
1.571566000000000000e+06 2.257627124040063962e-36
1.981000250000000000e+06 1.435072110906727695e-39
2.497963000000000000e+06 4.859221359357881082e-44
3.147267500000000000e+06 5.185435189989229629e-51
3.970272000000000000e+06 3.002083380421239259e-63
5.004197000000000000e+06 2.123954664917186316e-85
6.286264000000000000e+06 1.271464433787537139e-123
7.940544000000000000e+06 2.019684809770429950e-187
1.000839400000000000e+07 9.999999999999999821e-201
