1.211760009765625000e+03 1.930464619193187946e-15
1.526073364257812500e+03 9.889433227093349361e-16
1.923100463867187500e+03 4.842051010350128494e-16
2.423520019531250000e+03 2.260371968869884993e-16
3.056282226562500000e+03 9.921072340739817155e-17
3.850336669921875000e+03 3.991160726458217342e-17
4.838769042968750000e+03 1.486383145636891863e-17
6.120835937500000000e+03 4.833906240641185117e-18
7.692401855468750000e+03 3.190596067048627051e-20
9.718894531250000000e+03 2.189673338004731566e-20
1.224167187500000000e+04 1.385355491535041349e-20
1.542616113281250000e+04 7.916114768662355675e-21
1.943778906250000000e+04 4.046859819334990377e-21
2.448334375000000000e+04 1.847242806479284842e-21
3.085232226562500000e+04 7.471402466141181153e-22
3.891693750000000000e+04 2.592439491479873506e-22
4.921482812500000000e+04 7.390311191622292196e-23
6.162192968750000000e+04 1.767169953456578818e-23
7.775115625000000000e+04 3.056761272062848669e-24
9.801609375000000000e+04 3.804093350758903882e-25
1.236574296875000000e+05 3.229572524669588886e-26
1.559158906250000000e+05 1.873714210664321670e-27
1.964457500000000000e+05 7.696544547404559353e-29
2.473148593750000000e+05 2.474717559004564981e-30
3.118317812500000000e+05 6.861498238583862092e-32
3.928915000000000000e+05 1.901818706305109079e-33
4.962840000000000000e+05 4.848090222622732801e-35
6.244907500000000000e+05 9.539960924206634446e-37
7.857830000000000000e+05 9.847471201212947350e-39
9.925680000000000000e+05 3.261923087611344360e-41
1.248981500000000000e+06 2.473517713838973972e-44
1.571566000000000000e+06 1.794641848509725637e-48
1.981000250000000000e+06 1.757845957797987240e-54
2.497963000000000000e+06 2.980585881009881063e-64
3.147267500000000000e+06 1.794244311725290188e-81
3.970272000000000000e+06 1.711261889997746690e-112
5.004197000000000000e+06 1.935159013826531699e-165
6.286264000000000000e+06 9.999999999999999821e-201
7.940544000000000000e+06 9.999999999999999821e-201
1.000839400000000000e+07 9.999999999999999821e-201
