1.211760009765625000e+03 3.748837744368706681e-13
1.526073364257812500e+03 2.521805472908803551e-13
1.923100463867187500e+03 1.695110240252232977e-13
2.423520019531250000e+03 1.133299444447159861e-13
3.056282226562500000e+03 7.502502466629116534e-14
3.850336669921875000e+03 4.969386394707780139e-14
4.838769042968750000e+03 3.289282117693329937e-14
6.120835937500000000e+03 2.130319483940864509e-14
7.692401855468750000e+03 1.355064917887711129e-14
9.718894531250000000e+03 8.138974482772302340e-15
1.224167187500000000e+04 4.533033955294930144e-15
1.542616113281250000e+04 2.275150022400736348e-15
1.943778906250000000e+04 1.023230409604213287e-15
2.448334375000000000e+04 4.127173117178942289e-16
3.085232226562500000e+04 1.471753651621780467e-16
3.891693750000000000e+04 4.561045643352785584e-17
4.921482812500000000e+04 1.155332886545603755e-17
6.162192968750000000e+04 2.491893441055414043e-18
7.775115625000000000e+04 3.889465204797209333e-19
9.801609375000000000e+04 4.397039075472336133e-20
1.236574296875000000e+05 3.408130620985455681e-21
1.559158906250000000e+05 1.814316930210985526e-22
1.964457500000000000e+05 6.886381963467238487e-24
2.473148593750000000e+05 2.067621164016801009e-25
3.118317812500000000e+05 5.369868186717806006e-27
3.928915000000000000e+05 1.413156955379490867e-28
4.962840000000000000e+05 3.380792119846649153e-30
6.244907500000000000e+05 6.184303868566872774e-32
7.857830000000000000e+05 5.905636630785221868e-34
9.925680000000000000e+05 1.800727057659051296e-36
1.248981500000000000e+06 1.257519796963699071e-39
1.571566000000000000e+06 8.415867053570451826e-44
1.981000250000000000e+06 7.513373851878494553e-50
2.497963000000000000e+06 1.170272140649142461e-59
3.147267500000000000e+06 6.434531324807938609e-77
3.970272000000000000e+06 5.616050384447151004e-108
5.004197000000000000e+06 5.756924664788608088e-161
6.286264000000000000e+06 9.999999999999999821e-201
7.940544000000000000e+06 9.999999999999999821e-201
1.000839400000000000e+07 9.999999999999999821e-201
