1.211760009765625000e+03 7.273492500702076077e-14
1.526073364257812500e+03 3.204176365578245572e-14
1.923100463867187500e+03 1.326268699945738588e-14
2.423520019531250000e+03 5.000526094232677303e-15
3.056282226562500000e+03 1.718432881674575464e-15
3.850336669921875000e+03 5.252330037233776294e-16
4.838769042968750000e+03 1.490801374966793625e-16
6.120835937500000000e+03 4.412371810184800965e-17
7.692401855468750000e+03 1.403465118492401745e-17
9.718894531250000000e+03 9.928792803909981545e-18
1.224167187500000000e+04 6.991962338296771044e-18
1.542616113281250000e+04 4.864755313281375264e-18
1.943778906250000000e+04 3.303982872594761545e-18
2.448334375000000000e+04 2.160618398591775506e-18
3.085232226562500000e+04 1.341469802504782728e-18
3.891693750000000000e+04 7.802159830042540946e-19
4.921482812500000000e+04 4.210321758996749584e-19
6.162192968750000000e+04 2.111457165134617554e-19
7.775115625000000000e+04 9.183354122065857621e-20
9.801609375000000000e+04 3.327465725950407880e-20
1.236574296875000000e+05 9.432455441428739998e-21
1.559158906250000000e+05 1.983419879306140219e-21
1.964457500000000000e+05 3.077374243228052825e-22
2.473148593750000000e+05 3.482330330755914798e-23
3.118317812500000000e+05 2.940338963620355889e-24
3.928915000000000000e+05 2.109635674123778339e-25
4.962840000000000000e+05 1.454276144696525303e-26
6.244907500000000000e+05 1.211180224938116247e-27
7.857830000000000000e+05 1.277906938333110361e-28
9.925680000000000000e+05 1.520449110722291031e-29
1.248981500000000000e+06 1.682369691382883661e-30
1.571566000000000000e+06 1.249244309136974338e-31
1.981000250000000000e+06 4.501867552126249100e-33
2.497963000000000000e+06 5.770304833063844554e-35
3.147267500000000000e+06 1.635200904497526169e-37
3.970272000000000000e+06 2.882249251486279704e-41
5.004197000000000000e+06 1.949738322849659462e-47
6.286264000000000000e+06 3.141310628696541237e-58
7.940544000000000000e+06 6.532588075172952769e-78
1.000839400000000000e+07 9.999999999999999821e-201
