1.211760009765625000e+03 2.478467478835125366e-12
1.526073364257812500e+03 1.137284821115735069e-12
1.923100463867187500e+03 4.959774073169862399e-13
2.423520019531250000e+03 2.092374554996487808e-13
3.056282226562500000e+03 8.641541547170640668e-14
3.850336669921875000e+03 3.758843258966118150e-14
4.838769042968750000e+03 1.861620544755401100e-14
6.120835937500000000e+03 1.086403452573296767e-14
7.692401855468750000e+03 7.005878828251035000e-15
9.718894531250000000e+03 4.934638652594499126e-15
1.224167187500000000e+04 3.443089026102587615e-15
1.542616113281250000e+04 2.340300430421327954e-15
1.943778906250000000e+04 1.516360175633896300e-15
2.448334375000000000e+04 9.248121512863620908e-16
3.085232226562500000e+04 5.247075731475771436e-16
3.891693750000000000e+04 2.713752653447511961e-16
4.921482812500000000e+04 1.268249687353240077e-16
6.162192968750000000e+04 5.344940076336653087e-17
7.775115625000000000e+04 1.820039289989105762e-17
9.801609375000000000e+04 4.866446858040002644e-18
1.236574296875000000e+05 9.533872261695562266e-19
1.559158906250000000e+05 1.316571211725369024e-19
1.964457500000000000e+05 1.266507591810755903e-20
2.473148593750000000e+05 8.695987691747715357e-22
3.118317812500000000e+05 4.534298256423162201e-23
3.928915000000000000e+05 2.149791324214510152e-24
4.962840000000000000e+05 1.060002991743556158e-25
6.244907500000000000e+05 6.817739714506933919e-27
7.857830000000000000e+05 5.210017631227103538e-28
9.925680000000000000e+05 3.474988160032382222e-29
1.248981500000000000e+06 1.569446921745076599e-30
1.571566000000000000e+06 3.234572955103625909e-32
1.981000250000000000e+06 1.991697400764482700e-34
2.497963000000000000e+06 2.156494159985739896e-37
3.147267500000000000e+06 1.212401015645662886e-41
3.970272000000000000e+06 1.455761732902317654e-48
5.004197000000000000e+06 7.994100095173849913e-61
6.286264000000000000e+06 1.491668477893206446e-82
7.940544000000000000e+06 7.851372385846179437e-121
1.000839400000000000e+07 9.999999999999999821e-201
