1.211760009765625000e+03 6.015576845614902214e-11
1.526073364257812500e+03 3.876657825020592879e-11
1.923100463867187500e+03 2.472039292798270294e-11
2.423520019531250000e+03 1.563053611024162157e-11
3.056282226562500000e+03 9.777290533665686000e-12
3.850336669921875000e+03 6.036213838712498122e-12
4.838769042968750000e+03 3.679986568904082778e-12
6.120835937500000000e+03 2.198251968756601667e-12
7.692401855468750000e+03 1.296747025387667607e-12
9.718894531250000000e+03 7.421862049017609542e-13
1.224167187500000000e+04 4.129224212932321784e-13
1.542616113281250000e+04 2.202549610916116460e-13
1.943778906250000000e+04 1.096990688284042237e-13
2.448334375000000000e+04 5.036524250492351350e-14
3.085232226562500000e+04 2.059048312702246373e-14
3.891693750000000000e+04 7.435464314864465358e-15
4.921482812500000000e+04 9.999999999999999821e-201
6.162192968750000000e+04 9.999999999999999821e-201
7.775115625000000000e+04 9.999999999999999821e-201
9.801609375000000000e+04 9.999999999999999821e-201
1.236574296875000000e+05 9.999999999999999821e-201
1.559158906250000000e+05 9.999999999999999821e-201
1.964457500000000000e+05 9.999999999999999821e-201
2.473148593750000000e+05 9.999999999999999821e-201
3.118317812500000000e+05 9.999999999999999821e-201
3.928915000000000000e+05 9.999999999999999821e-201
4.962840000000000000e+05 9.999999999999999821e-201
6.244907500000000000e+05 9.999999999999999821e-201
7.857830000000000000e+05 9.999999999999999821e-201
9.925680000000000000e+05 9.999999999999999821e-201
1.248981500000000000e+06 9.999999999999999821e-201
1.571566000000000000e+06 9.999999999999999821e-201
1.981000250000000000e+06 9.999999999999999821e-201
2.497963000000000000e+06 9.999999999999999821e-201
3.147267500000000000e+06 9.999999999999999821e-201
3.970272000000000000e+06 9.999999999999999821e-201
5.004197000000000000e+06 9.999999999999999821e-201
6.286264000000000000e+06 9.999999999999999821e-201
7.940544000000000000e+06 9.999999999999999821e-201
1.000839400000000000e+07 9.999999999999999821e-201
