1.211760009765625000e+03 1.204360830167621400e-13
1.526073364257812500e+03 7.021497591236278993e-14
1.923100463867187500e+03 4.025892562557182358e-14
2.423520019531250000e+03 2.285421016915806082e-14
3.056282226562500000e+03 1.269068277893721903e-14
3.850336669921875000e+03 6.976448197216270322e-15
4.838769042968750000e+03 3.741138240692160962e-15
6.120835937500000000e+03 1.935026942435542143e-15
7.692401855468750000e+03 9.787617753526985557e-16
9.718894531250000000e+03 4.694599277565478742e-16
1.224167187500000000e+04 2.129684309940734546e-16
1.542616113281250000e+04 8.760752378677652021e-17
1.943778906250000000e+04 1.092877892593553144e-19
2.448334375000000000e+04 7.213562108451215249e-20
3.085232226562500000e+04 4.362847845203208706e-20
3.891693750000000000e+04 2.381254766190057663e-20
4.921482812500000000e+04 1.146320397654574620e-20
6.162192968750000000e+04 4.877621614014163442e-21
7.775115625000000000e+04 1.632246359854000196e-21
9.801609375000000000e+04 4.136162292787247675e-22
1.236574296875000000e+05 7.417084496061417419e-23
1.559158906250000000e+05 9.228678034165484589e-24
1.964457500000000000e+05 7.809593703987149047e-25
2.473148593750000000e+05 4.669765964598870447e-26
3.118317812500000000e+05 2.154445374994639201e-27
3.928915000000000000e+05 9.255233381141788067e-29
4.962840000000000000e+05 4.240715086226888978e-30
6.244907500000000000e+05 2.477945346716579240e-31
7.857830000000000000e+05 1.513947388970637185e-32
9.925680000000000000e+05 6.503449900364072907e-34
1.248981500000000000e+06 1.536437823017588741e-35
1.571566000000000000e+06 1.309077012980607043e-37
1.981000250000000000e+06 2.432736295302363162e-40
2.497963000000000000e+06 4.472252856464093273e-44
3.147267500000000000e+06 1.098672318597240711e-49
3.970272000000000000e+06 2.897513750752456228e-59
5.004197000000000000e+06 1.520327596616269676e-76
6.286264000000000000e+06 7.870056266251694837e-107
7.940544000000000000e+06 1.156262865872133105e-158
1.000839400000000000e+07 9.999999999999999821e-201
