1.211760009765625000e+03 2.914378844459393856e-11
1.526073364257812500e+03 1.641645915697495779e-11
1.923100463867187500e+03 9.181860230393574178e-12
2.423520019531250000e+03 5.087708367357530301e-12
3.056282226562500000e+03 2.789975007820828037e-12
3.850336669921875000e+03 1.532466991635709303e-12
4.838769042968750000e+03 8.386384889551596186e-13
6.120835937500000000e+03 4.628308717275852030e-13
7.692401855468750000e+03 2.617845866212806877e-13
9.718894531250000000e+03 1.534182770446234431e-13
1.224167187500000000e+04 9.458653778787057813e-14
1.542616113281250000e+04 4.990866054994390432e-14
1.943778906250000000e+04 3.449198435584277486e-14
2.448334375000000000e+04 2.193256456095572385e-14
3.085232226562500000e+04 1.273342801332564300e-14
3.891693750000000000e+04 6.678785557243120281e-15
4.921482812500000000e+04 3.063801790094954281e-15
6.162192968750000000e+04 1.234647971047335151e-15
7.775115625000000000e+04 3.879234855237428634e-16
9.801609375000000000e+04 9.235540461977001739e-17
1.236574296875000000e+05 1.554315501012870695e-17
1.559158906250000000e+05 1.787140825663792143e-18
1.964457500000000000e+05 1.385354013576850828e-19
2.473148593750000000e+05 7.571368117359331561e-21
3.118317812500000000e+05 3.168997587807702709e-22
3.928915000000000000e+05 1.219954716905888322e-23
4.962840000000000000e+05 4.957009263721118391e-25
6.244907500000000000e+05 2.531522543402342799e-26
7.857830000000000000e+05 1.348728186165378455e-27
9.925680000000000000e+05 5.169408895161186578e-29
1.248981500000000000e+06 1.108062965298930223e-30
1.571566000000000000e+06 8.365321400022414574e-33
1.981000250000000000e+06 1.367040847231198872e-35
2.497963000000000000e+06 2.182612291488032216e-39
3.147267500000000000e+06 4.614174323280125615e-45
3.970272000000000000e+06 1.037652875838512193e-54
5.004197000000000000e+06 4.644585325711617213e-72
6.286264000000000000e+06 2.032377167658404742e-102
7.940544000000000000e+06 2.532560829354261822e-154
1.000839400000000000e+07 9.999999999999999821e-201
