1.211760009765625000e+03 3.748837744368706580e-12
1.526073364257812500e+03 2.531694906135897840e-12
1.923100463867187500e+03 1.710808145492136070e-12
2.423520019531250000e+03 1.152051466292708896e-12
3.056282226562500000e+03 7.703306396358311061e-13
3.850336669921875000e+03 5.173658834322282607e-13
4.838769042968750000e+03 3.460868679068054883e-13
6.120835937500000000e+03 2.277843876204137209e-13
7.692401855468750000e+03 1.503377570899625683e-13
9.718894531250000000e+03 9.762975820045588171e-14
1.224167187500000000e+04 6.249902330389207035e-14
1.542616113281250000e+04 3.853838253722621677e-14
1.943778906250000000e+04 2.249736212667851576e-14
2.448334375000000000e+04 1.215489326053087656e-14
3.085232226562500000e+04 6.037245726603220967e-15
3.891693750000000000e+04 2.744772947960265323e-15
4.921482812500000000e+04 1.106230673596108135e-15
6.162192968750000000e+04 3.968088152348818547e-16
7.775115625000000000e+04 1.136890684272408388e-16
9.801609375000000000e+04 2.507324630535866621e-17
1.236574296875000000e+05 3.996690881581773246e-18
1.559158906250000000e+05 4.436386330711070068e-19
1.964457500000000000e+05 3.387030790498282404e-20
2.473148593750000000e+05 1.833999975273265523e-21
3.118317812500000000e+05 7.652977120860336940e-23
3.928915000000000000e+05 2.960300045827029645e-24
4.962840000000000000e+05 1.226725680830537014e-25
6.244907500000000000e+05 6.646777570678089679e-27
7.857830000000000000e+05 4.018583130925385088e-28
9.925680000000000000e+05 1.883543947489970184e-29
1.248981500000000000e+06 5.291263152536679137e-31
1.571566000000000000e+06 5.829465598639155559e-33
1.981000250000000000e+06 1.577251186272278078e-35
2.497963000000000000e+06 5.336604722291396313e-39
3.147267500000000000e+06 4.136560692286559746e-44
3.970272000000000000e+06 1.113545709704812922e-52
5.004197000000000000e+06 4.793782774111444550e-68
6.286264000000000000e+06 4.227078793487588140e-95
7.940544000000000000e+06 6.892033641596289009e-142
1.000839400000000000e+07 9.999999999999999821e-201
