1.211760009765625000e+03 2.441103647495902320e-11
1.526073364257812500e+03 1.463636117609815771e-11
1.923100463867187500e+03 8.632518165327291424e-12
2.423520019531250000e+03 5.050344536018308951e-12
3.056282226562500000e+03 2.918368000158821374e-12
3.850336669921875000e+03 1.669680805622190989e-12
4.838769042968750000e+03 9.447236123942530594e-13
6.120835937500000000e+03 5.195946571665654672e-13
7.692401855468750000e+03 2.834717136286681365e-13
9.718894531250000000e+03 1.480589876331323299e-13
1.224167187500000000e+04 7.483120606308913720e-14
1.542616113281250000e+04 3.528161781577047925e-14
1.943778906250000000e+04 1.521497901052824686e-14
2.448334375000000000e+04 5.815110804498584816e-15
3.085232226562500000e+04 1.930830840490219571e-15
3.891693750000000000e+04 7.334901719690425279e-20
4.921482812500000000e+04 4.053545253962881205e-20
6.162192968750000000e+04 1.998473487637495656e-20
7.775115625000000000e+04 7.860636285688578059e-21
9.801609375000000000e+04 2.391314087928983256e-21
1.236574296875000000e+05 5.262052473433916233e-22
1.559158906250000000e+05 8.101713072457245145e-23
1.964457500000000000e+05 8.613376314909538837e-24
2.473148593750000000e+05 6.528070396567392041e-25
3.118317812500000000e+05 3.808481555439908235e-26
3.928915000000000000e+05 2.069860587598105432e-27
4.962840000000000000e+05 1.201663543265181632e-28
6.244907500000000000e+05 9.072608800852575609e-30
7.857830000000000000e+05 7.620067813131967449e-31
9.925680000000000000e+05 4.938497418487401388e-32
1.248981500000000000e+06 1.902858031836775989e-33
1.571566000000000000e+06 2.862847503415459162e-35
1.981000250000000000e+06 1.047663196721002418e-37
2.497963000000000000e+06 4.670206366106786739e-41
3.147267500000000000e+06 4.506210796703655598e-46
3.970272000000000000e+06 1.321643715096964872e-54
5.004197000000000000e+06 5.905190512243426263e-70
6.286264000000000000e+06 5.392021768070782179e-97
7.940544000000000000e+06 9.074510961435113391e-144
1.000839400000000000e+07 9.999999999999999821e-201
