1.211760009765625000e+03 1.805918514729111385e-09
1.526073364257812500e+03 1.038390488844801826e-09
1.923100463867187500e+03 5.901503327569202888e-10
2.423520019531250000e+03 3.344019321518633882e-10
3.056282226562500000e+03 1.881058745343309845e-10
3.850336669921875000e+03 1.049561209590397305e-10
4.838769042968750000e+03 5.847126430453018615e-11
6.120835937500000000e+03 3.228486866517271060e-11
7.692401855468750000e+03 1.816291647168083066e-11
9.718894531250000000e+03 1.006580085178259671e-11
1.224167187500000000e+04 5.521272149883203540e-12
1.542616113281250000e+04 2.265987866788459824e-12
1.943778906250000000e+04 1.286899224386414200e-12
2.448334375000000000e+04 6.526412147425937006e-13
3.085232226562500000e+04 2.928121589634356156e-13
3.891693750000000000e+04 1.136051356771775061e-13
4.921482812500000000e+04 3.638782156348815144e-14
6.162192968750000000e+04 9.685604853887561921e-15
7.775115625000000000e+04 1.872443728411778678e-15
9.801609375000000000e+04 2.554637699782517215e-16
1.236574296875000000e+05 2.367870913697880025e-17
1.559158906250000000e+05 1.444209813691156580e-18
1.964457500000000000e+05 6.054341258858634441e-20
2.473148593750000000e+05 1.905357498846268022e-21
3.118317812500000000e+05 5.026460844587096450e-23
3.928915000000000000e+05 1.345341455764830338e-24
4.962840000000000000e+05 3.714804552480534679e-26
6.244907500000000000e+05 9.446102272942219172e-28
7.857830000000000000e+05 1.455495193828335430e-29
9.925680000000000000e+05 8.790351871500661832e-32
1.248981500000000000e+06 1.456970495500933083e-34
1.571566000000000000e+06 3.543051083955636140e-38
1.981000250000000000e+06 3.390201558084306208e-43
2.497963000000000000e+06 5.789034108469729974e-51
3.147267500000000000e+06 2.559301217455496803e-64
3.970272000000000000e+06 1.457191867256423735e-88
5.004197000000000000e+06 4.567763489670989147e-131
6.286264000000000000e+06 1.347998600843640339e-199
7.940544000000000000e+06 9.999999999999999821e-201
1.000839400000000000e+07 9.999999999999999821e-201
