1.211760009765625000e+03 6.837581135077808091e-11
1.526073364257812500e+03 4.648033616733873884e-11
1.923100463867187500e+03 3.162640746024453220e-11
2.423520019531250000e+03 2.148420302005321942e-11
3.056282226562500000e+03 1.461655554527799820e-11
3.850336669921875000e+03 9.916730948549153919e-12
4.838769042968750000e+03 6.736880202520212108e-12
6.120835937500000000e+03 4.511613549663581473e-12
7.692401855468750000e+03 3.039507531120495575e-12
9.718894531250000000e+03 2.031332297606776357e-12
1.224167187500000000e+04 1.351073746905615638e-12
1.542616113281250000e+04 8.858745977863081410e-13
1.943778906250000000e+04 5.718309350125376756e-13
2.448334375000000000e+04 3.581779440404721855e-13
3.085232226562500000e+04 2.148671202671318404e-13
3.891693750000000000e+04 1.220939729754365356e-13
4.921482812500000000e+04 6.477085909769330571e-14
6.162192968750000000e+04 3.248026945597654712e-14
7.775115625000000000e+04 1.443434963651073018e-14
9.801609375000000000e+04 5.517860666568225474e-15
1.236574296875000000e+05 1.702937167191217098e-15
1.559158906250000000e+05 4.103233489658171267e-16
1.964457500000000000e+05 7.461949151190833903e-17
2.473148593750000000e+05 1.010106336904130073e-17
3.118317812500000000e+05 1.022449895780252314e-18
3.928915000000000000e+05 8.536067618432616772e-20
4.962840000000000000e+05 6.514233783151296406e-21
6.244907500000000000e+05 5.594000187045803200e-22
7.857830000000000000e+05 5.919620675297393551e-23
9.925680000000000000e+05 7.480863382102577633e-24
1.248981500000000000e+06 9.954113637440569743e-25
1.571566000000000000e+06 1.055366884746579098e-25
1.981000250000000000e+06 6.799674214617407311e-27
2.497963000000000000e+06 1.993185707866230002e-28
3.147267500000000000e+06 2.002808141105398826e-30
3.970272000000000000e+06 3.299824108706881710e-33
5.004197000000000000e+06 1.715568103082171171e-37
6.286264000000000000e+06 1.040702019450654874e-44
7.940544000000000000e+06 7.802134825016172433e-58
1.000839400000000000e+07 9.999999999999999821e-201
