1.211760009765625000e+03 1.320188707319212400e-11
1.526073364257812500e+03 7.258843988686519176e-12
1.923100463867187500e+03 3.923871893330586717e-12
2.423520019531250000e+03 2.061238028880468519e-12
3.056282226562500000e+03 1.056737461719422561e-12
3.850336669921875000e+03 5.213144086853493198e-13
4.838769042968750000e+03 2.467108661306618706e-13
6.120835937500000000e+03 1.104605623373201322e-13
7.692401855468750000e+03 4.649310786072677268e-14
9.718894531250000000e+03 1.831675297367169978e-14
1.224167187500000000e+04 6.638164893723856242e-15
1.542616113281250000e+04 4.927549827229078937e-16
1.943778906250000000e+04 3.506906140706216414e-16
2.448334375000000000e+04 2.471758907548748601e-16
3.085232226562500000e+04 1.707926647596883152e-16
3.891693750000000000e+04 1.146660390986579039e-16
4.921482812500000000e+04 7.381258857841885825e-17
6.162192968750000000e+04 4.637735780234194532e-17
7.775115625000000000e+04 2.714965192581465304e-17
9.801609375000000000e+04 1.467260248151761411e-17
1.236574296875000000e+05 7.037873121308954059e-18
1.559158906250000000e+05 2.867113537516788195e-18
1.964457500000000000e+05 9.637110632088391078e-19
2.473148593750000000e+05 2.572982311555240140e-19
3.118317812500000000e+05 5.459960769502843135e-20
3.928915000000000000e+05 9.522030988504706249e-21
4.962840000000000000e+05 1.450465379801523779e-21
6.244907500000000000e+05 2.268729977179514794e-22
7.857830000000000000e+05 3.953115436938248348e-23
9.925680000000000000e+05 8.087630279955725643e-24
1.248981500000000000e+06 1.993590023257028010e-24
1.571566000000000000e+06 5.018175865184850313e-25
1.981000250000000000e+06 1.076190630886028444e-25
2.497963000000000000e+06 1.609565444238310701e-26
3.147267500000000000e+06 1.417054446134836024e-27
3.970272000000000000e+06 5.840113464726849243e-29
5.004197000000000000e+06 7.103684845226304098e-31
6.286264000000000000e+06 8.912980781695847768e-34
7.940544000000000000e+06 8.085409494011363977e-39
1.000839400000000000e+07 9.999999999999999821e-201
