1.211760009765625000e+03 1.581735526693773414e-10
1.526073364257812500e+03 9.474077031555428746e-11
1.923100463867187500e+03 5.626832295036060509e-11
2.423520019531250000e+03 3.325380989190846794e-11
3.056282226562500000e+03 1.950520081211083959e-11
3.850336669921875000e+03 1.124941306601712509e-11
4.838769042968750000e+03 6.487331344154425235e-12
6.120835937500000000e+03 3.623972866254028340e-12
7.692401855468750000e+03 2.019607094324318459e-12
9.718894531250000000e+03 1.094474360049697937e-12
1.224167187500000000e+04 5.818027155557279225e-13
1.542616113281250000e+04 2.976065711644733828e-13
1.943778906250000000e+04 1.455843099814374245e-13
2.448334375000000000e+04 6.705903387723624541e-14
3.085232226562500000e+04 2.794033519489456323e-14
3.891693750000000000e+04 1.049508209896216173e-14
4.921482812500000000e+04 9.091693543318105697e-18
6.162192968750000000e+04 5.885986007753509702e-18
7.775115625000000000e+04 3.367416843788337657e-18
9.801609375000000000e+04 1.648364977855887043e-18
1.236574296875000000e+05 6.535182078146391503e-19
1.559158906250000000e+05 1.999240460484052406e-19
1.964457500000000000e+05 4.563078345381691557e-20
2.473148593750000000e+05 7.704216797935308267e-21
3.118317812500000000e+05 9.691652991539243222e-22
3.928915000000000000e+05 1.012464124827415960e-22
4.962840000000000000e+05 9.759508981423046455e-24
6.244907500000000000e+05 1.084502997126327474e-24
7.857830000000000000e+05 1.490355519404030025e-25
9.925680000000000000e+05 2.390873666350806754e-26
1.248981500000000000e+06 3.859922380108997641e-27
1.571566000000000000e+06 4.671259099343569919e-28
1.981000250000000000e+06 3.119851188178998034e-29
2.497963000000000000e+06 8.696500861327318080e-31
3.147267500000000000e+06 7.149054420210680222e-33
3.970272000000000000e+06 7.265420553808449595e-36
5.004197000000000000e+06 1.353399728806096968e-40
6.286264000000000000e+06 1.086801694077429546e-48
7.940544000000000000e+06 1.725373422814646095e-63
1.000839400000000000e+07 9.999999999999999821e-201
