1.211760009765625000e+03 1.282824875979989435e-11
1.526073364257812500e+03 7.011608158009183946e-12
1.923100463867187500e+03 3.814003480317329520e-12
2.423520019531250000e+03 2.042556113210857036e-12
3.056282226562500000e+03 1.081424688346862231e-12
3.850336669921875000e+03 5.683114290744540480e-13
4.838769042968750000e+03 3.011732669833016870e-13
6.120835937500000000e+03 1.627480506894422910e-13
7.692401855468750000e+03 9.204247013433931568e-14
9.718894531250000000e+03 4.299614911296537912e-14
1.224167187500000000e+04 3.089744264382681407e-14
1.542616113281250000e+04 2.125627627975472483e-14
1.943778906250000000e+04 1.374897240466881036e-14
2.448334375000000000e+04 8.210807942775834459e-15
3.085232226562500000e+04 4.493430577171544768e-15
3.891693750000000000e+04 2.230414719266732318e-15
4.921482812500000000e+04 9.684270488260931082e-16
6.162192968750000000e+04 3.732070954009183745e-16
7.775115625000000000e+04 1.130159103332666718e-16
9.801609375000000000e+04 2.607314878079776841e-17
1.236574296875000000e+05 4.289169609477161675e-18
1.559158906250000000e+05 4.861368693460220049e-19
1.964457500000000000e+05 3.745716473528899220e-20
2.473148593750000000e+05 2.032468486054169153e-21
3.118317812500000000e+05 8.448452129268928021e-23
3.928915000000000000e+05 3.258568100629879320e-24
4.962840000000000000e+05 1.348689913895606953e-25
6.244907500000000000e+05 7.194863198269923890e-27
7.857830000000000000e+05 4.170925114103993298e-28
9.925680000000000000e+05 1.786907599435442158e-29
1.248981500000000000e+06 4.376475323345268196e-31
1.571566000000000000e+06 3.988188687868564957e-33
1.981000250000000000e+06 8.284755724915499614e-36
2.497963000000000000e+06 1.856242981761921071e-39
3.147267500000000000e+06 6.944178353731725661e-45
3.970272000000000000e+06 4.590674868797920712e-54
5.004197000000000000e+06 1.445330451627276726e-70
6.286264000000000000e+06 1.616738371305463929e-99
7.940544000000000000e+06 3.006748497707422001e-149
1.000839400000000000e+07 9.999999999999999821e-201
