1.211760009765625000e+03 1.270370265533581618e-12
1.526073364257812500e+03 7.239065122232331606e-13
1.923100463867187500e+03 4.096522256637133337e-13
2.423520019531250000e+03 2.266739101246194726e-13
3.056282226562500000e+03 1.234506345332096838e-13
3.850336669921875000e+03 6.545718598681752339e-14
4.838769042968750000e+03 3.367964437996414069e-14
6.120835937500000000e+03 1.665659312439795612e-14
7.692401855468750000e+03 7.890568029300570978e-15
9.718894531250000000e+03 3.536580997667409881e-15
1.224167187500000000e+04 1.468437487648923245e-15
1.542616113281250000e+04 7.177673038836298013e-18
1.943778906250000000e+04 5.000884056106497184e-18
2.448334375000000000e+04 3.286367679962587718e-18
3.085232226562500000e+04 2.003474237858439993e-18
3.891693750000000000e+04 1.122590340891634103e-18
4.921482812500000000e+04 5.686167993578763955e-19
6.162192968750000000e+04 2.617214776222676968e-19
7.775115625000000000e+04 9.877872965484169718e-20
9.801609375000000000e+04 2.957614911205338186e-20
1.236574296875000000e+05 6.584508431408964432e-21
1.559158906250000000e+05 1.043453459264376287e-21
1.964457500000000000e+05 1.158414044088704703e-22
2.473148593750000000e+05 9.077138739289633941e-24
3.118317812500000000e+05 5.330456712586084715e-25
3.928915000000000000e+05 2.748303021289621194e-26
4.962840000000000000e+05 1.444027657062316681e-27
6.244907500000000000e+05 9.690927291858162852e-29
7.857830000000000000e+05 8.074115012348518638e-30
9.925680000000000000e+05 6.280094313858987039e-31
1.248981500000000000e+06 3.566177390384248399e-32
1.571566000000000000e+06 1.013981312804142021e-33
1.981000250000000000e+06 9.631506021214924613e-36
2.497963000000000000e+06 1.959226298219711215e-38
3.147267500000000000e+06 3.164554634437918919e-42
3.970272000000000000e+06 2.930152598073396451e-48
5.004197000000000000e+06 8.029714123786547057e-59
6.286264000000000000e+06 1.321097541763376147e-77
7.940544000000000000e+06 4.364573067820966343e-111
1.000839400000000000e+07 9.999999999999999821e-201
