1.211760009765625000e+03 9.340957834805747312e-13
1.526073364257812500e+03 5.963328235937289002e-13
1.923100463867187500e+03 3.782593183399110308e-13
2.423520019531250000e+03 2.391023633367028444e-13
3.056282226562500000e+03 1.500196131049236134e-13
3.850336669921875000e+03 9.385354100518061878e-14
4.838769042968750000e+03 5.824608436124967797e-14
6.120835937500000000e+03 3.552837607947362467e-14
7.692401855468750000e+03 2.128314976053269842e-14
9.718894531250000000e+03 1.188649785272731753e-14
1.224167187500000000e+04 6.146551399134964519e-15
1.542616113281250000e+04 2.863737221933825431e-15
1.943778906250000000e+04 1.196446602554124897e-15
2.448334375000000000e+04 4.470763009738287060e-16
3.085232226562500000e+04 1.484349505567433902e-16
3.891693750000000000e+04 4.221949307602592869e-17
4.921482812500000000e+04 9.880665592447771994e-18
6.162192968750000000e+04 1.950777503521105167e-18
7.775115625000000000e+04 2.797942347726665387e-19
9.801609375000000000e+04 2.906392179805354946e-20
1.236574296875000000e+05 2.076170170554152057e-21
1.559158906250000000e+05 1.027650257631495106e-22
1.964457500000000000e+05 3.675256822936213740e-24
2.473148593750000000e+05 1.051110080648675350e-25
3.118317812500000000e+05 2.630911616774102806e-27
3.928915000000000000e+05 6.493930739319378509e-29
4.962840000000000000e+05 1.374022569803179398e-30
6.244907500000000000e+05 2.096552945917294044e-32
7.857830000000000000e+05 1.577118673486924961e-34
9.925680000000000000e+05 3.531099117166273970e-37
1.248981500000000000e+06 1.626065146945521775e-40
1.571566000000000000e+06 5.726453172049855530e-45
1.981000250000000000e+06 1.531879115713638442e-51
2.497963000000000000e+06 2.201649502044507259e-62
3.147267500000000000e+06 1.532859521513969869e-81
3.970272000000000000e+06 9.429962699953433988e-116
5.004197000000000000e+06 2.359966312458579419e-173
6.286264000000000000e+06 9.999999999999999821e-201
7.940544000000000000e+06 9.999999999999999821e-201
1.000839400000000000e+07 9.999999999999999821e-201
