1.211760009765625000e+03 2.764923519102501350e-10
1.526073364257812500e+03 1.839434580239362865e-10
1.923100463867187500e+03 1.239937184599708311e-10
2.423520019531250000e+03 8.405942461055959617e-11
3.056282226562500000e+03 5.773781162261863593e-11
3.850336669921875000e+03 3.988775492720175402e-11
4.838769042968750000e+03 2.772885399112683520e-11
6.120835937500000000e+03 1.894846724238593369e-11
7.692401855468750000e+03 1.251079064184356923e-11
9.718894531250000000e+03 7.906524414398393886e-12
1.224167187500000000e+04 4.583111726389879143e-12
1.542616113281250000e+04 2.371109457858253449e-12
1.943778906250000000e+04 1.093049982580311667e-12
2.448334375000000000e+04 4.456247545420955340e-13
3.085232226562500000e+04 1.592186862809512830e-13
3.891693750000000000e+04 4.821658016068870615e-14
4.921482812500000000e+04 1.182685730005111932e-14
6.162192968750000000e+04 2.393956165578638796e-15
7.775115625000000000e+04 3.437472027207045708e-16
9.801609375000000000e+04 3.493003445454140721e-17
1.236574296875000000e+05 2.453186146799060438e-18
1.559158906250000000e+05 1.183880871122769508e-19
1.964457500000000000e+05 4.047863505445876261e-21
2.473148593750000000e+05 1.090774611993908685e-22
3.118317812500000000e+05 2.540190526540513091e-24
3.928915000000000000e+05 5.859999405242964397e-26
4.962840000000000000e+05 1.150659294909066453e-27
6.244907500000000000e+05 1.625898202956268293e-29
7.857830000000000000e+05 1.130764331934021572e-31
9.925680000000000000e+05 2.318243333443946061e-34
1.248981500000000000e+06 1.015058849305386123e-37
1.571566000000000000e+06 3.257822518888867857e-42
1.981000250000000000e+06 7.973673240056920716e-49
2.497963000000000000e+06 1.044972758744528993e-59
3.147267500000000000e+06 6.629529738355611855e-79
3.970272000000000000e+06 3.705704191994480778e-113
5.004197000000000000e+06 8.434498435109810182e-171
6.286264000000000000e+06 9.999999999999999821e-201
7.940544000000000000e+06 9.999999999999999821e-201
1.000839400000000000e+07 9.999999999999999821e-201
