1.211760009765625000e+03 8.942410300520701140e-12
1.526073364257812500e+03 5.132615844861448640e-12
1.923100463867187500e+03 2.919360688637956353e-12
2.423520019531250000e+03 1.631545818316985146e-12
3.056282226562500000e+03 8.986241071101347626e-13
3.850336669921875000e+03 4.857412442362797308e-13
4.838769042968750000e+03 2.577037513548120808e-13
6.120835937500000000e+03 1.318437401522030046e-13
7.692401855468750000e+03 6.477139666339147941e-14
9.718894531250000000e+03 2.990074531998047632e-14
1.224167187500000000e+04 1.247896866510664252e-14
1.542616113281250000e+04 4.576948641073958196e-15
1.943778906250000000e+04 1.242977303033528634e-17
2.448334375000000000e+04 7.245292992913571416e-18
3.085232226562500000e+04 3.803470661447580663e-18
3.891693750000000000e+04 1.750519616391324547e-18
4.921482812500000000e+04 6.798066604154547390e-19
6.162192968750000000e+04 2.242063494202796214e-19
7.775115625000000000e+04 5.460501829228738024e-20
9.801609375000000000e+04 9.690680181064995781e-21
1.236574296875000000e+05 1.178786681844294419e-21
1.559158906250000000e+05 9.715751012756307187e-23
1.964457500000000000e+05 5.519757510592726393e-24
2.473148593750000000e+05 2.367392712340905102e-25
3.118317812500000000e+05 8.549658789173442275e-27
3.928915000000000000e+05 3.148041963117734290e-28
4.962840000000000000e+05 1.228153580929480210e-29
6.244907500000000000e+05 4.729126220067167652e-31
7.857830000000000000e+05 1.207367598271522934e-32
9.925680000000000000e+05 1.290700806610790354e-34
1.248981500000000000e+06 4.304901540634160854e-37
1.571566000000000000e+06 2.416947945233868643e-40
1.981000250000000000e+06 7.546810446960234817e-45
2.497963000000000000e+06 1.075838356295469000e-51
3.147267500000000000e+06 2.565938299491435119e-63
3.970272000000000000e+06 1.895226812924490227e-84
5.004197000000000000e+06 5.918559500843175612e-122
6.286264000000000000e+06 1.919708388203963990e-183
7.940544000000000000e+06 9.999999999999999821e-201
1.000839400000000000e+07 9.999999999999999821e-201
