1.211760009765625000e+03 1.556826305800957845e-11
1.526073364257812500e+03 8.376349943348066271e-12
1.923100463867187500e+03 4.410432008103580452e-12
2.423520019531250000e+03 2.297875627362213964e-12
3.056282226562500000e+03 1.190064150814863833e-12
3.850336669921875000e+03 6.153860283810622762e-13
4.838769042968750000e+03 3.306049031166574392e-13
6.120835937500000000e+03 1.836655603991489572e-13
7.692401855468750000e+03 1.111795574688115512e-13
9.718894531250000000e+03 7.178168285468729434e-14
1.224167187500000000e+04 4.726530649881416487e-14
1.542616113281250000e+04 3.393514841603760641e-14
1.943778906250000000e+04 2.390050650989654855e-14
2.448334375000000000e+04 1.630839156982036024e-14
3.085232226562500000e+04 1.062198003045072661e-14
3.891693750000000000e+04 6.518791527605328401e-15
4.921482812500000000e+04 3.754173219648191933e-15
6.162192968750000000e+04 2.029229011982398602e-15
7.775115625000000000e+04 9.729124895884491080e-16
9.801609375000000000e+04 3.967565975050157091e-16
1.236574296875000000e+05 1.316235632494564219e-16
1.559158906250000000e+05 3.342121695615532193e-17
1.964457500000000000e+05 6.338256675924328133e-18
2.473148593750000000e+05 8.834460099516220044e-19
3.118317812500000000e+05 9.080122635728083364e-20
3.928915000000000000e+05 7.725014123836374508e-21
4.962840000000000000e+05 6.064939401677425584e-22
6.244907500000000000e+05 5.494245410705780956e-23
7.857830000000000000e+05 6.160426630893802073e-24
9.925680000000000000e+05 8.145487162642502516e-25
1.248981500000000000e+06 1.097585221801246323e-25
1.571566000000000000e+06 1.144439444057672478e-26
1.981000250000000000e+06 6.774870233597183898e-28
2.497963000000000000e+06 1.742002887224064994e-29
3.147267500000000000e+06 1.403359078615615335e-31
3.970272000000000000e+06 1.554263881210532461e-34
5.004197000000000000e+06 3.717475497216187256e-39
6.286264000000000000e+06 5.110058830539135011e-47
7.940544000000000000e+06 2.349346872970810453e-61
1.000839400000000000e+07 9.999999999999999821e-201
