1.211760009765625000e+03 6.028031456061309061e-12
1.526073364257812500e+03 4.054667623108273856e-12
1.923100463867187500e+03 2.746710325331410540e-12
2.423520019531250000e+03 1.868191509963275768e-12
3.056282226562500000e+03 1.264110830738524125e-12
3.850336669921875000e+03 8.582370629088505845e-13
4.838769042968750000e+03 5.796286490180856747e-13
6.120835937500000000e+03 3.860504838752199708e-13
7.692401855468750000e+03 2.570493840179533737e-13
9.718894531250000000e+03 1.685711864028665273e-13
1.224167187500000000e+04 1.071389168426046271e-13
1.542616113281250000e+04 6.429371256708056026e-14
1.943778906250000000e+04 3.567481345642374222e-14
2.448334375000000000e+04 1.808404061909555380e-14
3.085232226562500000e+04 8.287209495638220135e-15
3.891693750000000000e+04 3.396830670915299428e-15
4.921482812500000000e+04 1.200498245773211683e-15
6.162192968750000000e+04 3.673247894301188420e-16
7.775115625000000000e+04 8.654013199578381010e-17
9.801609375000000000e+04 1.504282157772519473e-17
1.236574296875000000e+05 1.839034475227580594e-18
1.559158906250000000e+05 1.537258646787926075e-19
1.964457500000000000e+05 8.729206617096758610e-21
2.473148593750000000e+05 3.606434382796936415e-22
3.118317812500000000e+05 1.192935907030289923e-23
3.928915000000000000e+05 3.886684633759959884e-25
4.962840000000000000e+05 1.396505976993933708e-26
6.244907500000000000e+05 6.097453132411742749e-28
7.857830000000000000e+05 2.386405714008353153e-29
9.925680000000000000e+05 5.498498950949184884e-31
1.248981500000000000e+06 5.638538104537776366e-33
1.571566000000000000e+06 1.584790597540389471e-35
1.981000250000000000e+06 6.379299983157983755e-39
2.497963000000000000e+06 9.971416664732668219e-44
3.147267500000000000e+06 2.446318234441004620e-51
3.970272000000000000e+06 7.977199827138350647e-65
5.004197000000000000e+06 3.229858077757147078e-89
6.286264000000000000e+06 5.326146577596438600e-131
7.940544000000000000e+06 5.116025806262683161e-200
1.000839400000000000e+07 9.999999999999999821e-201
