1.211760009765625000e+03 1.718736241604257400e-13
1.526073364257812500e+03 1.186731987251201923e-13
1.923100463867187500e+03 8.318608394080278734e-14
2.423520019531250000e+03 5.872225670376606180e-14
3.056282226562500000e+03 4.112442381850496451e-14
3.850336669921875000e+03 2.874025604931385712e-14
4.838769042968750000e+03 2.001983395915161897e-14
6.120835937500000000e+03 1.375068020085884903e-14
7.692401855468750000e+03 9.347196767492409088e-15
9.718894531250000000e+03 6.086290744404562666e-15
1.224167187500000000e+04 3.723385124127456763e-15
1.542616113281250000e+04 2.076473954231406187e-15
1.943778906250000000e+04 1.043463192350072662e-15
2.448334375000000000e+04 4.724026612410194681e-16
3.085232226562500000e+04 1.898952420025502375e-16
3.891693750000000000e+04 6.613738257593086110e-17
4.921482812500000000e+04 1.918891585584122811e-17
6.162192968750000000e+04 4.668298663602645058e-18
7.775115625000000000e+04 8.247259190870729858e-19
9.801609375000000000e+04 1.063806981432988834e-19
1.236574296875000000e+05 9.420519337803291482e-21
1.559158906250000000e+05 5.702189242916781295e-22
1.964457500000000000e+05 2.425254754068971982e-23
2.473148593750000000e+05 8.014866706511474710e-25
3.118317812500000000e+05 2.285804486333363004e-26
3.928915000000000000e+05 6.731982468089331797e-28
4.962840000000000000e+05 1.983048299439199134e-29
6.244907500000000000e+05 5.081795684062044098e-31
7.857830000000000000e+05 7.706453559418736408e-33
9.925680000000000000e+05 4.292713555188114499e-35
1.248981500000000000e+06 6.429348017861561401e-38
1.571566000000000000e+06 1.268687817839453454e-41
1.981000250000000000e+06 7.544316266106258879e-47
2.497963000000000000e+06 4.505754064976147705e-55
3.147267500000000000e+06 2.294650478772469158e-69
3.970272000000000000e+06 2.564987610476649821e-95
5.004197000000000000e+06 1.573407913975340919e-140
6.286264000000000000e+06 9.999999999999999821e-201
7.940544000000000000e+06 9.999999999999999821e-201
1.000839400000000000e+07 9.999999999999999821e-201
