1.211760009765625000e+03 1.089778414060670660e-09
1.526073364257812500e+03 6.141338034024971240e-10
1.923100463867187500e+03 3.398073059624288068e-10
2.423520019531250000e+03 1.855736956514741953e-10
3.056282226562500000e+03 9.974811554547822761e-11
3.850336669921875000e+03 5.213144086853494127e-11
4.838769042968750000e+03 2.682318581440857319e-11
6.120835937500000000e+03 1.333930855196904287e-11
7.692401855468750000e+03 6.572478825306420343e-12
9.718894531250000000e+03 3.167775777361486793e-12
1.224167187500000000e+04 1.565617642875377671e-12
1.542616113281250000e+04 8.089545679183686602e-13
1.943778906250000000e+04 4.571285976540520596e-13
2.448334375000000000e+04 2.543034585039608563e-13
3.085232226562500000e+04 1.872703215937711658e-13
3.891693750000000000e+04 1.362367111466982913e-13
4.921482812500000000e+04 9.770568902232225904e-14
6.162192968750000000e+04 6.952659961617624429e-14
7.775115625000000000e+04 4.829492886506923382e-14
9.801609375000000000e+04 3.287932999582842322e-14
1.236574296875000000e+05 2.181151233403635639e-14
1.559158906250000000e+05 1.389200135249312929e-14
1.964457500000000000e+05 8.365312108430169815e-15
2.473148593750000000e+05 4.753583838283882330e-15
3.118317812500000000e+05 2.474763680909290120e-15
3.928915000000000000e+05 1.198263849702757573e-15
4.962840000000000000e+05 5.308283301811755092e-16
6.244907500000000000e+05 2.226860845820151868e-16
7.857830000000000000e+05 9.088590335968713672e-17
9.925680000000000000e+05 3.738063823286056228e-17
1.248981500000000000e+06 1.629317212828000933e-17
1.571566000000000000e+06 7.525432353447698591e-18
1.981000250000000000e+06 3.576520440567000812e-18
2.497963000000000000e+06 1.675139548217182864e-18
3.147267500000000000e+06 7.417921891040539275e-19
3.970272000000000000e+06 2.895847594863542411e-19
5.004197000000000000e+06 9.553870905471924460e-20
6.286264000000000000e+06 2.499351885922905673e-20
7.940544000000000000e+06 4.153060870178740557e-21
1.000839400000000000e+07 9.999999999999999821e-201
