1.211760009765625000e+03 2.565649751959979387e-10
1.526073364257812500e+03 1.374631218565975541e-10
1.923100463867187500e+03 7.274858490234909095e-11
2.423520019531250000e+03 3.748837744368706418e-11
3.056282226562500000e+03 1.906077851512603817e-11
3.850336669921875000e+03 9.485570443748462763e-12
4.838769042968750000e+03 4.740842143941980671e-12
6.120835937500000000e+03 2.413897055892364505e-12
7.692401855468750000e+03 1.292914491306546397e-12
9.718894531250000000e+03 7.484646689648216855e-13
1.224167187500000000e+04 4.721508324576926182e-13
1.542616113281250000e+04 3.071484091008074989e-13
1.943778906250000000e+04 2.188629279090707336e-13
2.448334375000000000e+04 1.551682119685184449e-13
3.085232226562500000e+04 1.087533378005494154e-13
3.891693750000000000e+04 7.581534490367109455e-14
4.921482812500000000e+04 5.217001296562268906e-14
6.162192968750000000e+04 3.583111447796114023e-14
7.775115625000000000e+04 2.405564897841851819e-14
9.801609375000000000e+04 1.587762516892569539e-14
1.236574296875000000e+05 1.015763183092321162e-14
1.559158906250000000e+05 6.270588455793859404e-15
1.964457500000000000e+05 3.673229996329915291e-15
2.473148593750000000e+05 2.018499405957857464e-15
3.118317812500000000e+05 1.018376204975946730e-15
3.928915000000000000e+05 4.734973062576755126e-16
4.962840000000000000e+05 2.040604436584084917e-16
6.244907500000000000e+05 8.491668731687603550e-17
7.857830000000000000e+05 3.464911684970108753e-17
9.925680000000000000e+05 1.428981360294163152e-17
1.248981500000000000e+06 6.274716774321426926e-18
1.571566000000000000e+06 2.916105036960983108e-18
1.981000250000000000e+06 1.393876344675031179e-18
2.497963000000000000e+06 6.593634391918698181e-19
3.147267500000000000e+06 2.932505570009483942e-19
3.970272000000000000e+06 1.153277631412571868e-19
5.004197000000000000e+06 3.834437226816725717e-20
6.286264000000000000e+06 1.010130669830273627e-20
7.940544000000000000e+06 1.709298364575172134e-21
1.000839400000000000e+07 9.999999999999999821e-201
