1.211760009765625000e+03 2.428649037049494745e-13
1.526073364257812500e+03 1.661424782151682693e-13
1.923100463867187500e+03 1.130075105279209109e-13
2.423520019531250000e+03 7.659585424540712877e-14
3.056282226562500000e+03 5.234307053376579662e-14
3.850336669921875000e+03 3.523771830136308904e-14
4.838769042968750000e+03 2.382896972349785067e-14
6.120835937500000000e+03 1.592826862212939179e-14
7.692401855468750000e+03 1.067292083870654553e-14
9.718894531250000000e+03 7.096438873795095433e-15
1.224167187500000000e+04 4.696852928626134100e-15
1.542616113281250000e+04 3.100829480412610970e-15
1.943778906250000000e+04 2.041168441137787769e-15
2.448334375000000000e+04 1.336170714173353492e-15
3.085232226562500000e+04 8.729528011792977534e-16
3.891693750000000000e+04 5.695772104438233880e-16
4.921482812500000000e+04 3.679041376766455472e-16
6.162192968750000000e+04 2.368175645629484430e-16
7.775115625000000000e+04 1.498428211174771809e-16
9.801609375000000000e+04 9.357963152658857542e-17
1.236574296875000000e+05 5.711033664274254292e-17
1.559158906250000000e+05 3.377061102263523011e-17
1.964457500000000000e+05 1.903644742623532292e-17
2.473148593750000000e+05 1.014570878917306516e-17
3.118317812500000000e+05 5.037129616010059784e-18
3.928915000000000000e+05 2.323293449370994048e-18
4.962840000000000000e+05 9.897948429942736474e-19
6.244907500000000000e+05 4.087276235999012529e-19
7.857830000000000000e+05 1.654449977326041581e-19
9.925680000000000000e+05 6.766368692783620323e-20
1.248981500000000000e+06 2.936989280081542140e-20
1.571566000000000000e+06 1.354577823620585696e-20
1.981000250000000000e+06 6.418404250098618052e-21
2.497963000000000000e+06 3.017627271256485202e-21
3.147267500000000000e+06 1.331066358018489061e-21
3.970272000000000000e+06 5.242171051875325935e-22
5.004197000000000000e+06 1.739996724773976474e-22
6.286264000000000000e+06 4.600423679169875308e-23
7.940544000000000000e+06 7.785319894900980436e-24
1.000839400000000000e+07 9.999999999999999821e-201
