1.211760009765625000e+03 1.245461044640766276e-10
1.526073364257812500e+03 7.723647350359905595e-11
1.923100463867187500e+03 4.873448891516589695e-11
2.423520019531250000e+03 3.151016442941139624e-11
3.056282226562500000e+03 2.078908744784471787e-11
3.850336669921875000e+03 1.407156937729627118e-11
4.838769042968750000e+03 9.700012302769250541e-12
6.120835937500000000e+03 6.755894565671851536e-12
7.692401855468750000e+03 4.786796534436495182e-12
9.718894531250000000e+03 3.384303098732511916e-12
1.224167187500000000e+04 2.402204976977292503e-12
1.542616113281250000e+04 1.699003027070131625e-12
1.943778906250000000e+04 1.197073664846041698e-12
2.448334375000000000e+04 8.262320612214077658e-13
3.085232226562500000e+04 5.618063202243881522e-13
3.891693750000000000e+04 3.704035158927656716e-13
4.921482812500000000e+04 2.360121388821143388e-13
6.162192968750000000e+04 1.457845921619855738e-13
7.775115625000000000e+04 8.445334073536967410e-14
9.801609375000000000e+04 4.541742010195745215e-14
1.236574296875000000e+05 2.193520870019791293e-14
1.559158906250000000e+05 9.131903487247400137e-15
1.964457500000000000e+05 3.164038573039798877e-15
2.473148593750000000e+05 8.929529193339344766e-16
3.118317812500000000e+05 2.012928160750987386e-16
3.928915000000000000e+05 3.709639183796842625e-17
4.962840000000000000e+05 5.894135609691127839e-18
6.244907500000000000e+05 9.360988205055331002e-19
7.857830000000000000e+05 1.599585376010815577e-19
9.925680000000000000e+05 3.112093356595766046e-20
1.248981500000000000e+06 7.220332168264276343e-21
1.571566000000000000e+06 1.739090854327721998e-21
1.981000250000000000e+06 3.706508317104929985e-22
2.497963000000000000e+06 5.839636896354542714e-23
3.147267500000000000e+06 6.035144767098331071e-24
3.970272000000000000e+06 3.282070840609841701e-25
5.004197000000000000e+06 6.751823537911030402e-27
6.286264000000000000e+06 2.407404541896039567e-29
7.940544000000000000e+06 1.883277159775625754e-33
1.000839400000000000e+07 9.999999999999999821e-201
