1.211760009765625000e+03 5.891030741150826245e-15
1.526073364257812500e+03 3.935994424383152856e-15
1.923100463867187500e+03 2.621146424744832149e-15
2.423520019531250000e+03 1.731190852050665300e-15
3.056282226562500000e+03 1.140683301485214682e-15
3.850336669921875000e+03 7.525481721159428758e-16
4.838769042968750000e+03 4.957936688100348256e-16
6.120835937500000000e+03 3.226873283039582352e-16
7.692401855468750000e+03 2.112980479603218430e-16
9.718894531250000000e+03 1.365303089971784619e-16
1.224167187500000000e+04 8.763733753291130540e-17
1.542616113281250000e+04 5.463964396546360193e-17
1.943778906250000000e+04 3.259949553812808619e-17
2.448334375000000000e+04 1.821976891285202172e-17
3.085232226562500000e+04 9.465048485776038533e-18
3.891693750000000000e+04 4.515581190758298208e-18
4.921482812500000000e+04 1.926353909666157363e-18
6.162192968750000000e+04 7.427449563187999018e-19
7.775115625000000000e+04 2.325712500531900867e-19
9.801609375000000000e+04 5.699799982037247810e-20
1.236574296875000000e+05 1.019353999950633349e-20
1.559158906250000000e+05 1.291324840411901561e-21
1.964457500000000000e+05 1.136068074744502784e-22
2.473148593750000000e+05 7.116665911081743010e-24
3.118317812500000000e+05 3.396704107396661942e-25
3.928915000000000000e+05 1.475934969342704579e-26
4.962840000000000000e+05 6.748119553672382693e-28
6.244907500000000000e+05 4.005741454501965199e-29
7.857830000000000000e+05 2.791690085429422645e-30
9.925680000000000000e+05 1.632147628778032868e-31
1.248981500000000000e+06 6.231153172023261464e-33
1.571566000000000000e+06 1.040290963733720400e-34
1.981000250000000000e+06 4.905471505450836508e-37
2.497963000000000000e+06 3.720277008124044745e-40
3.147267500000000000e+06 1.183441832674740305e-44
3.970272000000000000e+06 5.021565682140811498e-52
5.004197000000000000e+06 4.033195457238923745e-65
6.286264000000000000e+06 2.703690811105847052e-88
7.940544000000000000e+06 6.645833335575604991e-129
1.000839400000000000e+07 9.999999999999999821e-201
