1.211760009765625000e+03 1.320188707319212440e-12
1.526073364257812500e+03 7.496190386136759510e-13
1.923100463867187500e+03 4.222086157223711678e-13
2.423520019531250000e+03 2.347694069147844483e-13
3.056282226562500000e+03 1.278948610211824934e-13
3.850336669921875000e+03 6.820123079911003388e-14
4.838769042968750000e+03 3.555187634141542831e-14
6.120835937500000000e+03 1.798919814006341501e-14
7.692401855468750000e+03 8.774295590002702455e-15
9.718894531250000000e+03 4.080437756815879023e-15
1.224167187500000000e+04 1.800591113071557469e-15
1.542616113281250000e+04 7.264416654213108797e-18
1.943778906250000000e+04 5.642736956157765272e-18
2.448334375000000000e+04 4.158492578896494072e-18
3.085232226562500000e+04 2.867669915266205086e-18
3.891693750000000000e+04 1.831149228294292337e-18
4.921482812500000000e+04 1.063509192684859757e-18
6.162192968750000000e+04 5.636483022586350965e-19
7.775115625000000000e+04 2.485640395925552711e-19
9.801609375000000000e+04 8.778481967957518803e-20
1.236574296875000000e+05 2.329776351102340996e-20
1.559158906250000000e+05 4.448927710898816890e-21
1.964457500000000000e+05 5.964603468047920788e-22
2.473148593750000000e+05 5.664915099243498833e-23
3.118317812500000000e+05 3.988516686310141682e-24
3.928915000000000000e+05 2.440938124501065390e-25
4.962840000000000000e+05 1.482544056456915454e-26
6.244907500000000000e+05 1.121729724084626540e-27
7.857830000000000000e+05 1.031984281526344636e-28
9.925680000000000000e+05 9.003823412474354097e-30
1.248981500000000000e+06 5.773925528579068265e-31
1.571566000000000000e+06 1.926615435535294259e-32
1.981000250000000000e+06 2.337627282648401892e-34
2.497963000000000000e+06 6.886534702754526782e-37
3.147267500000000000e+06 2.114854631693600434e-40
3.970272000000000000e+06 6.922364226033742612e-46
5.004197000000000000e+06 2.328830047539588873e-55
6.286264000000000000e+06 3.766762375290246532e-72
7.940544000000000000e+06 3.168691340053931806e-102
1.000839400000000000e+07 9.999999999999999821e-201
