1.211760009765625000e+03 9.652323095965940707e-13
1.526073364257812500e+03 6.368794998248118124e-13
1.923100463867187500e+03 4.182847438290406041e-13
2.423520019531250000e+03 2.740014298209686626e-13
3.056282226562500000e+03 1.787565238983322199e-13
3.850336669921875000e+03 1.160218533615514447e-13
4.838769042968750000e+03 7.516729978223797958e-14
6.120835937500000000e+03 4.832716920925752182e-14
7.692401855468750000e+03 3.099778829609023916e-14
9.718894531250000000e+03 1.971875015058845825e-14
1.224167187500000000e+04 1.257010473877191122e-14
1.542616113281250000e+04 7.946015538991475750e-15
1.943778906250000000e+04 5.002606122996541948e-15
2.448334375000000000e+04 3.139337278558408706e-15
3.085232226562500000e+04 1.944552516193748848e-15
3.891693750000000000e+04 1.186454931950480165e-15
4.921482812500000000e+04 7.059089082571619754e-16
6.162192968750000000e+04 4.140109106187266627e-16
7.775115625000000000e+04 2.319734333328788742e-16
9.801609375000000000e+04 1.247361165858728547e-16
1.236574296875000000e+05 6.217566139347527161e-17
1.559158906250000000e+05 2.808222154700319025e-17
1.964457500000000000e+05 1.114866248310838072e-17
2.473148593750000000e+05 3.791515018403365914e-18
3.118317812500000000e+05 1.086747089592221199e-18
3.928915000000000000e+05 2.653052534350547375e-19
4.962840000000000000e+05 5.683723622259996045e-20
6.244907500000000000e+05 1.187123629672677199e-20
7.857830000000000000e+05 2.554938586298830284e-21
9.925680000000000000e+05 6.024504764894646109e-22
1.248981500000000000e+06 1.672435188229649807e-22
1.571566000000000000e+06 5.066592333832125292e-23
1.981000250000000000e+06 1.496509435142774046e-23
2.497963000000000000e+06 3.771430713297712124e-24
3.147267500000000000e+06 7.176273985741255909e-25
3.970272000000000000e+06 8.935628561838835100e-26
5.004197000000000000e+06 6.147198558634564342e-27
6.286264000000000000e+06 1.570153122912282172e-28
7.940544000000000000e+06 4.673238188223800837e-31
1.000839400000000000e+07 9.999999999999999821e-201
