1.211760009765625000e+03 8.518953545342843155e-15
1.526073364257812500e+03 5.528193173945182356e-15
1.923100463867187500e+03 3.578571166717495219e-15
2.423520019531250000e+03 2.310330237808621881e-15
3.056282226562500000e+03 1.486345682138066644e-15
3.850336669921875000e+03 9.524698036627075211e-16
4.838769042968750000e+03 6.112623619022940604e-16
6.120835937500000000e+03 3.894003065908534071e-16
7.692401855468750000e+03 2.488122599534304163e-16
9.718894531250000000e+03 1.562365386745738609e-16
1.224167187500000000e+04 9.842856160194848509e-17
1.542616113281250000e+04 6.081720782862332348e-17
1.943778906250000000e+04 3.641488226935753119e-17
2.448334375000000000e+04 2.083377720648229708e-17
3.085232226562500000e+04 1.119708704923653510e-17
3.891693750000000000e+04 5.590720702163948598e-18
4.921482812500000000e+04 2.566769634147044888e-18
6.162192968750000000e+04 1.084880118186869688e-18
7.775115625000000000e+04 3.859897443469445638e-19
9.801609375000000000e+04 1.114199503701155259e-19
1.236574296875000000e+05 2.460822985843000228e-20
1.559158906250000000e+05 3.977330453544341876e-21
1.964457500000000000e+05 4.584100898011474278e-22
2.473148593750000000e+05 3.778984848834239327e-23
3.118317812500000000e+05 2.329987660680557037e-24
3.928915000000000000e+05 1.242700894947059965e-25
4.962840000000000000e+05 6.519769957144411797e-27
6.244907500000000000e+05 4.316147622141516932e-28
7.857830000000000000e+05 3.591892659396604780e-29
9.925680000000000000e+05 3.072799057137103181e-30
1.248981500000000000e+06 2.158623896774841487e-31
1.571566000000000000e+06 8.728174308755248866e-33
1.981000250000000000e+06 1.410638462394137566e-34
2.497963000000000000e+06 6.291644785779107977e-37
3.147267500000000000e+06 3.844948930862767183e-40
3.970272000000000000e+06 4.809193394517583951e-45
5.004197000000000000e+06 2.293253610961755960e-53
6.286264000000000000e+06 4.662793864521362539e-68
7.940544000000000000e+06 1.573814504723021046e-94
1.000839400000000000e+07 9.999999999999999821e-201
