1.211760009765625000e+03 1.818373125175519044e-12
1.526073364257812500e+03 1.206510853705388635e-12
1.923100463867187500e+03 8.004695440868669419e-13
2.423520019531250000e+03 5.249402144938239551e-13
3.056282226562500000e+03 3.435696759039631413e-13
3.850336669921875000e+03 2.238867319396378286e-13
4.838769042968750000e+03 1.450315638985155160e-13
6.120835937500000000e+03 9.253717534864444813e-14
7.692401855468750000e+03 5.841833064030040088e-14
9.718894531250000000e+03 3.487686225967738003e-14
1.224167187500000000e+04 1.953869423243992904e-14
1.542616113281250000e+04 9.905370093077134434e-15
1.943778906250000000e+04 4.500753505111169214e-15
2.448334375000000000e+04 1.849448080686043987e-15
3.085232226562500000e+04 6.711348799881797382e-16
3.891693750000000000e+04 2.113944602791069805e-16
4.921482812500000000e+04 5.492629763741997097e-17
6.162192968750000000e+04 1.202167952683976253e-17
7.775115625000000000e+04 1.917758240099809391e-18
9.801609375000000000e+04 2.209190036998556590e-19
1.236574296875000000e+05 1.762561934037276397e-20
1.559158906250000000e+05 9.589883882636712689e-22
1.964457500000000000e+05 3.726128089281919248e-23
2.473148593750000000e+05 1.133605114279488951e-24
3.118317812500000000e+05 3.004506674426924629e-26
3.928915000000000000e+05 8.149533510502343928e-28
4.962840000000000000e+05 2.108612217430665265e-29
6.244907500000000000e+05 4.398960343336412962e-31
7.857830000000000000e+05 5.043644088993761731e-33
9.925680000000000000e+05 1.972959246289254400e-35
1.248981500000000000e+06 1.877067869189731571e-38
1.571566000000000000e+06 1.964799216867910766e-42
1.981000250000000000e+06 3.901418529966180334e-48
2.497963000000000000e+06 2.762692911504949095e-57
3.147267500000000000e+06 2.478413911272197772e-73
3.970272000000000000e+06 2.409454596209660557e-102
5.004197000000000000e+06 2.824716265652603535e-152
6.286264000000000000e+06 9.999999999999999821e-201
7.940544000000000000e+06 9.999999999999999821e-201
1.000839400000000000e+07 9.999999999999999821e-201
