1.211760009765625000e+03 3.574473198118999895e-11
1.526073364257812500e+03 1.849324013466456274e-11
1.923100463867187500e+03 9.260337668260184846e-12
2.423520019531250000e+03 4.583296644278020273e-12
3.056282226562500000e+03 2.227049510446072985e-12
3.850336669921875000e+03 1.101420812183521859e-12
4.838769042968750000e+03 5.707418815511768700e-13
6.120835937500000000e+03 3.204413415844159269e-13
7.692401855468750000e+03 2.018767034120398103e-13
9.718894531250000000e+03 1.302365417311509654e-13
1.224167187500000000e+04 9.532485223612293326e-14
1.542616113281250000e+04 6.846943592821048767e-14
1.943778906250000000e+04 4.785144045145579262e-14
2.448334375000000000e+04 3.198424830379467509e-14
3.085232226562500000e+04 2.018545326677074115e-14
3.891693750000000000e+04 1.188302471160531647e-14
4.921482812500000000e+04 6.440559416026382174e-15
6.162192968750000000e+04 3.235412685398627744e-15
7.775115625000000000e+04 1.391334168420486201e-15
9.801609375000000000e+04 4.953743949253611353e-16
1.236574296875000000e+05 1.363423113671898389e-16
1.559158906250000000e+05 2.795349801290803796e-17
1.964457500000000000e+05 4.127783597298374516e-18
2.473148593750000000e+05 4.348753724914621659e-19
3.118317812500000000e+05 3.387074754039129053e-20
3.928915000000000000e+05 2.207248294371928857e-21
4.962840000000000000e+05 1.378381902879889957e-22
6.244907500000000000e+05 1.043423444065171795e-23
7.857830000000000000e+05 9.973516350303941924e-25
9.925680000000000000e+05 1.050618241673353052e-25
1.248981500000000000e+06 1.005703721893092083e-26
1.571566000000000000e+06 6.170409651846713945e-28
1.981000250000000000e+06 1.756049666674143752e-29
2.497963000000000000e+06 1.665484863755898837e-31
3.147267500000000000e+06 3.194288856583459472e-34
3.970272000000000000e+06 3.089373141604563637e-38
5.004197000000000000e+06 7.354409550955381727e-45
6.286264000000000000e+06 1.887431331750273451e-56
7.940544000000000000e+06 1.632100819567252431e-77
1.000839400000000000e+07 9.999999999999999821e-201
