1.211760009765625000e+03 3.263107936958807550e-11
1.526073364257812500e+03 1.898771179601922997e-11
1.923100463867187500e+03 1.098683952383780901e-11
2.423520019531250000e+03 6.227100704650516025e-12
3.056282226562500000e+03 3.529641886889036415e-12
3.850336669921875000e+03 1.961241750153863704e-12
4.838769042968750000e+03 1.078042118884743531e-12
6.120835937500000000e+03 5.704746306069214376e-13
7.692401855468750000e+03 2.940248404073630562e-13
9.718894531250000000e+03 1.407854529786085948e-13
1.224167187500000000e+04 6.129703484163117378e-14
1.542616113281250000e+04 2.338625849059098794e-14
1.943778906250000000e+04 7.603826111918504450e-15
2.448334375000000000e+04 2.123032591395369152e-15
3.085232226562500000e+04 3.897631353325395531e-18
3.891693750000000000e+04 1.675261683527690890e-18
4.921482812500000000e+04 5.960140857585042569e-19
6.162192968750000000e+04 1.792043146430207114e-19
7.775115625000000000e+04 3.925012530428145973e-20
9.801609375000000000e+04 6.231319551999833839e-21
1.236574296875000000e+05 6.765120206498851815e-22
1.559158906250000000e+05 5.003277976765446811e-23
1.964457500000000000e+05 2.612551913309343968e-24
2.473148593750000000e+05 1.059904551800507051e-25
3.118317812500000000e+05 3.707160319775319418e-27
3.928915000000000000e+05 1.323813671144866772e-28
4.962840000000000000e+05 4.530928188662002387e-30
6.244907500000000000e+05 1.266542922397544116e-31
7.857830000000000000e+05 1.959063093776318025e-33
9.925680000000000000e+05 1.038281955598644634e-35
1.248981500000000000e+06 1.351411447604745841e-38
1.571566000000000000e+06 1.998528302887427959e-42
1.981000250000000000e+06 6.267295007096797105e-48
2.497963000000000000e+06 9.296600725702714062e-57
3.147267500000000000e+06 3.216354683271450470e-72
3.970272000000000000e+06 3.339260119737777001e-100
5.004197000000000000e+06 1.484774945379090444e-148
6.286264000000000000e+06 9.999999999999999821e-201
7.940544000000000000e+06 9.999999999999999821e-201
1.000839400000000000e+07 9.999999999999999821e-201
