1.211760009765625000e+03 3.001561117584247118e-11
1.526073364257812500e+03 1.987776078645763485e-11
1.923100463867187500e+03 1.326268485377564184e-11
2.423520019531250000e+03 8.904754007650240363e-12
3.056282226562500000e+03 5.973240116273755238e-12
3.850336669921875000e+03 3.992947275762356701e-12
4.838769042968750000e+03 2.681124923912200753e-12
6.120835937500000000e+03 1.786999590747322791e-12
7.692401855468750000e+03 1.172305492720970257e-12
9.718894531250000000e+03 7.314630355357997899e-13
1.224167187500000000e+04 4.264141554200430249e-13
1.542616113281250000e+04 2.250375817019133059e-13
1.943778906250000000e+04 1.062352739081437007e-13
2.448334375000000000e+04 4.492488608577700207e-14
3.085232226562500000e+04 1.688089769807597994e-14
3.891693750000000000e+04 5.464372873309204011e-15
4.921482812500000000e+04 1.447462779699224641e-15
6.162192968750000000e+04 3.217293835988734458e-16
7.775115625000000000e+04 5.152497722528333195e-17
9.801609375000000000e+04 5.927077910220458928e-18
1.236574296875000000e+05 4.645064930518578015e-19
1.559158906250000000e+05 2.462753408252422308e-20
1.964457500000000000e+05 9.199755455414098028e-22
2.473148593750000000e+05 2.645231872869641219e-23
3.118317812500000000e+05 6.734460788519178376e-25
3.928915000000000000e+05 1.736187487289108461e-26
4.962840000000000000e+05 4.347354670889323571e-28
6.244907500000000000e+05 8.962087345620049448e-30
7.857830000000000000e+05 1.035210182184959407e-31
9.925680000000000000e+05 4.177273914385244627e-34
1.248981500000000000e+06 4.229881984545357383e-37
1.571566000000000000e+06 5.030778141751113560e-41
1.981000250000000000e+06 1.337022934847316910e-46
2.497963000000000000e+06 1.824520035472137160e-55
3.147267500000000000e+06 6.086332708344437291e-71
3.970272000000000000e+06 6.128786649129403458e-99
5.004197000000000000e+06 2.634278128898386189e-147
6.286264000000000000e+06 9.999999999999999821e-201
7.940544000000000000e+06 9.999999999999999821e-201
1.000839400000000000e+07 9.999999999999999821e-201
