1.211760009765625000e+03 8.855228027395848848e-11
1.526073364257812500e+03 5.073279245498887830e-11
1.923100463867187500e+03 2.887969713491311682e-11
2.423520019531250000e+03 1.625326663256200432e-11
3.056282226562500000e+03 9.085966960578212828e-12
3.850336669921875000e+03 4.977949016002692309e-12
4.838769042968750000e+03 2.697750142335170745e-12
6.120835937500000000e+03 1.424688764759124516e-12
7.692401855468750000e+03 7.368848684705003662e-13
9.718894531250000000e+03 3.684838864041449080e-13
1.224167187500000000e+04 1.773211284996573985e-13
1.542616113281250000e+04 8.134126897672726764e-14
1.943778906250000000e+04 3.433703358149236341e-14
2.448334375000000000e+04 1.318219923873771886e-14
3.085232226562500000e+04 1.350809375636646711e-16
3.891693750000000000e+04 9.444416630805020480e-17
4.921482812500000000e+04 6.111352824330426383e-17
6.162192968750000000e+04 3.662798752379857945e-17
7.775115625000000000e+04 1.881527316163953584e-17
9.801609375000000000e+04 7.983962862098001423e-18
1.236574296875000000e+05 2.627754843203515870e-18
1.559158906250000000e+05 6.426098959619321082e-19
1.964457500000000000e+05 1.133687341844680491e-19
2.473148593750000000e+05 1.439681496779416793e-20
3.118317812500000000e+05 1.358775401928867455e-21
3.928915000000000000e+05 1.090175489242144331e-22
4.962840000000000000e+05 8.423450478745930546e-24
6.244907500000000000e+05 7.915196483196317173e-25
7.857830000000000000e+05 9.335251447333268883e-26
9.925680000000000000e+05 1.186240194080964231e-26
1.248981500000000000e+06 1.308123068117008474e-27
1.571566000000000000e+06 8.971058883618675726e-29
1.981000250000000000e+06 2.680233210629760389e-30
2.497963000000000000e+06 2.506938534878625745e-32
3.147267500000000000e+06 4.150755018160907059e-35
3.970272000000000000e+06 2.627381735498877164e-39
5.004197000000000000e+06 2.522570436740540205e-46
6.286264000000000000e+06 1.242486241362014500e-58
7.940544000000000000e+06 5.870568996972728264e-81
1.000839400000000000e+07 9.999999999999999821e-201
