1.211760009765625000e+03 1.556826305800957885e-13
1.526073364257812500e+03 1.038390488844801588e-13
1.923100463867187500e+03 6.906014532261832745e-14
2.423520019531250000e+03 4.583296644278020576e-14
3.056282226562500000e+03 3.027009645018719985e-14
3.850336669921875000e+03 1.995096764847830356e-14
4.838769042968750000e+03 1.312992949663430605e-14
6.120835937500000000e+03 8.552639479635958213e-15
7.692401855468750000e+03 5.584660189057211307e-15
9.718894531250000000e+03 3.590655826206314871e-15
1.224167187500000000e+04 2.296630015293225520e-15
1.542616113281250000e+04 1.448456727830049414e-15
1.943778906250000000e+04 8.921268523783493042e-16
2.448334375000000000e+04 5.251281283586904361e-16
3.085232226562500000e+04 2.919916558063164599e-16
3.891693750000000000e+04 1.515665135951847183e-16
4.921482812500000000e+04 7.254593496404627904e-17
6.162192968750000000e+04 3.215767606052639650e-17
7.775115625000000000e+04 1.211186046521838108e-17
9.801609375000000000e+04 3.756759093438974063e-18
1.236574296875000000e+05 8.966536266837489952e-19
1.559158906250000000e+05 1.580404827222751568e-19
1.964457500000000000e+05 2.004352452614603219e-20
2.473148593750000000e+05 1.820756803703596450e-21
3.118317812500000000e+05 1.235940395752691313e-22
3.928915000000000000e+05 7.218607622747386468e-24
4.962840000000000000e+05 4.137046115877103794e-25
6.244907500000000000e+05 2.940147168475510648e-26
7.857830000000000000e+05 2.662304516075796456e-27
9.925680000000000000e+05 2.548103165263637640e-28
1.248981500000000000e+06 2.082712538669389773e-29
1.571566000000000000e+06 1.025637275483836082e-30
1.981000250000000000e+06 2.144367075943855051e-32
2.497963000000000000e+06 1.339000260022977206e-34
3.147267500000000000e+06 1.362619529942137470e-37
3.970272000000000000e+06 4.256354138755592071e-42
5.004197000000000000e+06 1.149537786967931133e-49
6.286264000000000000e+06 5.224381086725475754e-63
7.940544000000000000e+06 3.471516894132331746e-87
1.000839400000000000e+07 9.999999999999999821e-201
