1.211760009765625000e+03 1.357552538658435153e-13
1.526073364257812500e+03 7.891767715220491970e-14
1.923100463867187500e+03 5.006860535889828961e-14
2.423520019531250000e+03 3.381426528357497127e-14
3.056282226562500000e+03 2.360321280698896436e-14
3.850336669921875000e+03 1.661565382591612805e-14
4.838769042968750000e+03 1.177851206733704480e-14
6.120835937500000000e+03 8.235426215747706508e-15
7.692401855468750000e+03 5.740817431040511221e-15
9.718894531250000000e+03 3.924974625490999168e-15
1.224167187500000000e+04 2.612054847274994612e-15
1.542616113281250000e+04 1.632858418180652027e-15
1.943778906250000000e+04 9.427751614395441371e-16
2.448334375000000000e+04 4.971200354604608453e-16
3.085232226562500000e+04 2.381831101871504844e-16
3.891693750000000000e+04 1.007299568380792584e-16
4.921482812500000000e+04 3.690600940186745203e-17
6.162192968750000000e+04 1.161873691923517723e-17
7.775115625000000000e+04 2.759810483368318827e-18
9.801609375000000000e+04 4.875744749940430312e-19
1.236574296875000000e+05 6.037121008002003068e-20
1.559158906250000000e+05 5.084952366025778877e-21
1.964457500000000000e+05 2.945838118852816632e-22
2.473148593750000000e+05 1.241513677691441705e-23
3.118317812500000000e+05 4.238951974831135958e-25
3.928915000000000000e+05 1.437037071542768724e-26
4.962840000000000000e+05 5.417065674254922698e-28
6.244907500000000000e+05 2.452699508476172016e-29
7.857830000000000000e+05 9.618801331606512877e-31
9.925680000000000000e+05 2.133669713333136736e-32
1.248981500000000000e+06 2.031213839653161068e-34
1.571566000000000000e+06 5.057606758239677447e-37
1.981000250000000000e+06 1.674931002281558618e-40
2.497963000000000000e+06 1.802130202758817316e-45
3.147267500000000000e+06 2.049330113136931130e-53
3.970272000000000000e+06 1.471237771468966511e-67
5.004197000000000000e+06 4.002422574296524473e-93
6.286264000000000000e+06 1.000801040591047399e-136
7.940544000000000000e+06 9.999999999999999821e-201
1.000839400000000000e+07 9.999999999999999821e-201
