1.211760009765625000e+03 6.887399576863438452e-10
1.526073364257812500e+03 4.015109890199899186e-10
1.923100463867187500e+03 2.322932160851707569e-10
2.423520019531250000e+03 1.320188707319212077e-10
3.056282226562500000e+03 7.456418538300599249e-11
3.850336669921875000e+03 4.115639874340472125e-11
4.838769042968750000e+03 2.230048482771061055e-11
6.120835937500000000e+03 1.178492394605945625e-11
7.692401855468750000e+03 6.060205624438116952e-12
9.718894531250000000e+03 3.024776819033119471e-12
1.224167187500000000e+04 1.450655486043241864e-12
1.542616113281250000e+04 6.756748823566976626e-13
1.943778906250000000e+04 7.249002610887146090e-14
2.448334375000000000e+04 5.087775866741261322e-14
3.085232226562500000e+04 3.437418280170213530e-14
3.891693750000000000e+04 2.213798985510824499e-14
4.921482812500000000e+04 1.338152580611341830e-14
6.162192968750000000e+04 7.685585511025119555e-15
7.775115625000000000e+04 3.959649217076679196e-15
9.801609375000000000e+04 1.782045823669596929e-15
1.236574296875000000e+05 6.637660233501438234e-16
1.559158906250000000e+05 1.959036458992462094e-16
1.964457500000000000e+05 4.387215134082829771e-17
2.473148593750000000e+05 7.382314974887243242e-18
3.118317812500000000e+05 9.305983775433227120e-19
3.928915000000000000e+05 9.503031217082435852e-20
4.962840000000000000e+05 8.665877105950563061e-21
6.244907500000000000e+05 8.742071908631272092e-22
7.857830000000000000e+05 1.062910821844610017e-22
9.925680000000000000e+05 1.547998465808444130e-23
1.248981500000000000e+06 2.489911136123638608e-24
1.571566000000000000e+06 3.423673191136647408e-25
1.981000250000000000e+06 3.052271906114807756e-26
2.497963000000000000e+06 1.397576233746575526e-27
3.147267500000000000e+06 2.530741495372135613e-29
3.970272000000000000e+06 1.036664245103106468e-31
5.004197000000000000e+06 2.710999245469330383e-35
6.286264000000000000e+06 3.237776349440967563e-41
7.940544000000000000e+06 6.048772284101450377e-52
1.000839400000000000e+07 9.999999999999999821e-201
