1.211760009765625000e+03 7.049309512666738291e-10
1.526073364257812500e+03 4.094225356016646459e-10
1.923100463867187500e+03 2.346475392211690899e-10
2.423520019531250000e+03 1.326416012542416454e-10
3.056282226562500000e+03 7.407038283080066189e-11
3.850336669921875000e+03 4.037246733876844755e-11
4.838769042968750000e+03 2.173907402085915171e-11
6.120835937500000000e+03 1.139044950435035278e-11
7.692401855468750000e+03 5.864082465071189554e-12
9.718894531250000000e+03 2.916195087067827640e-12
1.224167187500000000e+04 1.438361795483553639e-12
1.542616113281250000e+04 2.621152560866499901e-13
1.943778906250000000e+04 1.854042596495244863e-13
2.448334375000000000e+04 1.279245596804059780e-13
3.085232226562500000e+04 8.451953692687215600e-14
3.891693750000000000e+04 5.331825725666915320e-14
4.921482812500000000e+04 3.175995048919323788e-14
6.162192968750000000e+04 1.779965046539031530e-14
7.775115625000000000e+04 8.962169009844333707e-15
9.801609375000000000e+04 3.959629264526002814e-15
1.236574296875000000e+05 1.440948650129864572e-15
1.559158906250000000e+05 4.139359428303010092e-16
1.964457500000000000e+05 9.056339674371784567e-17
2.473148593750000000e+05 1.480099603339461651e-17
3.118317812500000000e+05 1.804104830083988409e-18
3.928915000000000000e+05 1.804091082617993727e-19
4.962840000000000000e+05 1.613888044023181484e-20
6.244907500000000000e+05 1.607338618121358410e-21
7.857830000000000000e+05 1.907313844076565164e-22
9.925680000000000000e+05 2.740424198171329718e-23
1.248981500000000000e+06 4.336013473810324229e-24
1.571566000000000000e+06 5.840383678997810501e-25
1.981000250000000000e+06 5.139745221216314381e-26
2.497963000000000000e+06 2.321957364728562273e-27
3.147267500000000000e+06 4.153717019578178745e-29
3.970272000000000000e+06 1.673047876712404158e-31
5.004197000000000000e+06 4.349013526416062621e-35
6.286264000000000000e+06 5.147968885984310824e-41
7.940544000000000000e+06 9.255350362420291353e-52
1.000839400000000000e+07 9.999999999999999821e-201
