1.211760009765625000e+03 1.967828450532410783e-11
1.526073364257812500e+03 1.107616521434455108e-11
1.923100463867187500e+03 6.097696922235731626e-12
2.423520019531250000e+03 3.319153683967642886e-12
3.056282226562500000e+03 1.767813136895108739e-12
3.850336669921875000e+03 9.132799675516619766e-13
4.838769042968750000e+03 4.616011268981667686e-13
6.120835937500000000e+03 2.231155231238844503e-13
7.692401855468750000e+03 1.045201489898724372e-13
9.718894531250000000e+03 4.620928861575893051e-14
1.224167187500000000e+04 1.965238329865044857e-14
1.542616113281250000e+04 8.036290641338843840e-15
1.943778906250000000e+04 1.214771237500626937e-15
2.448334375000000000e+04 8.914502602013962606e-16
3.085232226562500000e+04 6.264060581390523503e-16
3.891693750000000000e+04 4.163434340874324910e-16
4.921482812500000000e+04 2.583231941210148341e-16
6.162192968750000000e+04 1.509278996991904035e-16
7.775115625000000000e+04 7.841276823231658399e-17
9.801609375000000000e+04 3.521070455706377148e-17
1.236574296875000000e+05 1.280242157661936193e-17
1.559158906250000000e+05 3.625998495626774470e-18
1.964457500000000000e+05 7.729994933907972860e-19
2.473148593750000000e+05 1.223400108066198528e-19
3.118317812500000000e+05 1.443459353518810173e-20
3.928915000000000000e+05 1.399976340604774577e-21
4.962840000000000000e+05 1.232343874119680025e-22
6.244907500000000000e+05 1.220096147145738457e-23
7.857830000000000000e+05 1.459591252543260902e-24
9.925680000000000000e+05 2.041364666043439628e-25
1.248981500000000000e+06 3.045530771117694795e-26
1.571566000000000000e+06 3.594739712566353314e-27
1.981000250000000000e+06 2.570468669150983223e-28
2.497963000000000000e+06 8.488517568379374999e-30
3.147267500000000000e+06 9.554500925196520024e-32
3.970272000000000000e+06 1.779146368664790512e-34
5.004197000000000000e+06 1.056944689226939590e-38
6.286264000000000000e+06 7.579178735120590879e-46
7.940544000000000000e+06 7.030774955223368947e-59
1.000839400000000000e+07 9.999999999999999821e-201
