1.211760009765625000e+03 1.569280916247365540e-12
1.526073364257812500e+03 1.068058788526081706e-12
1.923100463867187500e+03 7.306249465381553322e-13
2.423520019531250000e+03 5.000526094232676514e-13
3.056282226562500000e+03 3.417113661260936818e-13
3.850336669921875000e+03 2.328275968779773298e-13
4.838769042968750000e+03 1.584414678812626938e-13
6.120835937500000000e+03 1.069968365036086506e-13
7.692401855468750000e+03 7.236010314683477684e-14
9.718894531250000000e+03 4.838019479233821141e-14
1.224167187500000000e+04 3.230360504715667831e-14
1.542616113281250000e+04 2.130101133848850380e-14
1.943778906250000000e+04 1.380764822749159643e-14
2.448334375000000000e+04 8.741963841974983347e-15
3.085232226562500000e+04 5.290591707255509855e-15
3.891693750000000000e+04 3.033359305494150534e-15
4.921482812500000000e+04 1.630788408687627638e-15
6.162192968750000000e+04 8.307271173525688168e-16
7.775115625000000000e+04 3.772289931176311045e-16
9.801609375000000000e+04 1.488610974838240538e-16
1.236574296875000000e+05 4.815070062002856828e-17
1.559158906250000000e+05 1.222246683919137334e-17
1.964457500000000000e+05 2.345425813279769428e-18
2.473148593750000000e+05 3.365861911813099392e-19
3.118317812500000000e+05 3.650447399825563479e-20
3.928915000000000000e+05 3.243064458740418140e-21
4.962840000000000000e+05 2.672923139711106484e-22
6.244907500000000000e+05 2.494142123927172837e-23
7.857830000000000000e+05 2.856806810533390894e-24
9.925680000000000000e+05 3.880836123357307600e-25
1.248981500000000000e+06 5.576323947116905769e-26
1.571566000000000000e+06 6.364997839681708418e-27
1.981000250000000000e+06 4.350495244570198355e-28
2.497963000000000000e+06 1.377232179581053219e-29
3.147267500000000000e+06 1.473560142690102022e-31
3.970272000000000000e+06 2.602915509224652112e-34
5.004197000000000000e+06 1.484385556193716482e-38
6.286264000000000000e+06 1.016810612484000310e-45
7.940544000000000000e+06 9.168510583500747132e-59
1.000839400000000000e+07 9.999999999999999821e-201
