1.211760009765625000e+03 2.852105792227355016e-13
1.526073364257812500e+03 1.839434580239363044e-13
1.923100463867187500e+03 1.185009311785837355e-13
2.423520019531250000e+03 7.534967148758502191e-14
3.056282226562500000e+03 4.808930660581325985e-14
3.850336669921875000e+03 3.047178663945460869e-14
4.838769042968750000e+03 1.925751957386728791e-14
6.120835937500000000e+03 1.201867483574095657e-14
7.692401855468750000e+03 7.452552414242612612e-15
9.718894531250000000e+03 4.447874384481501678e-15
1.224167187500000000e+04 2.516778993251292223e-15
1.542616113281250000e+04 1.312866843581092011e-15
1.943778906250000000e+04 6.171487200446185779e-16
2.448334375000000000e+04 2.617262204106514101e-16
3.085232226562500000e+04 9.941371859156599490e-17
3.891693750000000000e+04 3.304469080366567639e-17
4.921482812500000000e+04 9.179418518746653942e-18
6.162192968750000000e+04 2.163856183955886971e-18
7.775115625000000000e+04 3.750055607373512705e-19
9.801609375000000000e+04 4.723245537094254177e-20
1.236574296875000000e+05 4.075816613884939163e-21
1.559158906250000000e+05 2.394780333044631880e-22
1.964457500000000000e+05 9.836390122099124569e-24
2.473148593750000000e+05 3.088335233715099092e-25
3.118317812500000000e+05 8.295092889955022738e-27
3.928915000000000000e+05 2.300443401971409830e-28
4.962840000000000000e+05 6.695675943051229967e-30
6.244907500000000000e+05 1.850450325397479077e-31
7.857830000000000000e+05 3.254857167430927253e-33
9.925680000000000000e+05 2.343623805405707054e-35
1.248981500000000000e+06 5.042413074937103634e-38
1.571566000000000000e+06 1.713187369968838684e-41
1.981000250000000000e+06 2.689685385750797895e-46
2.497963000000000000e+06 1.116506828472314728e-53
3.147267500000000000e+06 2.529132366064969843e-66
3.970272000000000000e+06 2.600629736501673268e-89
5.004197000000000000e+06 8.268023573766171456e-130
6.286264000000000000e+06 1.557815445937879064e-195
7.940544000000000000e+06 9.999999999999999821e-201
1.000839400000000000e+07 9.999999999999999821e-201
