1.211760009765625000e+03 1.569280916247365540e-13
1.526073364257812500e+03 9.127946868607160798e-14
1.923100463867187500e+03 5.195206386769697230e-14
2.423520019531250000e+03 2.908146859856290513e-14
3.056282226562500000e+03 1.585003335649469371e-14
3.850336669921875000e+03 8.462801892971302809e-15
4.838769042968750000e+03 4.390688111176862836e-15
6.120835937500000000e+03 2.166897362488984987e-15
7.692401855468750000e+03 1.028025971550398823e-15
9.718894531250000000e+03 4.489305509205044151e-16
1.224167187500000000e+04 1.770451174054817965e-16
1.542616113281250000e+04 9.054955432173368988e-20
1.943778906250000000e+04 5.857135234007023141e-20
2.448334375000000000e+04 3.418606618235952367e-20
3.085232226562500000e+04 1.791026882830293212e-20
3.891693750000000000e+04 8.342867684392224021e-21
4.921482812500000000e+04 3.281625834496127426e-21
6.162192968750000000e+04 1.090928715078967875e-21
7.775115625000000000e+04 2.717710473136023901e-22
9.801609375000000000e+04 4.941362688090587799e-23
1.236574296875000000e+05 6.171384184052710895e-24
1.559158906250000000e+05 5.163375727460209299e-25
1.964457500000000000e+05 2.964437686083763162e-26
2.473148593750000000e+05 1.262310782224636253e-27
3.118317812500000000e+05 4.441242426769427366e-29
3.928915000000000000e+05 1.573585954815149700e-30
4.962840000000000000e+05 6.031101595299067655e-32
6.244907500000000000e+05 2.456538542349462813e-33
7.857830000000000000e+05 7.160081751136966647e-35
9.925680000000000000e+05 9.588747020753926990e-37
1.248981500000000000e+06 4.457688064273239302e-39
1.571566000000000000e+06 4.199524653339354010e-42
1.981000250000000000e+06 3.238781673683002020e-46
2.497963000000000000e+06 2.548772912883698301e-52
3.147267500000000000e+06 1.680630226153350414e-62
3.970272000000000000e+06 5.934660670347399910e-81
5.004197000000000000e+06 5.241836645093819185e-114
6.286264000000000000e+06 5.006203841187935184e-169
7.940544000000000000e+06 9.999999999999999821e-201
1.000839400000000000e+07 9.999999999999999821e-201
