1.211760009765625000e+03 5.641938532222672766e-13
1.526073364257812500e+03 3.767874059522565507e-13
1.923100463867187500e+03 2.511278011731575911e-13
2.423520019531250000e+03 1.662690494595423205e-13
3.056282226562500000e+03 1.096241665895849709e-13
3.850336669921875000e+03 7.212118719164876553e-14
4.838769042968750000e+03 4.740409786774526602e-14
6.120835937500000000e+03 3.080716936526804640e-14
7.692401855468750000e+03 1.998366305979925741e-14
9.718894531250000000e+03 1.283978446644660893e-14
1.224167187500000000e+04 8.172945460113068656e-15
1.542616113281250000e+04 5.115786530823954252e-15
1.943778906250000000e+04 3.105296663069082680e-15
2.448334375000000000e+04 1.799601954494006805e-15
3.085232226562500000e+04 9.830136482124201917e-16
3.891693750000000000e+04 4.992324441952033968e-16
4.921482812500000000e+04 2.322980287115320440e-16
6.162192968750000000e+04 9.962923609580169731e-17
7.775115625000000000e+04 3.621955361435397460e-17
9.801609375000000000e+04 1.064273097673473843e-17
1.236574296875000000e+05 2.397972935065837837e-18
1.559158906250000000e+05 3.952329058995293721e-19
1.964457500000000000e+05 4.648733773196312400e-20
2.473148593750000000e+05 3.933905283280842502e-21
3.118317812500000000e+05 2.468852772243890068e-22
3.928915000000000000e+05 1.341453958992608663e-23
4.962840000000000000e+05 7.219874012809378712e-25
6.244907500000000000e+05 4.857246660932150996e-26
7.857830000000000000e+05 4.134155009571805327e-27
9.925680000000000000e+05 3.644226290898307819e-28
1.248981500000000000e+06 2.637381386651183844e-29
1.571566000000000000e+06 1.107061668128512466e-30
1.981000250000000000e+06 1.874490960917131474e-32
2.497963000000000000e+06 8.806740049969924755e-35
3.147267500000000000e+06 5.775448797784614782e-38
3.970272000000000000e+06 8.051219045012747188e-43
5.004197000000000000e+06 4.586106995893840126e-51
6.286264000000000000e+06 1.253536706340767251e-65
7.940544000000000000e+06 6.793202316174745996e-92
1.000839400000000000e+07 9.999999999999999821e-201
