1.211760009765625000e+03 1.382461759551250513e-12
1.526073364257812500e+03 7.881878281993399851e-13
1.923100463867187500e+03 4.457518470823547015e-13
2.423520019531250000e+03 2.484694784058329193e-13
3.056282226562500000e+03 1.353018993042625219e-13
3.850336669921875000e+03 7.251315016551642159e-14
4.838769042968750000e+03 3.773615685524459461e-14
6.120835937500000000e+03 1.905115353548175391e-14
7.692401855468750000e+03 9.266933948318674887e-15
9.718894531250000000e+03 4.300554315267659766e-15
1.224167187500000000e+04 1.890756039279889017e-15
1.542616113281250000e+04 2.629077679106187773e-17
1.943778906250000000e+04 1.947998601138244189e-17
2.448334375000000000e+04 1.366654237905593408e-17
3.085232226562500000e+04 8.972233661866089234e-18
3.891693750000000000e+04 5.450335858644882164e-18
4.921482812500000000e+04 3.025276652987394054e-18
6.162192968750000000e+04 1.542408173631300203e-18
7.775115625000000000e+04 6.560522918826379839e-19
9.801609375000000000e+04 2.268548015747356340e-19
1.236574296875000000e+05 5.928846469375379578e-20
1.559158906250000000e+05 1.125765859017102110e-20
1.964457500000000000e+05 1.508034280313013161e-21
2.473148593750000000e+05 1.454436812480592887e-22
3.118317812500000000e+05 1.025612203048980427e-23
3.928915000000000000e+05 6.220992734828224458e-25
4.962840000000000000e+05 3.682742458634699783e-26
6.244907500000000000e+05 2.680050774234463366e-27
7.857830000000000000e+05 2.428097223550673987e-28
9.925680000000000000e+05 2.278600438730100329e-29
1.248981500000000000e+06 1.760795087619721167e-30
1.571566000000000000e+06 7.894981617330826119e-32
1.981000250000000000e+06 1.421317322014088651e-33
2.497963000000000000e+06 7.126064467914594934e-36
3.147267500000000000e+06 4.962699073576117660e-39
3.970272000000000000e+06 7.343287713185993057e-44
5.004197000000000000e+06 4.423002772190503301e-52
6.286264000000000000e+06 1.271971069669308238e-66
7.940544000000000000e+06 7.274387480237124887e-93
1.000839400000000000e+07 9.999999999999999821e-201
