1.211760009765625000e+03 9.926324525786909117e-12
1.526073364257812500e+03 5.824876170757982275e-12
1.923100463867187500e+03 3.398073059624288052e-12
2.423520019531250000e+03 1.955373840086003451e-12
3.056282226562500000e+03 1.106117356742841545e-12
3.850336669921875000e+03 6.192888335700351376e-13
4.838769042968750000e+03 3.398960871182239960e-13
6.120835937500000000e+03 1.808247054739079094e-13
7.692401855468750000e+03 9.413437238862292853e-14
9.718894531250000000e+03 4.719484028231728668e-14
1.224167187500000000e+04 2.272314509699855007e-14
1.542616113281250000e+04 1.009504551229139623e-14
1.943778906250000000e+04 4.097040709807846776e-15
2.448334375000000000e+04 5.165772961936798009e-18
3.085232226562500000e+04 3.470544910932968982e-18
3.891693750000000000e+04 2.132973447629605632e-18
4.921482812500000000e+04 1.175339696432231390e-18
6.162192968750000000e+04 5.879439043517702808e-19
7.775115625000000000e+04 2.367350582545935012e-19
9.801609375000000000e+04 7.548878368548792975e-20
1.236574296875000000e+05 1.784165440178575103e-20
1.559158906250000000e+05 2.960601632851706742e-21
1.964457500000000000e+05 3.381168889979917907e-22
2.473148593750000000e+05 2.763697455986506546e-23
3.118317812500000000e+05 1.700535208088971964e-24
3.928915000000000000e+05 9.324638442737223397e-26
4.962840000000000000e+05 5.272659467928345453e-27
6.244907500000000000e+05 3.816582895899658931e-28
7.857830000000000000e+05 3.258733811245542281e-29
9.925680000000000000e+05 2.392724327937946049e-30
1.248981500000000000e+06 1.171682909873184347e-31
1.571566000000000000e+06 2.561181406130776437e-33
1.981000250000000000e+06 1.626728513139677245e-35
2.497963000000000000e+06 1.850866727832237295e-38
3.147267500000000000e+06 1.141416275309965688e-42
3.970272000000000000e+06 1.664019068917472821e-49
5.004197000000000000e+06 1.369820944678697566e-61
6.286264000000000000e+06 5.152999142186260776e-83
7.940544000000000000e+06 8.659888970169102670e-121
1.000839400000000000e+07 9.999999999999999821e-201
