1.211760009765625000e+03 4.508568981599575151e-12
1.526073364257812500e+03 2.640478671633924324e-12
1.923100463867187500e+03 1.538157782185590056e-12
2.423520019531250000e+03 8.780500364717402837e-13
3.056282226562500000e+03 4.893583292354896605e-13
3.850336669921875000e+03 2.688883273031445368e-13
4.838769042968750000e+03 1.437807912878636338e-13
6.120835937500000000e+03 7.420277254140966102e-14
7.692401855468750000e+03 3.705519210351180655e-14
9.718894531250000000e+03 1.766835707846738955e-14
1.224167187500000000e+04 8.021831774305923206e-15
1.542616113281250000e+04 3.365315810764575812e-15
1.943778906250000000e+04 1.291415503548373868e-15
2.448334375000000000e+04 1.528485608042392993e-18
3.085232226562500000e+04 1.091025299188977251e-18
3.891693750000000000e+04 7.327142308364702490e-19
4.921482812500000000e+04 4.571251978744118283e-19
6.162192968750000000e+04 2.684600610754754235e-19
7.775115625000000000e+04 1.369239865913517399e-19
9.801609375000000000e+04 5.924550892549631837e-20
1.236574296875000000e+05 2.035271647462762457e-20
1.559158906250000000e+05 5.320403609810560570e-21
1.964457500000000000e+05 1.023591976044958270e-21
2.473148593750000000e+05 1.444525738962775066e-22
3.118317812500000000e+05 1.502098620336336220e-23
3.928915000000000000e+05 1.296982965819208621e-24
4.962840000000000000e+05 1.038612346079686054e-25
6.244907500000000000e+05 9.718507770096201737e-27
7.857830000000000000e+05 1.128915691599045336e-27
9.925680000000000000e+05 1.500360459280198176e-28
1.248981500000000000e+06 1.935298545986036787e-29
1.571566000000000000e+06 1.815209169641317697e-30
1.981000250000000000e+06 9.091036854274197009e-32
2.497963000000000000e+06 1.827361489688310045e-33
3.147267500000000000e+06 1.013893358262138767e-35
3.970272000000000000e+06 5.809185412745868791e-39
5.004197000000000000e+06 3.822843137842441424e-44
6.286264000000000000e+06 4.234211376560133730e-53
7.940544000000000000e+06 1.729935796743009874e-69
1.000839400000000000e+07 9.999999999999999821e-201
