1.211760009765625000e+03 5.118844893473550278e-15
1.526073364257812500e+03 3.421743896574298500e-15
1.923100463867187500e+03 2.275845698131740401e-15
2.423520019531250000e+03 1.513235169238531298e-15
3.056282226562500000e+03 9.974811554547824321e-16
3.850336669921875000e+03 6.585024109709675828e-16
4.838769042968750000e+03 4.335374959260442580e-16
6.120835937500000000e+03 2.835494981460703606e-16
7.692401855468750000e+03 1.871531569428723524e-16
9.718894531250000000e+03 1.221708110957472954e-16
1.224167187500000000e+04 7.981783925975123326e-17
1.542616113281250000e+04 5.202839828221364595e-17
1.943778906250000000e+04 3.372039293729366546e-17
2.448334375000000000e+04 2.169981020686416346e-17
3.085232226562500000e+04 1.376243592469985333e-17
3.891693750000000000e+04 8.511178183440757877e-18
4.921482812500000000e+04 5.076711017107160687e-18
6.162192968750000000e+04 2.958980242296409859e-18
7.775115625000000000e+04 1.628237687106851567e-18
9.801609375000000000e+04 8.309495548798836070e-19
1.236574296875000000e+05 3.828383145001164034e-19
1.559158906250000000e+05 1.519666251173607638e-19
1.964457500000000000e+05 5.025523978251125579e-20
2.473148593750000000e+05 1.357169483012145054e-20
3.118317812500000000e+05 2.939233775263823537e-21
3.928915000000000000e+05 5.291156371348958181e-22
4.962840000000000000e+05 8.303847635770869530e-23
6.244907500000000000e+05 1.317151771352802547e-23
7.857830000000000000e+05 2.284166423281383861e-24
9.925680000000000000e+05 4.602896639897148508e-25
1.248981500000000000e+06 1.115710716334651166e-25
1.571566000000000000e+06 2.801201372616588672e-26
1.981000250000000000e+06 6.123219013930247511e-27
2.497963000000000000e+06 9.729161101442577989e-28
3.147267500000000000e+06 9.498099530664447825e-29
3.970272000000000000e+06 4.629143276150269342e-30
5.004197000000000000e+06 7.610188031995294558e-32
6.286264000000000000e+06 1.728886985346692816e-34
7.940544000000000000e+06 5.251283458458837773e-39
1.000839400000000000e+07 9.999999999999999821e-201
