1.211760009765625000e+03 1.668917799818626986e-09
1.526073364257812500e+03 9.582860797053455665e-10
1.923100463867187500e+03 5.469877419302839173e-10
2.423520019531250000e+03 3.113652611601916465e-10
3.056282226562500000e+03 1.752993279353592518e-10
3.850336669921875000e+03 9.798392237365979993e-11
4.838769042968750000e+03 5.455849724215811478e-11
6.120835937500000000e+03 2.954276808245705083e-11
7.692401855468750000e+03 1.588341440296340139e-11
9.718894531250000000e+03 8.270068823866135156e-12
1.224167187500000000e+04 4.165407801688273673e-12
1.542616113281250000e+04 1.962059933093057342e-12
1.943778906250000000e+04 8.476416328767546211e-13
2.448334375000000000e+04 3.255352361231609719e-13
3.085232226562500000e+04 1.099334950908731793e-13
3.891693750000000000e+04 3.198602874872967031e-14
4.921482812500000000e+04 5.542316024235655338e-16
6.162192968750000000e+04 2.473313079204550517e-16
7.775115625000000000e+04 8.608564602734831578e-17
9.801609375000000000e+04 2.258572980438604339e-17
1.236574296875000000e+05 4.184458926340022402e-18
1.559158906250000000e+05 5.295857449028615251e-19
1.964457500000000000e+05 4.518177410350600112e-20
2.473148593750000000e+05 2.719720632053118627e-21
3.118317812500000000e+05 1.254898113362037631e-22
3.928915000000000000e+05 5.415368227242521453e-24
4.962840000000000000e+05 2.518402374635209514e-25
6.244907500000000000e+05 1.555232599445176298e-26
7.857830000000000000e+05 1.007457086978583215e-27
9.925680000000000000e+05 4.780048343105430953e-29
1.248981500000000000e+06 1.277291179064881557e-30
1.571566000000000000e+06 1.249787367436716811e-32
1.981000250000000000e+06 2.703065281637043847e-35
2.497963000000000000e+06 5.879755678864983234e-39
3.147267500000000000e+06 1.744852228740511567e-44
3.970272000000000000e+06 5.869919609145273871e-54
5.004197000000000000e+06 4.260022866716488457e-71
6.286264000000000000e+06 3.306558130781758622e-101
7.940544000000000000e+06 7.891382325571781870e-153
1.000839400000000000e+07 9.999999999999999821e-201
