1.211760009765625000e+03 1.967828450532410783e-11
1.526073364257812500e+03 1.295515752749228396e-11
1.923100463867187500e+03 8.710995603193902092e-12
2.423520019531250000e+03 5.934621877713251649e-12
3.056282226562500000e+03 4.083741892764619285e-12
3.850336669921875000e+03 2.818093830594020078e-12
4.838769042968750000e+03 1.945620026074330666e-12
6.120835937500000000e+03 1.332333812425713101e-12
7.692401855468750000e+03 9.112002980894904300e-13
9.718894531250000000e+03 6.138282360360528974e-13
1.224167187500000000e+04 4.078146196938291304e-13
1.542616113281250000e+04 2.616543494266023654e-13
1.943778906250000000e+04 1.593064102421251986e-13
2.448334375000000000e+04 8.996526767152803841e-14
3.085232226562500000e+04 4.660321002253783280e-14
3.891693750000000000e+04 2.199245394060022486e-14
4.921482812500000000e+04 9.180532679659627441e-15
6.162192968750000000e+04 3.409962621692284350e-15
7.775115625000000000e+04 1.003645971069014783e-15
9.801609375000000000e+04 2.268725593330959644e-16
1.236574296875000000e+05 3.705169893270530252e-17
1.559158906250000000e+05 4.222590833992117205e-18
1.964457500000000000e+05 3.299561766724891523e-19
2.473148593750000000e+05 1.838444385666351407e-20
3.118317812500000000e+05 7.788065890520785686e-22
3.928915000000000000e+05 3.035660709949107648e-23
4.962840000000000000e+05 1.249981745310519506e-24
6.244907500000000000e+05 6.827963597813329704e-26
7.857830000000000000e+05 4.220422184473976712e-27
9.925680000000000000e+05 2.052277474041338270e-28
1.248981500000000000e+06 6.104614604524646168e-30
1.571566000000000000e+06 7.293483944478902338e-32
1.981000250000000000e+06 2.214526637893197360e-34
2.497963000000000000e+06 8.905546347206741913e-38
3.147267500000000000e+06 9.602415270264655146e-43
3.970272000000000000e+06 5.020712248711955842e-51
5.004197000000000000e+06 7.606233045868121227e-66
6.286264000000000000e+06 5.742768214469683708e-92
7.940544000000000000e+06 2.554409344529292650e-137
1.000839400000000000e+07 9.999999999999999821e-201
