1.211760009765625000e+03 1.681372410265034685e-08
1.526073364257812500e+03 9.800428328049506919e-09
1.923100463867187500e+03 5.634680038822723049e-09
2.423520019531250000e+03 3.213289495173177395e-09
3.056282226562500000e+03 1.812255366593589337e-09
3.850336669921875000e+03 1.003430473351356727e-09
4.838769042968750000e+03 5.489161296576117771e-10
6.120835937500000000e+03 2.908755665551240312e-10
7.692401855468750000e+03 1.523095781387485268e-10
9.718894531250000000e+03 7.668116785315207600e-11
1.224167187500000000e+04 3.760382637772657557e-11
1.542616113281250000e+04 1.776673910919351653e-11
1.943778906250000000e+04 8.056090742829337156e-12
2.448334375000000000e+04 3.524959191596378827e-12
3.085232226562500000e+04 7.208533291439195091e-13
3.891693750000000000e+04 4.472787380067879409e-13
4.921482812500000000e+04 2.552364546062375869e-13
6.162192968750000000e+04 1.337258209011341358e-13
7.775115625000000000e+04 6.056566400904213728e-14
9.801609375000000000e+04 2.274044976230707796e-14
1.236574296875000000e+05 6.864582790699354679e-15
1.559158906250000000e+05 1.519832633363976050e-15
1.964457500000000000e+05 2.453171425803379223e-16
2.473148593750000000e+05 2.888073150935147454e-17
3.118317812500000000e+05 2.520762431828585292e-18
3.928915000000000000e+05 1.860296606217429648e-19
4.962840000000000000e+05 1.303341736258943586e-20
6.244907500000000000e+05 1.090025979923537163e-21
7.857830000000000000e+05 1.145236390165183930e-22
9.925680000000000000e+05 1.340011981841866365e-23
1.248981500000000000e+06 1.452563577855675470e-24
1.571566000000000000e+06 1.050680839685846625e-25
1.981000250000000000e+06 3.625205420231463519e-27
2.497963000000000000e+06 4.355089478325220616e-29
3.147267500000000000e+06 1.170094997540831896e-31
3.970272000000000000e+06 2.142794271503373546e-35
5.004197000000000000e+06 1.840355341943762903e-41
6.286264000000000000e+06 5.404982383873310596e-52
7.940544000000000000e+06 3.743947266562368345e-71
1.000839400000000000e+07 9.999999999999999821e-201
