1.211760009765625000e+03 1.668917799818627538e-14
1.526073364257812500e+03 1.127395387888641732e-14
1.923100463867187500e+03 7.541681778981388469e-15
2.423520019531250000e+03 5.050344536018308112e-15
3.056282226562500000e+03 3.367733406040403184e-15
3.850336669921875000e+03 2.238122628365714979e-15
4.838769042968750000e+03 1.487707316413091430e-15
6.120835937500000000e+03 9.762145729895472635e-16
7.692401855468750000e+03 6.410987399587889544e-16
9.718894531250000000e+03 4.168863952717964181e-16
1.224167187500000000e+04 2.698009702191652207e-16
1.542616113281250000e+04 1.725177297892547051e-16
1.943778906250000000e+04 1.088515424339111459e-16
2.448334375000000000e+04 6.614376164421245747e-17
3.085232226562500000e+04 3.876853463048831184e-17
3.891693750000000000e+04 2.139456650436404665e-17
4.921482812500000000e+04 1.101062325629858478e-17
6.162192968750000000e+04 5.351527454325794880e-18
7.775115625000000000e+04 2.276324430832398836e-18
9.801609375000000000e+04 8.233098644194950492e-19
1.236574296875000000e+05 2.377279760397294508e-19
1.559158906250000000e+05 5.250768835672481451e-20
1.964457500000000000e+05 8.621941356896968886e-21
2.473148593750000000e+05 1.031836060190681395e-21
3.118317812500000000e+05 9.292540036198312014e-23
3.928915000000000000e+05 6.992475999539504193e-24
4.962840000000000000e+05 4.948838520209572276e-25
6.244907500000000000e+05 4.128711081826165438e-26
7.857830000000000000e+05 4.330574271126092307e-27
9.925680000000000000e+05 5.274136660259890972e-28
1.248981500000000000e+06 6.318320528888249616e-29
1.571566000000000000e+06 5.439962873206750617e-30
1.981000250000000000e+06 2.469791771096684646e-31
2.497963000000000000e+06 4.413664547863325808e-33
3.147267500000000000e+06 2.126215475308248374e-35
3.970272000000000000e+06 1.000597432378560548e-38
5.004197000000000000e+06 4.792544155222299080e-44
6.286264000000000000e+06 3.156001236588819329e-53
7.940544000000000000e+06 5.373547546075573904e-70
1.000839400000000000e+07 9.999999999999999821e-201
