1.211760009765625000e+03 1.457189422229696889e-09
1.526073364257812500e+03 8.554359741435746797e-10
1.923100463867187500e+03 4.975469560743183822e-10
2.423520019531250000e+03 2.883242318343374945e-10
3.056282226562500000e+03 1.644362498843774660e-10
3.850336669921875000e+03 9.328783703092243503e-11
4.838769042968750000e+03 5.208644335895977630e-11
6.120835937500000000e+03 2.859938543944682568e-11
7.692401855468750000e+03 1.543487281428188765e-11
9.718894531250000000e+03 8.112579463259908215e-12
1.224167187500000000e+04 4.155230563038515761e-12
1.542616113281250000e+04 2.038620453889981932e-12
1.943778906250000000e+04 9.573482915484137446e-13
2.448334375000000000e+04 4.175887113811381609e-13
3.085232226562500000e+04 1.672482637736304727e-13
3.891693750000000000e+04 1.383752022127958882e-15
4.921482812500000000e+04 9.775142758659892181e-16
6.162192968750000000e+04 6.575124062700961030e-16
7.775115625000000000e+04 3.978440115011287313e-16
9.801609375000000000e+04 2.109609254675094289e-16
1.236574296875000000e+05 9.271296446901759196e-17
1.559158906250000000e+05 3.235993335825452482e-17
1.964457500000000000e+05 8.628263252746111464e-18
2.473148593750000000e+05 1.731735877810807521e-18
3.118317812500000000e+05 2.607552404106471147e-19
3.928915000000000000e+05 3.202723207888280834e-20
4.962840000000000000e+05 3.510419872616366857e-21
6.244907500000000000e+05 4.223676707287853474e-22
7.857830000000000000e+05 6.063324177800958244e-23
9.925680000000000000e+05 1.029584523044809091e-23
1.248981500000000000e+06 1.906878172924114426e-24
1.571566000000000000e+06 2.962762028151624331e-25
1.981000250000000000e+06 2.948014509970422921e-26
2.497963000000000000e+06 1.465414718173396397e-27
3.147267500000000000e+06 2.840357174279234629e-29
3.970272000000000000e+06 1.123855671534348667e-31
5.004197000000000000e+06 2.710034463068847195e-35
6.286264000000000000e+06 2.977069930899723983e-41
7.940544000000000000e+06 4.880908215556562362e-52
1.000839400000000000e+07 9.999999999999999821e-201
