1.211760009765625000e+03 2.490922089281533210e-14
1.526073364257812500e+03 1.681203648605869391e-14
1.923100463867187500e+03 1.130074267853361191e-14
2.423520019531250000e+03 7.596929530342589133e-15
3.056282226562500000e+03 5.034837226756308176e-15
3.850336669921875000e+03 3.349975700928150510e-15
4.838769042968750000e+03 2.213429804019066248e-15
6.120835937500000000e+03 1.435046870707438123e-15
7.692401855468750000e+03 9.155637293242411892e-16
9.718894531250000000e+03 5.514004011422704659e-16
1.224167187500000000e+04 3.081200551964527976e-16
1.542616113281250000e+04 1.560484134118356985e-16
1.943778906250000000e+04 7.098773420569459560e-17
2.448334375000000000e+04 2.912190368287212312e-17
3.085232226562500000e+04 1.058498256544955714e-17
3.891693750000000000e+04 3.318037887867076506e-18
4.921482812500000000e+04 8.668813785859029534e-19
6.162192968750000000e+04 1.904571155748765304e-19
7.775115625000000000e+04 3.041870265020224575e-20
9.801609375000000000e+04 3.513359137749567670e-21
1.236574296875000000e+05 2.786940822884172731e-22
1.559158906250000000e+05 1.514205223932994423e-23
1.964457500000000000e+05 5.854668442299274415e-25
2.473148593750000000e+05 1.786405247612882108e-26
3.118317812500000000e+05 4.718312647989364024e-28
3.928915000000000000e+05 1.268087940948344366e-29
4.962840000000000000e+05 3.163106161645522878e-31
6.244907500000000000e+05 6.167676713765373481e-33
7.857830000000000000e+05 6.410186634065250348e-35
9.925680000000000000e+05 2.179430067733716019e-37
1.248981500000000000e+06 1.735438926581384590e-40
1.571566000000000000e+06 1.406840343685439581e-44
1.981000250000000000e+06 1.816426134225978702e-50
2.497963000000000000e+06 5.733368401523639495e-60
3.147267500000000000e+06 1.175446253000227091e-76
3.970272000000000000e+06 9.289091155185119710e-107
5.004197000000000000e+06 2.485890003790353973e-158
6.286264000000000000e+06 9.999999999999999821e-201
7.940544000000000000e+06 9.999999999999999821e-201
1.000839400000000000e+07 9.999999999999999821e-201
