1.211760009765625000e+03 7.323310942487706192e-13
1.526073364257812500e+03 4.410687219283633247e-13
1.923100463867187500e+03 2.762403765863772243e-13
2.423520019531250000e+03 1.799600519892629728e-13
3.056282226562500000e+03 1.219220387263537114e-13
3.850336669921875000e+03 8.492344942773468017e-14
4.838769042968750000e+03 5.898340291214902060e-14
6.120835937500000000e+03 4.207849298854013143e-14
7.692401855468750000e+03 2.938846538571637968e-14
9.718894531250000000e+03 1.944485041811533038e-14
1.224167187500000000e+04 1.196118226694304293e-14
1.542616113281250000e+04 6.602048259731510778e-15
1.943778906250000000e+04 3.250490987313384609e-15
2.448334375000000000e+04 1.435293824370125924e-15
3.085232226562500000e+04 5.600561670823684312e-16
3.891693750000000000e+04 1.878134653509665895e-16
4.921482812500000000e+04 5.172495058466300413e-17
6.162192968750000000e+04 1.191430978633814198e-17
7.775115625000000000e+04 1.975467470961410007e-18
9.801609375000000000e+04 2.356626645222682674e-19
1.236574296875000000e+05 1.887358658535484299e-20
1.559158906250000000e+05 1.023950253889115120e-21
1.964457500000000000e+05 3.944856811388816515e-23
2.473148593750000000e+05 1.190520420262291496e-24
3.118317812500000000e+05 3.106222493259664966e-26
3.928915000000000000e+05 8.193317892193989630e-28
4.962840000000000000e+05 1.995270608587655995e-29
6.244907500000000000e+05 3.761453063103546373e-31
7.857830000000000000e+05 3.755661494191604283e-33
9.925680000000000000e+05 1.219003258223943202e-35
1.248981500000000000e+06 9.129024885981364137e-39
1.571566000000000000e+06 7.069372727019333478e-43
1.981000250000000000e+06 8.611996848153757241e-49
2.497963000000000000e+06 2.550294305694461836e-58
3.147267500000000000e+06 4.841719089739028905e-75
3.970272000000000000e+06 3.562939073221689195e-105
5.004197000000000000e+06 8.830474938837376278e-157
6.286264000000000000e+06 9.999999999999999821e-201
7.940544000000000000e+06 9.999999999999999821e-201
1.000839400000000000e+07 9.999999999999999821e-201
