1.211760009765625000e+03 2.378830595263864125e-12
1.526073364257812500e+03 1.592198749562029178e-12
1.923100463867187500e+03 1.067293150912386870e-12
2.423520019531250000e+03 7.223491154391121005e-13
3.056282226562500000e+03 4.872590716703566627e-13
3.850336669921875000e+03 3.288761636651202074e-13
4.838769042968750000e+03 2.219025136357423364e-13
6.120835937500000000e+03 1.474111046826643271e-13
7.692401855468750000e+03 9.668270144845719863e-14
9.718894531250000000e+03 6.050372619494433465e-14
1.224167187500000000e+04 3.549319443523324288e-14
1.542616113281250000e+04 1.887605048584156730e-14
1.943778906250000000e+04 9.049911142659395417e-15
2.448334375000000000e+04 3.874186122445317992e-15
3.085232226562500000e+04 1.481871178384240048e-15
3.891693750000000000e+04 4.875623920949270659e-16
4.921482812500000000e+04 1.325286416489143420e-16
6.162192968750000000e+04 3.031689680503703858e-17
7.775115625000000000e+04 5.066228802974936697e-18
9.801609375000000000e+04 6.133692305678440447e-19
1.236574296875000000e+05 5.079887637663788115e-20
1.559158906250000000e+05 2.860046166182451918e-21
1.964457500000000000e+05 1.135316197647801607e-22
2.473148593750000000e+05 3.494770486970300241e-24
3.118317812500000000e+05 9.206149321000556213e-26
3.928915000000000000e+05 2.495788193951225514e-27
4.962840000000000000e+05 6.636645871416744579e-29
6.244907500000000000e+05 1.489485383762062041e-30
7.857830000000000000e+05 1.905266647763133847e-32
9.925680000000000000e+05 8.783348389745868156e-35
1.248981500000000000e+06 1.065901976482298823e-37
1.571566000000000000e+06 1.610192245831734131e-41
1.981000250000000000e+06 6.487171931340673388e-47
2.497963000000000000e+06 1.955194916105154077e-55
3.147267500000000000e+06 2.897509781024150169e-70
3.970272000000000000e+06 3.865018468399095515e-97
5.004197000000000000e+06 8.829894659830063728e-144
6.286264000000000000e+06 9.999999999999999821e-201
7.940544000000000000e+06 9.999999999999999821e-201
1.000839400000000000e+07 9.999999999999999821e-201
