1.211760009765625000e+03 1.137105933757019760e-13
1.526073364257812500e+03 7.535748119045133033e-14
1.923100463867187500e+03 4.967621797996623557e-14
2.423520019531250000e+03 3.263025314569781993e-14
3.056282226562500000e+03 2.132684082690922868e-14
3.850336669921875000e+03 1.385978118303006557e-14
4.838769042968750000e+03 8.981768409065763367e-15
6.120835937500000000e+03 5.735365827885118257e-15
7.692401855468750000e+03 3.616085290395052878e-15
9.718894531250000000e+03 2.178134143017995849e-15
1.224167187500000000e+04 1.223211785621032607e-15
1.542616113281250000e+04 6.328648433437977788e-16
1.943778906250000000e+04 2.941221121364303767e-16
2.448334375000000000e+04 1.227818986498055178e-16
3.085232226562500000e+04 4.586297507784135670e-17
3.891693750000000000e+04 1.485904433051206190e-17
4.921482812500000000e+04 4.005132644209157505e-18
6.162192968750000000e+04 9.095069041511111496e-19
7.775115625000000000e+04 1.508202982464578275e-19
9.801609375000000000e+04 1.823178180031808394e-20
1.236574296875000000e+05 1.501513749254213552e-21
1.559158906250000000e+05 8.424701206907003272e-23
1.964457500000000000e+05 3.335330839022728824e-24
2.473148593750000000e+05 1.026171461460706328e-25
3.118317812500000000e+05 2.722163118192406032e-27
3.928915000000000000e+05 7.411202031334038055e-29
4.962840000000000000e+05 1.989918130003400372e-30
6.244907500000000000e+05 4.525873955195382310e-32
7.857830000000000000e+05 5.937056715287701972e-34
9.925680000000000000e+05 2.809052434324255003e-36
1.248981500000000000e+06 3.471193936570644013e-39
1.571566000000000000e+06 5.382642650351796573e-43
1.981000250000000000e+06 2.219060191686188967e-48
2.497963000000000000e+06 6.858949907304371464e-57
3.147267500000000000e+06 1.048950128441977421e-71
3.970272000000000000e+06 1.437515640878260471e-98
5.004197000000000000e+06 3.371414324662387682e-145
6.286264000000000000e+06 9.999999999999999821e-201
7.940544000000000000e+06 9.999999999999999821e-201
1.000839400000000000e+07 9.999999999999999821e-201
