1.211760009765625000e+03 1.047432738542884594e-11
1.526073364257812500e+03 6.774261760558943612e-12
1.923100463867187500e+03 4.457518453810556618e-12
2.423520019531250000e+03 2.976576527412892550e-12
3.056282226562500000e+03 2.019138402362470746e-12
3.850336669921875000e+03 1.382062925878421727e-12
4.838769042968750000e+03 9.541186510668475172e-13
6.120835937500000000e+03 6.540757624992389103e-13
7.692401855468750000e+03 4.434462487694985101e-13
9.718894531250000000e+03 2.904178857357327861e-13
1.224167187500000000e+04 1.774659721761661892e-13
1.542616113281250000e+04 9.825889293999720086e-14
1.943778906250000000e+04 4.902035202273838737e-14
2.448334375000000000e+04 2.185438325481974543e-14
3.085232226562500000e+04 8.637995919568893322e-15
3.891693750000000000e+04 2.960200237719199811e-15
4.921482812500000000e+04 8.356223589911465227e-16
6.162192968750000000e+04 1.982258637252421170e-16
7.775115625000000000e+04 3.399706170417392420e-17
9.801609375000000000e+04 4.180287112787217097e-18
1.236574296875000000e+05 3.494176855741114423e-19
1.559158906250000000e+05 1.958509874668418274e-20
1.964457500000000000e+05 7.659310232934929702e-22
2.473148593750000000e+05 2.315007201559944558e-23
3.118317812500000000e+05 6.031615072379675180e-25
3.928915000000000000e+05 1.596484232046264866e-26
4.962840000000000000e+05 4.130424659034085121e-28
6.244907500000000000e+05 8.950422374080419172e-30
7.857830000000000000e+05 1.106283859991497391e-31
9.925680000000000000e+05 4.897627443130183977e-34
1.248981500000000000e+06 5.715198097586007959e-37
1.571566000000000000e+06 8.342329349832985257e-41
1.981000250000000000e+06 3.221216407286402761e-46
2.497963000000000000e+06 9.302943552435812701e-55
3.147267500000000000e+06 1.324084588361184875e-69
3.970272000000000000e+06 1.685012437538904192e-96
5.004197000000000000e+06 3.675300309708487653e-143
6.286264000000000000e+06 9.999999999999999821e-201
7.940544000000000000e+06 9.999999999999999821e-201
1.000839400000000000e+07 9.999999999999999821e-201
