1.211760009765625000e+03 6.588488926149654546e-13
1.526073364257812500e+03 4.539249851235847704e-13
1.923100463867187500e+03 3.115554283304485850e-13
2.423520019531250000e+03 2.135965691558914096e-13
3.056282226562500000e+03 1.456717529005746276e-13
3.850336669921875000e+03 9.916730037038313427e-14
4.838769042968750000e+03 6.768035139700877979e-14
6.120835937500000000e+03 4.560789661631955134e-14
7.692401855468750000e+03 3.078446249638726677e-14
9.718894531250000000e+03 2.061856348891807064e-14
1.224167187500000000e+04 1.374773094344293577e-14
1.542616113281250000e+04 9.093431773103302684e-15
1.943778906250000000e+04 5.892585326684184725e-15
2.448334375000000000e+04 3.701929122148637749e-15
3.085232226562500000e+04 2.229545699538551174e-15
3.891693750000000000e+04 1.275605018394637434e-15
4.921482812500000000e+04 6.852391406060176645e-16
6.162192968750000000e+04 3.476459167992981804e-16
7.775115625000000000e+04 1.566092653108186454e-16
9.801609375000000000e+04 6.061472571329860624e-17
1.236574296875000000e+05 1.892770196052958227e-17
1.559158906250000000e+05 4.620181011697329180e-18
1.964457500000000000e+05 8.362818829323724587e-19
2.473148593750000000e+05 1.131028052896784113e-19
3.118317812500000000e+05 1.142935412457508957e-20
3.928915000000000000e+05 9.636108179700383708e-22
4.962840000000000000e+05 7.530482650422290995e-23
6.244907500000000000e+05 6.840364803036587411e-24
7.857830000000000000e+05 7.701226045179578984e-25
9.925680000000000000e+05 1.027238511783906149e-25
1.248981500000000000e+06 1.394258059569912459e-26
1.571566000000000000e+06 1.442024561594980849e-27
1.981000250000000000e+06 8.436573195134189077e-29
2.497963000000000000e+06 2.114777930992010056e-30
3.147267500000000000e+06 1.624674629029340201e-32
3.970272000000000000e+06 1.636102255138326516e-35
5.004197000000000000e+06 3.187149362979353109e-40
6.286264000000000000e+06 2.809092493709210991e-48
7.940544000000000000e+06 5.384866749224115045e-63
1.000839400000000000e+07 9.999999999999999821e-201
