1.211760009765625000e+03 1.223042745837232432e-10
1.526073364257812500e+03 7.911546581674679529e-11
1.923100463867187500e+03 5.171663155409713464e-11
2.423520019531250000e+03 3.406335957092496067e-11
3.056282226562500000e+03 2.261615689100446563e-11
3.850336669921875000e+03 1.505148367933640399e-11
4.838769042968750000e+03 1.010547014887421228e-11
6.120835937500000000e+03 6.706463341667834728e-12
7.692401855468750000e+03 4.472552638458137550e-12
9.718894531250000000e+03 2.964436202841701513e-12
1.224167187500000000e+04 1.945239652076687111e-12
1.542616113281250000e+04 1.277092583617043198e-12
1.943778906250000000e+04 8.302766758447636243e-13
2.448334375000000000e+04 5.271820029652709658e-13
3.085232226562500000e+04 3.276699773091186966e-13
3.891693750000000000e+04 1.961042721222748093e-13
4.921482812500000000e+04 1.120410920889378450e-13
6.162192968750000000e+04 6.169480396855753771e-14
7.775115625000000000e+04 3.140887341746670859e-14
9.801609375000000000e+04 1.453417981471769338e-14
1.236574296875000000e+05 5.861686084867694531e-15
1.559158906250000000e+05 1.984103030667009784e-15
1.964457500000000000e+05 5.360777414141135759e-16
2.473148593750000000e+05 1.146134683697224706e-16
3.118317812500000000e+05 1.918301897318020707e-17
3.928915000000000000e+05 2.641880983649813702e-18
4.962840000000000000e+05 3.190464616629790618e-19
6.244907500000000000e+05 4.012065423853193948e-20
7.857830000000000000e+05 5.753289679032734042e-21
9.925680000000000000e+05 9.785062904294081475e-22
1.248981500000000000e+06 1.988872650565922176e-22
1.571566000000000000e+06 3.977334740526853676e-23
1.981000250000000000e+06 6.356154248272468733e-24
2.497963000000000000e+06 6.591088117641587175e-25
3.147267500000000000e+06 3.735234058071676030e-26
3.970272000000000000e+06 8.409216499157805189e-28
5.004197000000000000e+06 4.176656726019138600e-30
6.286264000000000000e+06 1.149853631017720391e-33
7.940544000000000000e+06 6.281755650492368820e-40
1.000839400000000000e+07 9.999999999999999821e-201
