1.211760009765625000e+03 4.583296644278019627e-11
1.526073364257812500e+03 3.016277134263470738e-11
1.923100463867187500e+03 2.001174665598599177e-11
2.423520019531250000e+03 1.326416012542415904e-11
3.056282226562500000e+03 8.839065684475547531e-12
3.850336669921875000e+03 5.879485812240783112e-12
4.838769042968750000e+03 3.898715335213816076e-12
6.120835937500000000e+03 2.564235983578878032e-12
7.692401855468750000e+03 1.698785344256467798e-12
9.718894531250000000e+03 1.108171439177473748e-12
1.224167187500000000e+04 7.214623013398345339e-13
1.542616113281250000e+04 4.669674408798196068e-13
1.943778906250000000e+04 2.982845835442298943e-13
2.448334375000000000e+04 1.879361810115373668e-13
3.085232226562500000e+04 1.150526605720220005e-13
3.891693750000000000e+04 6.822508767890331064e-14
4.921482812500000000e+04 3.857555144290184455e-14
6.162192968750000000e+04 2.125043247805870996e-14
7.775115625000000000e+04 1.080376142373854751e-14
9.801609375000000000e+04 5.004005287806912936e-15
1.236574296875000000e+05 2.022108276614122171e-15
1.559158906250000000e+05 6.837524290298617911e-16
1.964457500000000000e+05 1.859638960551503033e-16
2.473148593750000000e+05 4.001390370688550542e-17
3.118317812500000000e+05 6.682892891378665515e-18
3.928915000000000000e+05 9.275369070925496833e-19
4.962840000000000000e+05 1.126046335281102741e-19
6.244907500000000000e+05 1.426512150703357982e-20
7.857830000000000000e+05 2.057236915532916978e-21
9.925680000000000000e+05 3.530776864632781410e-22
1.248981500000000000e+06 7.246811841717211516e-23
1.571566000000000000e+06 1.463000517614177372e-23
1.981000250000000000e+06 2.357249257637471848e-24
2.497963000000000000e+06 2.474193078006995309e-25
3.147267500000000000e+06 1.391216414002119804e-26
3.970272000000000000e+06 3.159676021872902024e-28
5.004197000000000000e+06 1.580916347534516793e-30
6.286264000000000000e+06 4.386724835096505233e-34
7.940544000000000000e+06 2.416844300595278289e-40
1.000839400000000000e+07 9.999999999999999821e-201
