1.211760009765625000e+03 4.645569696510058378e-15
1.526073364257812500e+03 3.045945433944751572e-15
1.923100463867187500e+03 1.985479178025277056e-15
2.423520019531250000e+03 1.295279486426397099e-15
3.056282226562500000e+03 8.394642737804278018e-16
3.850336669921875000e+03 5.448223148644889050e-16
4.838769042968750000e+03 3.555041145535055726e-16
6.120835937500000000e+03 2.279126423336687345e-16
7.692401855468750000e+03 1.468356684794712721e-16
9.718894531250000000e+03 9.372213997674629761e-17
1.224167187500000000e+04 5.930474276914053766e-17
1.542616113281250000e+04 3.680806453790530906e-17
1.943778906250000000e+04 2.186241914942440570e-17
2.448334375000000000e+04 1.232166631309886027e-17
3.085232226562500000e+04 6.443746084852269932e-18
3.891693750000000000e+04 3.128385572156618970e-18
4.921482812500000000e+04 1.365812537856671545e-18
6.162192968750000000e+04 5.441534777912859246e-19
7.775115625000000000e+04 1.780847403873785765e-19
9.801609375000000000e+04 4.632369311480517681e-20
1.236574296875000000e+05 8.968525481957134068e-21
1.559158906250000000e+05 1.243280417207449777e-21
1.964457500000000000e+05 1.203129812900492289e-22
2.473148593750000000e+05 8.309350616989351750e-24
3.118317812500000000e+05 4.296231286604107294e-25
3.928915000000000000e+05 1.985180989565576733e-26
4.962840000000000000e+05 9.455515457992576661e-28
6.244907500000000000e+05 5.767107318515957217e-29
7.857830000000000000e+05 4.306858984815031211e-30
9.925680000000000000e+05 2.962388498548555592e-31
1.248981500000000000e+06 1.469618028621367261e-32
1.571566000000000000e+06 3.572775519493514108e-34
1.981000250000000000e+06 2.871583095442995688e-36
2.497963000000000000e+06 4.731222089189786162e-39
3.147267500000000000e+06 5.857490527219535512e-43
3.970272000000000000e+06 3.576053362981302004e-49
5.004197000000000000e+06 4.864610846091460685e-60
6.286264000000000000e+06 2.614013890609269589e-79
7.940544000000000000e+06 1.496649440352541938e-113
1.000839400000000000e+07 9.999999999999999821e-201
