1.211760009765625000e+03 2.441103647495902085e-14
1.526073364257812500e+03 1.611977616016215599e-14
1.923100463867187500e+03 1.067293154985919718e-14
2.423520019531250000e+03 7.036854902220330916e-15
3.056282226562500000e+03 4.592363380092928331e-15
3.850336669921875000e+03 2.994562939255176223e-15
4.838769042968750000e+03 1.949035715753868412e-15
6.120835937500000000e+03 1.259063353864916109e-15
7.692401855468750000e+03 8.144485078328008163e-16
9.718894531250000000e+03 5.218794614850123235e-16
1.224167187500000000e+04 3.310878277295575557e-16
1.542616113281250000e+04 2.064614787532252196e-16
1.943778906250000000e+04 1.228459742681942726e-16
2.448334375000000000e+04 6.943161176428721205e-17
3.085232226562500000e+04 3.672935268365794955e-17
3.891693750000000000e+04 1.776686900413475465e-17
4.921482812500000000e+04 7.812447716540163797e-18
6.162192968750000000e+04 3.125280666744249458e-18
7.775115625000000000e+04 1.028572881246528067e-18
9.801609375000000000e+04 2.689261378812515348e-19
1.236574296875000000e+05 5.233261072985831537e-20
1.559158906250000000e+05 7.284572585328157605e-21
1.964457500000000000e+05 7.058953514803625988e-22
2.473148593750000000e+05 4.921071724624761682e-23
3.118317812500000000e+05 2.561108199240125185e-24
3.928915000000000000e+05 1.191108593739346212e-25
4.962840000000000000e+05 5.682034087213532999e-27
6.244907500000000000e+05 3.487297706665118731e-28
7.857830000000000000e+05 2.617174436401458932e-29
9.925680000000000000e+05 1.815657466852340631e-30
1.248981500000000000e+06 9.043803253054566583e-32
1.571566000000000000e+06 2.220368966916873819e-33
1.981000250000000000e+06 1.793043617863224836e-35
2.497963000000000000e+06 2.993976478315411949e-38
3.147267500000000000e+06 3.740996327209939777e-42
3.970272000000000000e+06 2.311054894443698708e-48
5.004197000000000000e+06 3.189908751535383853e-59
6.286264000000000000e+06 1.742675927072846672e-78
7.940544000000000000e+06 1.019396192240123137e-112
1.000839400000000000e+07 9.999999999999999821e-201
