1.211760009765625000e+03 1.482098643122512173e-10
1.526073364257812500e+03 1.048279922071894912e-10
1.923100463867187500e+03 7.400422390821488749e-11
2.423520019531250000e+03 5.230936387491219626e-11
3.056282226562500000e+03 3.683767039451819483e-11
3.850336669921875000e+03 2.586973757385944537e-11
4.838769042968750000e+03 1.812124436755934534e-11
6.120835937500000000e+03 1.255016431058864448e-11
7.692401855468750000e+03 8.671093868459271029e-12
9.718894531250000000e+03 5.930138847207618547e-12
1.224167187500000000e+04 4.028048743399786217e-12
1.542616113281250000e+04 2.714038025951260618e-12
1.943778906250000000e+04 1.814033528873920575e-12
2.448334375000000000e+04 1.195284352583865068e-12
3.085232226562500000e+04 7.720175601880220924e-13
3.891693750000000000e+04 4.827722745729378905e-13
4.921482812500000000e+04 2.925306836735282807e-13
6.162192968750000000e+04 1.710806338787145049e-13
7.775115625000000000e+04 9.380550295675126427e-14
9.801609375000000000e+04 4.754296258570367742e-14
1.236574296875000000e+05 2.149326863586411600e-14
1.559158906250000000e+05 8.338375763929591869e-15
1.964457500000000000e+05 2.675178228082721827e-15
2.473148593750000000e+05 6.948599213862177685e-16
3.118317812500000000e+05 1.440876608734964287e-16
3.928915000000000000e+05 2.490785442533124428e-17
4.962840000000000000e+05 3.704031868592116121e-18
6.244907500000000000e+05 5.526406081702531450e-19
7.857830000000000000e+05 8.931905833180568647e-20
9.925680000000000000e+05 1.667385533909416216e-20
1.248981500000000000e+06 3.750956681085885166e-21
1.571566000000000000e+06 8.830746298391189136e-22
1.981000250000000000e+06 1.817963211592794183e-22
2.497963000000000000e+06 2.767633198463323059e-23
3.147267500000000000e+06 2.638597603250736339e-24
3.970272000000000000e+06 1.282504430062759069e-25
5.004197000000000000e+06 2.233949178093025574e-27
6.286264000000000000e+06 5.883982442115730852e-30
7.940544000000000000e+06 2.593099039494946242e-34
1.000839400000000000e+07 9.999999999999999821e-201
