1.211760009765625000e+03 2.466012868388717307e-11
1.526073364257812500e+03 1.651535348924589706e-11
1.923100463867187500e+03 1.098684130132564216e-11
2.423520019531250000e+03 7.348220163380522915e-12
3.056282226562500000e+03 4.859017113700523390e-12
3.850336669921875000e+03 3.214118910691628306e-12
4.838769042968750000e+03 2.120902955239304714e-12
6.120835937500000000e+03 1.385695941562046820e-12
7.692401855468750000e+03 9.083068916508238325e-13
9.718894531250000000e+03 5.883567076156249528e-13
1.224167187500000000e+04 3.806321289634660758e-13
1.542616113281250000e+04 2.440681678013723625e-13
1.943778906250000000e+04 1.551577614058119461e-13
2.448334375000000000e+04 9.768567551573717927e-14
3.085232226562500000e+04 6.025502908784562463e-14
3.891693750000000000e+04 3.576090922762502940e-14
4.921482812500000000e+04 2.063527255102456158e-14
6.162192968750000000e+04 1.156413638801555892e-14
7.775115625000000000e+04 6.084329150111505646e-15
9.801609375000000000e+04 2.986031685207354279e-15
1.236574296875000000e+05 1.315619358204238401e-15
1.559158906250000000e+05 5.017569137015773076e-16
1.964457500000000000e+05 1.598957101842546886e-16
2.473148593750000000e+05 4.169159528317307449e-17
3.118317812500000000e+05 8.735314440455718738e-18
3.928915000000000000e+05 1.517969241392828336e-18
4.962840000000000000e+05 2.289062719312468481e-19
6.244907500000000000e+05 3.472878138774815395e-20
7.857830000000000000e+05 5.755093964678202100e-21
9.925680000000000000e+05 1.093267437984562261e-21
1.248981500000000000e+06 2.513730131827189055e-22
1.571566000000000000e+06 6.075287866938299491e-23
1.981000250000000000e+06 1.294008748862993303e-23
2.497963000000000000e+06 2.034894584516095841e-24
3.147267500000000000e+06 2.013014603418988913e-25
3.970272000000000000e+06 1.018853693569021363e-26
5.004197000000000000e+06 1.851978593237740750e-28
6.286264000000000000e+06 5.102516024022235479e-31
7.940544000000000000e+06 2.364296183068921397e-35
1.000839400000000000e+07 9.999999999999999821e-201
