1.211760009765625000e+03 5.891030741150824856e-13
1.526073364257812500e+03 3.481080495936858975e-13
1.923100463867187500e+03 2.032565640745244313e-13
2.423520019531250000e+03 1.170733381962320580e-13
3.056282226562500000e+03 6.666293297698483691e-14
3.850336669921875000e+03 3.711524703433958962e-14
4.838769042968750000e+03 2.029348880031709778e-14
6.120835937500000000e+03 1.077961857509984226e-14
7.692401855468750000e+03 5.563274625651525083e-15
9.718894531250000000e+03 2.754511214895612051e-15
1.224167187500000000e+04 1.287461928290419367e-15
1.542616113281250000e+04 5.469488209519976940e-16
1.943778906250000000e+04 2.063464681971810788e-16
2.448334375000000000e+04 7.573703519803621869e-20
3.085232226562500000e+04 4.623005176714681108e-20
3.891693750000000000e+04 2.552056535138483234e-20
4.921482812500000000e+04 1.241642857508820985e-20
6.162192968750000000e+04 5.262400997225038830e-21
7.775115625000000000e+04 1.749169950828893911e-21
9.801609375000000000e+04 4.387734337858067323e-22
1.236574296875000000e+05 7.747557989695322177e-23
1.559158906250000000e+05 9.433239017840198200e-24
1.964457500000000000e+05 7.820066611515640133e-25
2.473148593750000000e+05 4.629446012704328573e-26
3.118317812500000000e+05 2.133260087626782042e-27
3.928915000000000000e+05 9.324858865716986526e-29
4.962840000000000000e+05 4.394921010506022304e-30
6.244907500000000000e+05 2.621064524902935856e-31
7.857830000000000000e+05 1.552579601367412276e-32
9.925680000000000000e+05 6.123171987627911922e-34
1.248981500000000000e+06 1.212996042398021174e-35
1.571566000000000000e+06 7.672480939004501533e-38
1.981000250000000000e+06 9.270842960386573783e-41
2.497963000000000000e+06 8.578943492066920696e-45
3.147267500000000000e+06 5.850172174960211662e-51
3.970272000000000000e+06 1.219540385669766745e-61
5.004197000000000000e+06 5.762254529163985168e-81
6.286264000000000000e+06 1.210598507303646285e-114
7.940544000000000000e+06 1.143518053346641507e-171
1.000839400000000000e+07 9.999999999999999821e-201
