1.211760009765625000e+03 3.250653326512399976e-12
1.526073364257812500e+03 1.888881746374829797e-12
1.923100463867187500e+03 1.090836386345902867e-12
2.423520019531250000e+03 6.227305223203831542e-13
3.056282226562500000e+03 3.486224494944539410e-13
3.850336669921875000e+03 1.928268378130419330e-13
4.838769042968750000e+03 1.044288594179143621e-13
6.120835937500000000e+03 5.512864294114988374e-14
7.692401855468750000e+03 2.830437967436741036e-14
9.718894531250000000e+03 1.391028163522283723e-14
1.224167187500000000e+04 6.460932796099627275e-15
1.542616113281250000e+04 2.734744104759988667e-15
1.943778906250000000e+04 1.028670820686243768e-15
2.448334375000000000e+04 2.200735839524089412e-18
3.085232226562500000e+04 1.339728030803029720e-18
3.891693750000000000e+04 7.375443386550216599e-19
4.921482812500000000e+04 3.560593488444413732e-19
6.162192968750000000e+04 1.509410627496742934e-19
7.775115625000000000e+04 4.984285248235731443e-20
9.801609375000000000e+04 1.243548122095384051e-20
1.236574296875000000e+05 2.197068683644941902e-21
1.559158906250000000e+05 2.661521008604913403e-22
1.964457500000000000e+05 2.197066333711537102e-23
2.473148593750000000e+05 1.293672969105709341e-24
3.118317812500000000e+05 5.932735154938389330e-26
3.928915000000000000e+05 2.582268608967780939e-27
4.962840000000000000e+05 1.215616449714432129e-28
6.244907500000000000e+05 7.213169572532880065e-30
7.857830000000000000e+05 4.269593903760383867e-31
9.925680000000000000e+05 1.669955996625793918e-32
1.248981500000000000e+06 3.306682868615389114e-34
1.571566000000000000e+06 2.087659458273321502e-36
1.981000250000000000e+06 2.501656036929710680e-39
2.497963000000000000e+06 2.308144320484671496e-43
3.147267500000000000e+06 1.562340098489374038e-49
3.970272000000000000e+06 3.245755922277347991e-60
5.004197000000000000e+06 1.514082052145846893e-79
6.286264000000000000e+06 3.161007213515075755e-113
7.940544000000000000e+06 2.958355162886833464e-170
1.000839400000000000e+07 9.999999999999999821e-201
