1.211760009765625000e+03 7.559948540969452727e-11
1.526073364257812500e+03 4.855711714502834378e-11
1.923100463867187500e+03 3.178336233597774708e-11
2.423520019531250000e+03 2.142192996782118276e-11
3.056282226562500000e+03 1.476450780481067929e-11
3.850336669921875000e+03 1.034626806081418389e-11
4.838769042968750000e+03 7.355389497085040096e-12
6.120835937500000000e+03 5.239370465933672750e-12
7.692401855468750000e+03 3.703612180745380300e-12
9.718894531250000000e+03 2.620302623626990804e-12
1.224167187500000000e+04 1.796600019112521849e-12
1.542616113281250000e+04 1.160054206173532943e-12
1.943778906250000000e+04 6.935923769053246462e-13
2.448334375000000000e+04 3.781104672255296170e-13
3.085232226562500000e+04 1.862979217594599843e-13
3.891693750000000000e+04 8.184493671416653381e-14
4.921482812500000000e+04 3.102308339835486233e-14
6.162192968750000000e+04 1.013609156827517290e-14
7.775115625000000000e+04 2.524275930841250748e-15
9.801609375000000000e+04 4.653398957137468551e-16
1.236574296875000000e+05 5.959563123203525315e-17
1.559158906250000000e+05 5.121485135466116342e-18
1.964457500000000000e+05 2.967877361953698447e-19
2.473148593750000000e+05 1.211161384481379061e-20
3.118317812500000000e+05 3.847010912549994440e-22
3.928915000000000000e+05 1.181044667843598420e-23
4.962840000000000000e+05 4.088803989754076891e-25
6.244907500000000000e+05 1.759888679801130112e-26
7.857830000000000000e+05 7.069206056330423783e-28
9.925680000000000000e+05 1.733492493410080810e-29
1.248981500000000000e+06 2.012204089156964820e-31
1.571566000000000000e+06 6.799620547750205475e-34
1.981000250000000000e+06 3.689446857042024796e-37
2.497963000000000000e+06 1.011892576626707518e-41
3.147267500000000000e+06 7.899434677190644117e-49
3.970272000000000000e+06 2.655701217296708508e-61
5.004197000000000000e+06 7.538292698932066705e-84
6.286264000000000000e+06 1.087937073598015060e-122
7.940544000000000000e+06 2.138734095762615352e-187
1.000839400000000000e+07 9.999999999999999821e-201
