1.211760009765625000e+03 5.467573985972964208e-14
1.526073364257812500e+03 3.659090294024539579e-14
1.923100463867187500e+03 2.432800573864963880e-14
2.423520019531250000e+03 1.619086176852214743e-14
3.056282226562500000e+03 1.066469337525625233e-14
3.850336669921875000e+03 7.011165406576762489e-15
4.838769042968750000e+03 4.604934238397475310e-15
6.120835937500000000e+03 2.987311434306123232e-15
7.692401855468750000e+03 1.915087151849788740e-15
9.718894531250000000e+03 1.184625235133806935e-15
1.224167187500000000e+04 6.928727598742282098e-16
1.542616113281250000e+04 3.731806193628236543e-16
1.943778906250000000e+04 1.820237798972787063e-16
2.448334375000000000e+04 8.021298257606071736e-17
3.085232226562500000e+04 3.181021254772093069e-17
3.891693750000000000e+04 1.102445266314914118e-17
4.921482812500000000e+04 3.221077388538193788e-18
6.162192968750000000e+04 7.964342027103968184e-19
7.775115625000000000e+04 1.448514248136096904e-19
9.801609375000000000e+04 1.931303526265294169e-20
1.236574296875000000e+05 1.767200800515740372e-21
1.559158906250000000e+05 1.095763452145213338e-22
1.964457500000000000e+05 4.737587152114423019e-24
2.473148593750000000e+05 1.560204074633392599e-25
3.118317812500000000e+05 4.380647113808949734e-27
3.928915000000000000e+05 1.265029666693013035e-28
4.962840000000000000e+05 3.843897248220886775e-30
6.244907500000000000e+05 1.126187216941600075e-31
7.857830000000000000e+05 2.120622520068853210e-33
9.925680000000000000e+05 1.640070543414874148e-35
1.248981500000000000e+06 3.858176888452155116e-38
1.571566000000000000e+06 1.460061496998919152e-41
1.981000250000000000e+06 2.719380242047124367e-46
2.497963000000000000e+06 1.563694913523890237e-53
3.147267500000000000e+06 6.694017824116765685e-66
3.970272000000000000e+06 2.215794802701998811e-88
5.004197000000000000e+06 4.559205783232156860e-128
6.286264000000000000e+06 1.205179368599455783e-192
7.940544000000000000e+06 9.999999999999999821e-201
1.000839400000000000e+07 9.999999999999999821e-201
