1.211760009765625000e+03 1.119669479132048831e-11
1.526073364257812500e+03 7.624753018088972149e-12
1.923100463867187500e+03 5.250140593276325425e-12
2.423520019531250000e+03 3.630518945127833857e-12
3.056282226562500000e+03 2.503576356472892296e-12
3.850336669921875000e+03 1.724569333131908604e-12
4.838769042968750000e+03 1.184848939905533045e-12
6.120835937500000000e+03 8.053436051012173220e-13
7.692401855468750000e+03 5.475595691228005629e-13
9.718894531250000000e+03 3.677999708591252138e-13
1.224167187500000000e+04 2.425194981024240718e-13
1.542616113281250000e+04 1.557065145037499224e-13
1.943778906250000000e+04 9.415514529992107568e-14
2.448334375000000000e+04 5.311519102806364446e-14
3.085232226562500000e+04 2.747090717989733709e-14
3.891693750000000000e+04 1.295013699436028665e-14
4.921482812500000000e+04 5.423576860071202821e-15
6.162192968750000000e+04 2.018376954265423008e-15
7.775115625000000000e+04 5.990709426034317124e-16
9.801609375000000000e+04 1.381307247595336807e-16
1.236574296875000000e+05 2.306067857807962334e-17
1.559158906250000000e+05 2.686008260602885308e-18
1.964457500000000000e+05 2.162504111898191820e-19
2.473148593750000000e+05 1.236256216925309997e-20
3.118317812500000000e+05 5.355450593322121780e-22
3.928915000000000000e+05 2.145540079795078231e-23
4.962840000000000000e+05 9.090590804397898987e-25
6.244907500000000000e+05 5.005757899239069267e-26
7.857830000000000000e+05 3.181156987823128998e-27
9.925680000000000000e+05 1.611727147566222118e-28
1.248981500000000000e+06 5.025706369990660968e-30
1.571566000000000000e+06 6.390590889987068571e-32
1.981000250000000000e+06 2.115393595413702545e-34
2.497963000000000000e+06 9.583915840357395921e-38
3.147267500000000000e+06 1.260387987967131173e-42
3.970272000000000000e+06 9.590390644228781535e-51
5.004197000000000000e+06 2.884924425711392338e-65
6.286264000000000000e+06 6.656904807234934038e-91
7.940544000000000000e+06 1.782371256421818922e-135
1.000839400000000000e+07 9.999999999999999821e-201
