1.211760009765625000e+03 5.255845605799148254e-10
1.526073364257812500e+03 2.986567198442445783e-10
1.923100463867187500e+03 1.686986707274675740e-10
2.423520019531250000e+03 9.395563422363080323e-11
3.056282226562500000e+03 5.121266165673961575e-11
3.850336669921875000e+03 2.740790210374081726e-11
4.838769042968750000e+03 1.424559172856161664e-11
6.120835937500000000e+03 6.952685797359285199e-12
7.692401855468750000e+03 3.140954465103315518e-12
9.718894531250000000e+03 1.263743960003534873e-12
1.224167187500000000e+04 4.416762348492816942e-13
1.542616113281250000e+04 1.329847424492917747e-13
1.943778906250000000e+04 2.797852909491655433e-15
2.448334375000000000e+04 1.254232795290707234e-15
3.085232226562500000e+04 4.907227083018244735e-16
3.891693750000000000e+04 1.619704371541374376e-16
4.921482812500000000e+04 4.294957931497123086e-17
6.162192968750000000e+04 9.507112568804341951e-18
7.775115625000000000e+04 1.508592845923529796e-18
9.801609375000000000e+04 1.708822906028132290e-19
1.236574296875000000e+05 1.333849110088121234e-20
1.559158906250000000e+05 7.271711452948324533e-22
1.964457500000000000e+05 2.893648841589279070e-23
2.473148593750000000e+05 9.149312101740465876e-25
3.118317812500000000e+05 2.376309005463024646e-26
3.928915000000000000e+05 5.130033489146631409e-28
4.962840000000000000e+05 7.710164110517815755e-30
6.244907500000000000e+05 7.001400259135299362e-32
7.857830000000000000e+05 2.546555500064562092e-34
9.925680000000000000e+05 2.065185785376824365e-37
1.248981500000000000e+06 2.077184208796046353e-41
1.571566000000000000e+06 4.632569447159433119e-47
1.981000250000000000e+06 5.587268554691960431e-56
2.497963000000000000e+06 3.182629849697079508e-71
3.147267500000000000e+06 9.423886554162618848e-98
3.970272000000000000e+06 4.088623994466223785e-143
5.004197000000000000e+06 9.999999999999999821e-201
6.286264000000000000e+06 9.999999999999999821e-201
7.940544000000000000e+06 9.999999999999999821e-201
1.000839400000000000e+07 9.999999999999999821e-201
