1.211760009765625000e+03 9.926324520905028082e-12
1.526073364257812500e+03 5.597341173239817342e-12
1.923100463867187500e+03 3.154272820113579633e-12
2.423520019531250000e+03 1.804445955288274239e-12
3.056282226562500000e+03 1.053798999475218970e-12
3.850336669921875000e+03 6.375738929097154658e-13
4.838769042968750000e+03 3.987548112054640010e-13
6.120835937500000000e+03 2.555457362605564574e-13
7.692401855468750000e+03 1.480258327702945471e-13
9.718894531250000000e+03 9.528405786929306901e-14
1.224167187500000000e+04 5.570753133169011671e-14
1.542616113281250000e+04 2.911184619806845574e-14
1.943778906250000000e+04 1.351343922271479843e-14
2.448334375000000000e+04 5.545927326115373058e-15
3.085232226562500000e+04 1.986580894987385981e-15
3.891693750000000000e+04 6.027614125521827533e-16
4.921482812500000000e+04 1.473951471945604037e-16
6.162192968750000000e+04 3.015780790268263416e-17
7.775115625000000000e+04 4.389869272372072958e-18
9.801609375000000000e+04 4.576582732030537748e-19
1.236574296875000000e+05 3.268164877003719676e-20
1.559158906250000000e+05 1.615935878432960652e-21
1.964457500000000000e+05 5.702467586845322048e-23
2.473148593750000000e+05 1.553421216494336432e-24
3.118317812500000000e+05 3.358070472508781951e-26
3.928915000000000000e+05 5.919269410553805058e-28
4.962840000000000000e+05 7.123231202450714173e-30
6.244907500000000000e+05 5.102715443098607880e-32
7.857830000000000000e+05 1.432437468786316017e-34
9.925680000000000000e+05 8.744362597576554809e-38
1.248981500000000000e+06 6.618005502443218339e-42
1.571566000000000000e+06 1.153687968090666341e-47
1.981000250000000000e+06 1.128531318977434317e-56
2.497963000000000000e+06 5.771016424046769369e-72
3.147267500000000000e+06 1.637465370875217583e-98
3.970272000000000000e+06 6.756624397634863769e-144
5.004197000000000000e+06 9.999999999999999821e-201
6.286264000000000000e+06 9.999999999999999821e-201
7.940544000000000000e+06 9.999999999999999821e-201
1.000839400000000000e+07 9.999999999999999821e-201
