1.211760009765625000e+03 1.693827020711442373e-11
1.526073364257812500e+03 9.741091728686950212e-12
1.923100463867187500e+03 5.532659369596127223e-12
2.423520019531250000e+03 3.119879916825120002e-12
3.056282226562500000e+03 1.728299356262360099e-12
3.850336669921875000e+03 9.484619434150093112e-13
4.838769042968750000e+03 5.081257555344978079e-13
6.120835937500000000e+03 2.658123140240948970e-13
7.692401855468750000e+03 1.370508284985644179e-13
9.718894531250000000e+03 6.705532061445734362e-14
1.224167187500000000e+04 3.121964768133847489e-14
1.542616113281250000e+04 1.327009227729596687e-14
1.943778906250000000e+04 5.075470057077413529e-15
2.448334375000000000e+04 6.870977170832287643e-17
3.085232226562500000e+04 4.266530616558082617e-17
3.891693750000000000e+04 2.407149535490947756e-17
4.921482812500000000e+04 1.190602714370721670e-17
6.162192968750000000e+04 5.206153281007368278e-18
7.775115625000000000e+04 1.768544778148444106e-18
9.801609375000000000e+04 4.559026585100089942e-19
1.236574296875000000e+05 8.321494082939648595e-20
1.559158906250000000e+05 1.048716673624867972e-20
1.964457500000000000e+05 9.012585030768385188e-22
2.473148593750000000e+05 5.512263582646938707e-23
3.118317812500000000e+05 2.628901672841231531e-24
3.928915000000000000e+05 1.186306981304957326e-25
4.962840000000000000e+05 5.802817180662578992e-27
6.244907500000000000e+05 3.606449192085230541e-28
7.857830000000000000e+05 2.251222494873708603e-29
9.925680000000000000e+05 9.292315454330358509e-31
1.248981500000000000e+06 1.975840977493066506e-32
1.571566000000000000e+06 1.345829525932390485e-34
1.981000250000000000e+06 1.694368908012771196e-37
2.497963000000000000e+06 1.608672463637285130e-41
3.147267500000000000e+06 1.226429616175139038e-47
3.970272000000000000e+06 3.424951515762380332e-58
5.004197000000000000e+06 2.936568090073638638e-77
6.286264000000000000e+06 1.741246205089005226e-110
7.940544000000000000e+06 8.033817976894852966e-167
1.000839400000000000e+07 9.999999999999999821e-201
