1.211760009765625000e+03 2.802287350441724396e-13
1.526073364257812500e+03 1.859213446693549806e-13
1.923100463867187500e+03 1.232095774505804422e-13
2.423520019531250000e+03 8.095477618041675197e-14
3.056282226562500000e+03 5.283292183449881053e-14
3.850336669921875000e+03 3.459417376115660295e-14
4.838769042968750000e+03 2.260462272561799007e-14
6.120835937500000000e+03 1.457209517571674359e-14
7.692401855468750000e+03 9.380189033831990511e-15
9.718894531250000000e+03 5.858999680455356555e-15
1.224167187500000000e+04 3.506187335720610997e-15
1.542616113281250000e+04 1.947895666664498828e-15
1.943778906250000000e+04 9.909368431109176120e-16
2.448334375000000000e+04 4.536415321092287099e-16
3.085232226562500000e+04 1.870561288116031671e-16
3.891693750000000000e+04 6.847106267926957730e-17
4.921482812500000000e+04 2.102259336972301137e-17
6.162192968750000000e+04 5.526880679110708025e-18
7.775115625000000000e+04 1.078714733906877201e-18
9.801609375000000000e+04 1.541149307358954267e-19
1.236574296875000000e+05 1.517726785276323461e-20
1.559158906250000000e+05 1.019744299535781680e-21
1.964457500000000000e+05 4.705000775795655585e-23
2.473148593750000000e+05 1.638169022365948726e-24
3.118317812500000000e+05 4.767833369296691091e-26
3.928915000000000000e+05 1.421226370475758323e-27
4.962840000000000000e+05 4.638232296778247289e-29
6.244907500000000000e+05 1.608030252075075105e-30
7.857830000000000000e+05 4.022344068942159802e-32
9.925680000000000000e+05 4.640361299319070420e-34
1.248981500000000000e+06 1.855314634669809188e-36
1.571566000000000000e+06 1.454584778622386070e-39
1.981000250000000000e+06 8.630862028851836098e-44
2.497963000000000000e+06 4.336240840667069172e-50
3.147267500000000000e+06 1.242867408115786384e-60
3.970272000000000000e+06 9.567211365472359149e-80
5.004197000000000000e+06 6.796874358670662694e-114
6.286264000000000000e+06 1.659412895553106041e-170
7.940544000000000000e+06 9.999999999999999821e-201
1.000839400000000000e+07 9.999999999999999821e-201
