1.211760009765625000e+03 2.291648322139010130e-15
1.526073364257812500e+03 1.532862150199469033e-15
1.923100463867187500e+03 1.020206692265952532e-15
2.423520019531250000e+03 6.725489641060138554e-16
3.056282226562500000e+03 4.463975071936253287e-16
3.850336669921875000e+03 2.947574601084912959e-16
4.838769042968750000e+03 1.949255428641906118e-16
6.120835937500000000e+03 1.276836535830134492e-16
7.692401855468750000e+03 8.408282173796398909e-17
9.718894531250000000e+03 5.482046317678287525e-17
1.224167187500000000e+04 3.573213837327148162e-17
1.542616113281250000e+04 2.298390650772583307e-17
1.943778906250000000e+04 1.445996637945091746e-17
2.448334375000000000e+04 8.744901562128181585e-18
3.085232226562500000e+04 5.010288043782648362e-18
3.891693750000000000e+04 2.712850536340938267e-18
4.921482812500000000e+04 1.350222294860077473e-18
6.162192968750000000e+04 6.290417858429600932e-19
7.775115625000000000e+04 2.518848639586339047e-19
9.801609375000000000e+04 8.419936355364237951e-20
1.236574296875000000e+05 2.198492295420201484e-20
1.559158906250000000e+05 4.293678271665141819e-21
1.964457500000000000e+05 6.090650454065087256e-22
2.473148593750000000e+05 6.284252130197401117e-23
3.118317812500000000e+05 4.807824292903297796e-24
3.928915000000000000e+05 3.132000544201825500e-25
4.962840000000000000e+05 1.969217324296968909e-26
6.244907500000000000e+05 1.501128005350168422e-27
7.857830000000000000e+05 1.449297834149171603e-28
9.925680000000000000e+05 1.541289030737242894e-29
1.248981500000000000e+06 1.476514226628909442e-30
1.571566000000000000e+06 9.207915726071291028e-32
1.981000250000000000e+06 2.660704097081388182e-33
2.497963000000000000e+06 2.583382752868608005e-35
3.147267500000000000e+06 5.063514075961826015e-38
3.970272000000000000e+06 5.030939922010485036e-42
5.004197000000000000e+06 1.245662109431709890e-48
6.286264000000000000e+06 3.392971422683098452e-60
7.940544000000000000e+06 3.188228403673693327e-81
1.000839400000000000e+07 9.999999999999999821e-201
