1.211760009765625000e+03 7.447857046951783752e-13
1.526073364257812500e+03 3.471191062709766099e-13
1.923100463867187500e+03 1.561701013545573640e-13
2.423520019531250000e+03 6.974581849988293114e-14
3.056282226562500000e+03 3.224530665900855722e-14
3.850336669921875000e+03 1.618814242351155906e-14
4.838769042968750000e+03 9.262861796906337279e-15
6.120835937500000000e+03 5.866546245706021566e-15
7.692401855468750000e+03 3.939544794715794754e-15
9.718894531250000000e+03 2.725537152292029670e-15
1.224167187500000000e+04 1.884503188179385917e-15
1.542616113281250000e+04 1.292844741059577906e-15
1.943778906250000000e+04 8.587898814191661128e-16
2.448334375000000000e+04 5.485932035869231447e-16
3.085232226562500000e+04 3.323618557287878676e-16
3.891693750000000000e+04 1.881247755107454699e-16
4.921482812500000000e+04 9.833988968345074657e-17
6.162192968750000000e+04 4.778557772283431965e-17
7.775115625000000000e+04 1.985498126933716074e-17
9.801609375000000000e+04 6.851699872325221665e-18
1.236574296875000000e+05 1.838183835893002114e-18
1.559158906250000000e+05 3.708176689165350040e-19
1.964457500000000000e+05 5.416905934810100166e-20
2.473148593750000000e+05 5.789985108721200071e-21
3.118317812500000000e+05 4.600292309036967580e-22
3.928915000000000000e+05 3.132000544201825702e-23
4.962840000000000000e+05 2.046949587098165314e-24
6.244907500000000000e+05 1.632067519835541510e-25
7.857830000000000000e+05 1.650424880520894168e-26
9.925680000000000000e+05 1.844561535437563227e-27
1.248981500000000000e+06 1.858920788921288388e-28
1.571566000000000000e+06 1.223273828342804392e-29
1.981000250000000000e+06 3.738897914199336343e-31
2.497963000000000000e+06 3.828942294430257844e-33
3.147267500000000000e+06 7.991736149483521659e-36
3.970272000000000000e+06 8.379146937002023852e-40
5.004197000000000000e+06 2.200169460755285429e-46
6.286264000000000000e+06 6.334318662824760686e-58
7.940544000000000000e+06 6.313942524922414629e-79
1.000839400000000000e+07 9.999999999999999821e-201
