1.211760009765625000e+03 1.743645462497072890e-09
1.526073364257812500e+03 1.127395387888641539e-09
1.923100463867187500e+03 7.274858490234908061e-10
2.423520019531250000e+03 4.639342254295970495e-10
3.056282226562500000e+03 2.943008449309439615e-10
3.850336669921875000e+03 1.841880184322990046e-10
4.838769042968750000e+03 1.146795369879746641e-10
6.120835937500000000e+03 6.958796810895838109e-11
7.692401855468750000e+03 4.186878138385946467e-11
9.718894531250000000e+03 2.445206356850176923e-11
1.224167187500000000e+04 1.365506376512179856e-11
1.542616113281250000e+04 7.068964413540785389e-12
1.943778906250000000e+04 3.309433937304823156e-12
2.448334375000000000e+04 1.382100210196220265e-12
3.085232226562500000e+04 5.042107743755660532e-13
3.891693750000000000e+04 1.589849894294838712e-13
4.921482812500000000e+04 4.139007065844810624e-14
6.162192968750000000e+04 9.999999999999999821e-201
7.775115625000000000e+04 9.999999999999999821e-201
9.801609375000000000e+04 9.999999999999999821e-201
1.236574296875000000e+05 9.999999999999999821e-201
1.559158906250000000e+05 9.999999999999999821e-201
1.964457500000000000e+05 9.999999999999999821e-201
2.473148593750000000e+05 9.999999999999999821e-201
3.118317812500000000e+05 9.999999999999999821e-201
3.928915000000000000e+05 9.999999999999999821e-201
4.962840000000000000e+05 9.999999999999999821e-201
6.244907500000000000e+05 9.999999999999999821e-201
7.857830000000000000e+05 9.999999999999999821e-201
9.925680000000000000e+05 9.999999999999999821e-201
1.248981500000000000e+06 9.999999999999999821e-201
1.571566000000000000e+06 9.999999999999999821e-201
1.981000250000000000e+06 9.999999999999999821e-201
2.497963000000000000e+06 9.999999999999999821e-201
3.147267500000000000e+06 9.999999999999999821e-201
3.970272000000000000e+06 9.999999999999999821e-201
5.004197000000000000e+06 9.999999999999999821e-201
6.286264000000000000e+06 9.999999999999999821e-201
7.940544000000000000e+06 9.999999999999999821e-201
1.000839400000000000e+07 9.999999999999999821e-201
