1.211760009765625000e+03 1.026259900783991755e-09
1.526073364257812500e+03 5.894102203347636979e-10
1.923100463867187500e+03 3.366682084477643801e-10
2.423520019531250000e+03 1.893100731954328713e-10
3.056282226562500000e+03 1.061655732552901841e-10
3.850336669921875000e+03 5.878341013796776166e-11
4.838769042968750000e+03 3.240943436616675318e-11
6.120835937500000000e+03 1.753223366137360902e-11
7.692401855468750000e+03 9.581135088771561281e-12
9.718894531250000000e+03 5.209352673289506958e-12
1.224167187500000000e+04 2.846733632389798545e-12
1.542616113281250000e+04 1.551314847574193852e-12
1.943778906250000000e+04 6.222867232538982600e-13
2.448334375000000000e+04 3.788498038101314100e-13
3.085232226562500000e+04 2.084335878324190964e-13
3.891693750000000000e+04 1.012643244773782490e-13
4.921482812500000000e+04 4.246746946083721403e-14
6.162192968750000000e+04 1.528921722953275856e-14
7.775115625000000000e+04 4.150631857029341346e-15
9.801609375000000000e+04 8.279686412829638053e-16
1.236574296875000000e+05 1.134408371407122382e-16
1.559158906250000000e+05 1.042069833681172368e-17
1.964457500000000000e+05 6.381744850155189554e-19
2.473148593750000000e+05 2.782749537335958770e-20
3.118317812500000000e+05 9.497864520553517141e-22
3.928915000000000000e+05 3.118356957186681062e-23
4.962840000000000000e+05 1.099409069460042086e-24
6.244907500000000000e+05 4.652389212426574276e-26
7.857830000000000000e+05 1.709472797381695199e-27
9.925680000000000000e+05 3.671335906694073211e-29
1.248981500000000000e+06 3.528310267633456175e-31
1.571566000000000000e+06 8.880398259467642527e-34
1.981000250000000000e+06 3.204479272233691187e-37
2.497963000000000000e+06 4.545798650118509686e-42
3.147267500000000000e+06 1.018807273059334506e-49
3.970272000000000000e+06 3.115281167703474441e-63
5.004197000000000000e+06 1.231273277461264346e-87
6.286264000000000000e+06 2.097303114070110006e-129
7.940544000000000000e+06 2.210920539699826183e-198
1.000839400000000000e+07 9.999999999999999821e-201
