1.211760009765625000e+03 3.213289495173178131e-15
1.526073364257812500e+03 2.106449277370883067e-15
1.923100463867187500e+03 1.373355162665705537e-15
2.423520019531250000e+03 8.905046469181481533e-16
3.056282226562500000e+03 5.777489860802451754e-16
3.850336669921875000e+03 3.754987484176894508e-16
4.838769042968750000e+03 2.432497618663179467e-16
6.120835937500000000e+03 1.562351431713209139e-16
7.692401855468750000e+03 1.004738430983348319e-16
9.718894531250000000e+03 6.414379975959016396e-17
1.224167187500000000e+04 4.063603449688286641e-17
1.542616113281250000e+04 2.525299138481495861e-17
1.943778906250000000e+04 1.513462899403473172e-17
2.448334375000000000e+04 8.653518422328609329e-18
3.085232226562500000e+04 4.594623237275816896e-18
3.891693750000000000e+04 2.279944334197256866e-18
4.921482812500000000e+04 1.025523290235060326e-18
6.162192968750000000e+04 4.228364961201436587e-19
7.775115625000000000e+04 1.451005110773015413e-19
9.801609375000000000e+04 4.014851333047743297e-20
1.236574296875000000e+05 8.367040360466779976e-21
1.559158906250000000e+05 1.258568332219759815e-21
1.964457500000000000e+05 1.338035627593755960e-22
2.473148593750000000e+05 1.019613917900846279e-23
3.118317812500000000e+05 5.762537067024210433e-25
3.928915000000000000e+05 2.884876556968916700e-26
4.962840000000000000e+05 1.447899213171302706e-27
6.244907500000000000e+05 9.222801774731474960e-29
7.857830000000000000e+05 7.317839131630491477e-30
9.925680000000000000e+05 5.667746602312631929e-31
1.248981500000000000e+06 3.388155183865395809e-32
1.571566000000000000e+06 1.082120600672781104e-33
1.981000250000000000e+06 1.257576230720284742e-35
2.497963000000000000e+06 3.538120152921804640e-38
3.147267500000000000e+06 1.038834977603647091e-41
3.970272000000000000e+06 3.279650214499342608e-47
5.004197000000000000e+06 1.077610038722385557e-56
6.286264000000000000e+06 1.739381871085402807e-73
7.940544000000000000e+06 1.517693236657012905e-103
1.000839400000000000e+07 9.999999999999999821e-201
