1.211760009765625000e+03 1.295279486426396928e-12
1.526073364257812500e+03 9.019163103109135122e-13
1.923100463867187500e+03 6.238956310395632121e-13
2.423520019531250000e+03 4.315522519680255489e-13
3.056282226562500000e+03 2.972691364276133084e-13
3.850336669921875000e+03 2.046061062659792650e-13
4.838769042968750000e+03 1.406657767709100899e-13
6.120835937500000000e+03 9.566789328224056532e-14
7.692401855468750000e+03 6.552609158406333996e-14
9.718894531250000000e+03 4.424860628283507070e-14
1.224167187500000000e+04 2.994259261224870324e-14
1.542616113281250000e+04 2.012736716719362184e-14
1.943778906250000000e+04 1.346241615923769753e-14
2.448334375000000000e+04 8.912733363704087072e-15
3.085232226562500000e+04 5.823769460784168431e-15
3.891693750000000000e+04 3.712197024150599933e-15
4.921482812500000000e+04 2.302333549946091448e-15
6.162192968750000000e+04 1.407466286270908807e-15
7.775115625000000000e+04 8.204769723604908613e-16
9.801609375000000000e+04 4.539983032382344662e-16
1.236574296875000000e+05 2.317350691600425475e-16
1.559158906250000000e+05 1.055153752651392133e-16
1.964457500000000000e+05 4.151763328608621835e-17
2.473148593750000000e+05 1.385399218629636184e-17
3.118317812500000000e+05 3.823612389850713434e-18
3.928915000000000000e+05 8.935237620543855671e-19
4.962840000000000000e+05 1.824114409907107716e-19
6.244907500000000000e+05 3.663028411061900075e-20
7.857830000000000000e+05 7.784631348398334997e-21
9.925680000000000000e+05 1.847880613754533642e-21
1.248981500000000000e+06 5.231525169828074983e-22
1.571566000000000000e+06 1.602151387677010459e-22
1.981000250000000000e+06 4.617131215413332564e-23
2.497963000000000000e+06 1.087624254784673267e-23
3.147267500000000000e+06 1.811757476474102256e-24
3.970272000000000000e+06 1.811272677548230806e-25
5.004197000000000000e+06 8.768462984858705825e-27
6.286264000000000000e+06 1.204626707899942537e-28
7.940544000000000000e+06 1.065453632148603200e-31
1.000839400000000000e+07 9.999999999999999821e-201
