1.211760009765625000e+03 6.513761263471208807e-08
1.526073364257812500e+03 3.916215557928966743e-08
1.923100463867187500e+03 2.330779904638368776e-08
2.423520019531250000e+03 1.388689064774454607e-08
3.056282226562500000e+03 8.147742111388071852e-09
3.850336669921875000e+03 4.781981793955836157e-09
4.838769042968750000e+03 2.782125784471215206e-09
6.120835937500000000e+03 1.597752444507523363e-09
7.692401855468750000e+03 9.122644487002830360e-10
9.718894531250000000e+03 5.092471179217510692e-10
1.224167187500000000e+04 2.821750497203683633e-10
1.542616113281250000e+04 1.524208387418545876e-10
1.943778906250000000e+04 8.046501612417932593e-11
2.448334375000000000e+04 4.132822251525800475e-11
3.085232226562500000e+04 2.033545729749226861e-11
3.891693750000000000e+04 9.482641903275787857e-12
4.921482812500000000e+04 4.090580616951038756e-12
6.162192968750000000e+04 1.647515200984751741e-12
7.775115625000000000e+04 1.763369691929296756e-15
9.801609375000000000e+04 1.270407399516968579e-15
1.236574296875000000e+05 8.421141770537353987e-16
1.559158906250000000e+05 4.914885557952738405e-16
1.964457500000000000e+05 2.484388497842106591e-16
2.473148593750000000e+05 1.056195443905762057e-16
3.118317812500000000e+05 3.682865921512651531e-17
3.928915000000000000e+05 1.091326732280165695e-17
4.962840000000000000e+05 2.779602910334640494e-18
6.244907500000000000e+05 6.922948432389714669e-19
7.857830000000000000e+05 1.817195570785755496e-19
9.925680000000000000e+05 5.244461170465247072e-20
1.248981500000000000e+06 1.786065493815395939e-20
1.571566000000000000e+06 6.497889528968681079e-21
1.981000250000000000e+06 2.225788354840691112e-21
2.497963000000000000e+06 6.110878544924195403e-22
3.147267500000000000e+06 1.189193833551457962e-22
3.970272000000000000e+06 1.384902295045726843e-23
5.004197000000000000e+06 7.751978399962907345e-25
6.286264000000000000e+06 1.227248805700880336e-26
7.940544000000000000e+06 1.245657206296358535e-29
1.000839400000000000e+07 9.999999999999999821e-201
