1.211760009765625000e+03 5.442664765080149276e-12
1.526073364257812500e+03 3.451412196255579337e-12
1.923100463867187500e+03 2.315084417065046212e-12
2.423520019531250000e+03 1.600417442363384678e-12
3.056282226562500000e+03 1.120931793506116597e-12
3.850336669921875000e+03 7.839314416321043072e-13
4.838769042968750000e+03 5.520585917616648736e-13
6.120835937500000000e+03 3.821784396584353160e-13
7.692401855468750000e+03 2.668128280069645658e-13
9.718894531250000000e+03 1.847573385142938403e-13
1.224167187500000000e+04 1.269171621013010715e-13
1.542616113281250000e+04 8.764198227656639364e-14
1.943778906250000000e+04 5.988454084626423960e-14
2.448334375000000000e+04 4.065671520703371593e-14
3.085232226562500000e+04 2.716167887857534425e-14
3.891693750000000000e+04 1.778914217513752980e-14
4.921482812500000000e+04 1.130437481306063935e-14
6.162192968750000000e+04 7.037331431354543641e-15
7.775115625000000000e+04 4.167964726378337142e-15
9.801609375000000000e+04 2.324156172759725139e-15
1.236574296875000000e+05 1.186336030447963136e-15
1.559158906250000000e+05 5.396063165025035079e-16
1.964457500000000000e+05 2.134239783381138536e-16
2.473148593750000000e+05 7.064164332616462150e-17
3.118317812500000000e+05 1.958721684371377660e-17
3.928915000000000000e+05 4.583572275576695640e-18
4.962840000000000000e+05 9.346414786000228561e-19
6.244907500000000000e+05 1.879711947781764208e-19
7.857830000000000000e+05 3.997830255728662693e-20
9.925680000000000000e+05 9.503386013594741865e-21
1.248981500000000000e+06 2.685431806303999751e-21
1.571566000000000000e+06 8.233966884036648992e-22
1.981000250000000000e+06 2.372947915491314389e-22
2.497963000000000000e+06 5.555853796348511758e-23
3.147267500000000000e+06 9.216860182331340513e-24
3.970272000000000000e+06 9.216653005223297754e-25
5.004197000000000000e+06 4.445836618786673149e-26
6.286264000000000000e+06 6.070262909918332408e-28
7.940544000000000000e+06 5.338530884127251314e-31
1.000839400000000000e+07 9.999999999999999821e-201
