1.211760009765625000e+03 2.304102932585417399e-08
1.526073364257812500e+03 1.354852352111788934e-08
1.923100463867187500e+03 7.926221224527784852e-09
2.423520019531250000e+03 4.595751254724427553e-09
3.056282226562500000e+03 2.636905628776502597e-09
3.850336669921875000e+03 1.493389396309158534e-09
4.838769042968750000e+03 8.390043004739425656e-10
6.120835937500000000e+03 4.586141275901224794e-10
7.692401855468750000e+03 2.491560967417978058e-10
9.718894531250000000e+03 1.311932361719145447e-10
1.224167187500000000e+04 6.715519742253308870e-11
1.542616113281250000e+04 3.341533772417582637e-11
1.943778906250000000e+04 1.586089260140073239e-11
2.448334375000000000e+04 7.142395914749167500e-12
3.085232226562500000e+04 3.012129942421975843e-12
3.891693750000000000e+04 1.176141631414051370e-12
4.921482812500000000e+04 4.090580616951038428e-14
6.162192968750000000e+04 3.180135194926981021e-14
7.775115625000000000e+04 2.331728518253615149e-14
9.801609375000000000e+04 1.624939697056587821e-14
1.236574296875000000e+05 1.032665560182682797e-14
1.559158906250000000e+05 5.877240772097330965e-15
1.964457500000000000e+05 2.867884708918405347e-15
2.473148593750000000e+05 1.172788447453801106e-15
3.118317812500000000e+05 3.940901113465766314e-16
3.928915000000000000e+05 1.111789108510418929e-16
4.962840000000000000e+05 2.727485355765866320e-17
6.244907500000000000e+05 6.484787139200492275e-18
7.857830000000000000e+05 1.606166407726764999e-18
9.925680000000000000e+05 4.364518021058326241e-19
1.248981500000000000e+06 1.393384427799245114e-19
1.571566000000000000e+06 4.741971289842793497e-20
1.981000250000000000e+06 1.486311562571303851e-20
2.497963000000000000e+06 3.722590232871253090e-21
3.147267500000000000e+06 6.408028121488938595e-22
3.970272000000000000e+06 6.411584699285770920e-23
5.004197000000000000e+06 2.885173417734539103e-24
6.286264000000000000e+06 3.487573410977923359e-26
7.940544000000000000e+06 2.725579058984799207e-29
1.000839400000000000e+07 9.999999999999999821e-201
