1.211760009765625000e+03 1.125896784355252982e-11
1.526073364257812500e+03 6.349016131793930959e-12
1.923100463867187500e+03 3.515789216424206073e-12
2.423520019531250000e+03 1.911782703523576659e-12
3.056282226562500000e+03 1.017233257542995742e-12
3.850336669921875000e+03 5.291537231016704275e-13
4.838769042968750000e+03 2.660485755777967121e-13
6.120835937500000000e+03 1.277215806088997237e-13
7.692401855468750000e+03 5.924818100439158796e-14
9.718894531250000000e+03 2.577293165024057515e-14
1.224167187500000000e+04 1.059703128573727484e-14
1.542616113281250000e+04 4.045076147578884664e-15
1.943778906250000000e+04 2.452740524958903303e-16
2.448334375000000000e+04 1.886544403277997186e-16
3.085232226562500000e+04 1.432467818419539986e-16
3.891693750000000000e+04 1.059119185710295403e-16
4.921482812500000000e+04 7.580703497747713085e-17
6.162192968750000000e+04 5.301866493818367293e-17
7.775115625000000000e+04 3.520820671490122075e-17
9.801609375000000000e+04 2.194378352980860061e-17
1.236574296875000000e+05 1.248486769064429402e-17
1.559158906250000000e+05 6.305445915694884430e-18
1.964457500000000000e+05 2.731831049867786523e-18
2.473148593750000000e+05 9.890371470974315406e-19
3.118317812500000000e+05 2.944662065413672727e-19
3.928915000000000000e+05 7.349241573648173153e-20
4.962840000000000000e+05 1.584822454224417460e-20
6.244907500000000000e+05 3.317838406874526797e-21
7.857830000000000000e+05 7.206332277805237739e-22
9.925680000000000000e+05 1.714735244549703521e-22
1.248981500000000000e+06 4.821010605487318437e-23
1.571566000000000000e+06 1.466358216423270130e-23
1.981000250000000000e+06 4.219695768657122722e-24
2.497963000000000000e+06 9.967247658278667625e-25
3.147267500000000000e+06 1.673378041296956491e-25
3.970272000000000000e+06 1.699776751728978520e-26
5.004197000000000000e+06 8.412054683421739579e-28
6.286264000000000000e+06 1.199041780285802282e-29
7.940544000000000000e+06 1.136640053497029295e-32
1.000839400000000000e+07 9.999999999999999821e-201
