1.211760009765625000e+03 8.693318091592551272e-13
1.526073364257812500e+03 5.814986737530888793e-13
1.923100463867187500e+03 3.892480918183942208e-13
2.423520019531250000e+03 2.596786278075998593e-13
3.056282226562500000e+03 1.728308932718682172e-13
3.850336669921875000e+03 1.148459549584082116e-13
4.838769042968750000e+03 7.610250661072004736e-14
6.120835937500000000e+03 4.980296518977067266e-14
7.692401855468750000e+03 3.275375005523589483e-14
9.718894531250000000e+03 2.125298988777370897e-14
1.224167187500000000e+04 1.377236507144348400e-14
1.542616113281250000e+04 8.889380181975448188e-15
1.943778906250000000e+04 5.634010070527912229e-15
2.448334375000000000e+04 3.484834787703380760e-15
3.085232226562500000e+04 2.081834432265551070e-15
3.891693750000000000e+04 1.191157779524448040e-15
4.921482812500000000e+04 6.458018796924984878e-16
6.162192968750000000e+04 3.349593104300707936e-16
7.775115625000000000e+04 1.577096584515560619e-16
9.801609375000000000e+04 6.519574806302233513e-17
1.236574296875000000e+05 2.267169092262919943e-17
1.559158906250000000e+05 6.339440490335795064e-18
1.964457500000000000e+05 1.366419821769318785e-18
2.473148593750000000e+05 2.243220324832370417e-19
3.118317812500000000e+05 2.790867580858746912e-20
3.928915000000000000e+05 2.853093010176703741e-21
4.962840000000000000e+05 2.626541172093571045e-22
6.244907500000000000e+05 2.664321471894269354e-23
7.857830000000000000e+05 3.238314497110657279e-24
9.925680000000000000e+05 4.739398379349641869e-25
1.248981500000000000e+06 7.778487566297470060e-26
1.571566000000000000e+06 1.109706337144629051e-26
1.981000250000000000e+06 1.054411574627405364e-27
2.497963000000000000e+06 5.251972182427492440e-29
3.147267500000000000e+06 1.080915646687108056e-30
3.970272000000000000e+06 5.484736622343191837e-33
5.004197000000000000e+06 2.160640023038817862e-36
6.286264000000000000e+06 5.622999025772263103e-42
7.940544000000000000e+06 4.382402983073263797e-52
1.000839400000000000e+07 9.999999999999999821e-201
