1.211760009765625000e+03 1.668917799818626986e-09
1.526073364257812500e+03 9.988327559364281371e-10
1.923100463867187500e+03 5.917198815142525280e-10
2.423520019531250000e+03 3.493518230217349588e-10
3.056282226562500000e+03 2.044342566130097870e-10
3.850336669921875000e+03 1.183736121705980834e-10
4.838769042968750000e+03 6.830402865587449145e-11
6.120835937500000000e+03 3.845821615987869644e-11
7.692401855468750000e+03 2.156813673825969790e-11
9.718894531250000000e+03 1.184319802260306639e-11
1.224167187500000000e+04 6.381659856841723136e-12
1.542616113281250000e+04 3.332048906279618255e-12
1.943778906250000000e+04 1.663930336259190057e-12
2.448334375000000000e+04 7.821412870929069526e-13
3.085232226562500000e+04 3.373138957370245298e-13
3.891693750000000000e+04 1.319651546636523658e-13
4.921482812500000000e+04 4.499348885093633448e-14
6.162192968750000000e+04 2.177463634146405635e-17
7.775115625000000000e+04 1.272073242542004921e-17
9.801609375000000000e+04 6.387409901299816766e-18
1.236574296875000000e+05 2.585610682446544348e-18
1.559158906250000000e+05 8.036330341489401895e-19
1.964457500000000000e+05 1.859119001674432584e-19
2.473148593750000000e+05 3.188657637695999930e-20
3.118317812500000000e+05 4.080882194770295814e-21
3.928915000000000000e+05 4.341281378704828089e-22
4.962840000000000000e+05 4.290586130950964415e-23
6.244907500000000000e+05 4.926830311597586468e-24
7.857830000000000000e+05 7.020357747525606677e-25
9.925680000000000000e+05 1.171683654512873690e-25
1.248981500000000000e+06 1.965623747356998583e-26
1.571566000000000000e+06 2.459026359852447820e-27
1.981000250000000000e+06 1.690692140988912958e-28
2.497963000000000000e+06 4.837680981855918327e-30
3.147267500000000000e+06 4.067274200402601874e-32
3.970272000000000000e+06 4.130687307982824284e-35
5.004197000000000000e+06 6.824419918573624089e-40
6.286264000000000000e+06 3.667427398572384604e-48
7.940544000000000000e+06 2.322018244734940361e-63
1.000839400000000000e+07 9.999999999999999821e-201
