1.211760009765625000e+03 4.795025021866950085e-11
1.526073364257812500e+03 2.620699805179737279e-11
1.923100463867187500e+03 1.451832600532317231e-11
2.423520019531250000e+03 8.220042894629058766e-12
3.056282226562500000e+03 4.923211445487217628e-12
3.850336669921875000e+03 3.104367577454096084e-12
4.838769042968750000e+03 2.064715386766617018e-12
6.120835937500000000e+03 1.417530403328862307e-12
7.692401855468750000e+03 1.001937988477337036e-12
9.718894531250000000e+03 7.053213482047637565e-13
1.224167187500000000e+04 5.007148503060428587e-13
1.542616113281250000e+04 3.505894936172467348e-13
1.943778906250000000e+04 2.405953324050451246e-13
2.448334375000000000e+04 1.598288717102896715e-13
3.085232226562500000e+04 1.013177269246740481e-13
3.891693750000000000e+04 6.057883177447833771e-14
4.921482812500000000e+04 3.374511663820224613e-14
6.162192968750000000e+04 1.769189202743954373e-14
7.775115625000000000e+04 8.151148932793429165e-15
9.801609375000000000e+04 3.179253797027057226e-15
1.236574296875000000e+05 9.980895473342381331e-16
1.559158906250000000e+05 2.391611909627245745e-16
1.964457500000000000e+05 4.234267231950513123e-17
2.473148593750000000e+05 5.464619792138433691e-18
3.118317812500000000e+05 5.228630312049441386e-19
3.928915000000000000e+05 4.166464678891210789e-20
4.962840000000000000e+05 3.070713603523728186e-21
6.244907500000000000e+05 2.637117506528195045e-22
7.857830000000000000e+05 2.794728402677390926e-23
9.925680000000000000e+05 3.470130184451865307e-24
1.248981500000000000e+06 4.326925002298846972e-25
1.571566000000000000e+06 4.021618361096477769e-26
1.981000250000000000e+06 2.051294310920114203e-27
2.497963000000000000e+06 4.352114489253279922e-29
3.147267500000000000e+06 2.722449666398516241e-31
3.970272000000000000e+06 2.093128546197575286e-34
5.004197000000000000e+06 2.729767967429449636e-39
6.286264000000000000e+06 1.224782357636438017e-47
7.940544000000000000e+06 7.084123458513378215e-63
1.000839400000000000e+07 9.999999999999999821e-201
