1.211760009765625000e+03 6.127668339632569106e-10
1.526073364257812500e+03 3.688758593705819203e-10
1.923100463867187500e+03 2.205216004051789628e-10
2.423520019531250000e+03 1.301506791649600756e-10
3.056282226562500000e+03 7.653939559182735364e-11
3.850336669921875000e+03 4.468407876638470801e-11
4.838769042968750000e+03 2.585572591585385650e-11
6.120835937500000000e+03 1.464370538395381146e-11
7.692401855468750000e+03 8.254714151643029139e-12
9.718894531250000000e+03 4.526457882984417475e-12
1.224167187500000000e+04 2.442212137522121804e-12
1.542616113281250000e+04 1.284528998652722518e-12
1.943778906250000000e+04 6.415875530801200968e-13
2.448334375000000000e+04 3.032214410106560151e-13
3.085232226562500000e+04 1.309716957806761644e-13
3.891693750000000000e+04 5.147778662526094144e-14
4.921482812500000000e+04 1.761015649698532429e-14
6.162192968750000000e+04 1.916621636305950555e-18
7.775115625000000000e+04 1.142395873156654966e-18
9.801609375000000000e+04 5.780461449140104137e-19
1.236574296875000000e+05 2.366491133086668782e-19
1.559158906250000000e+05 7.489859878268121261e-20
1.964457500000000000e+05 1.760154492079595721e-20
2.473148593750000000e+05 3.061573456483478139e-21
3.118317812500000000e+05 3.981694085869628773e-22
3.928915000000000000e+05 4.312145262069225674e-23
4.962840000000000000e+05 4.360693747469769417e-24
6.244907500000000000e+05 5.116323785120569941e-25
7.857830000000000000e+05 7.489872119175406854e-26
9.925680000000000000e+05 1.283985602229762382e-26
1.248981500000000000e+06 2.227281453985689583e-27
1.571566000000000000e+06 2.894907286515256888e-28
1.981000250000000000e+06 2.069028843867550247e-29
2.497963000000000000e+06 6.204460738811494000e-31
3.147267500000000000e+06 5.494100230382548111e-33
3.970272000000000000e+06 5.927443670647999171e-36
5.004197000000000000e+06 1.044769441142456869e-40
6.286264000000000000e+06 5.950919929758964540e-49
7.940544000000000000e+06 3.915946022900451242e-64
1.000839400000000000e+07 9.999999999999999821e-201
