1.211760009765625000e+03 1.180697070319446553e-13
1.526073364257812500e+03 7.941214881355958874e-14
1.923100463867187500e+03 5.320770287356276076e-14
2.423520019531250000e+03 3.555791282449387776e-14
3.056282226562500000e+03 2.365314225063567319e-14
3.850336669921875000e+03 1.567862412855603981e-14
4.838769042968750000e+03 1.038595504219461395e-14
6.120835937500000000e+03 6.804145935978539233e-15
7.692401855468750000e+03 4.470486523930191439e-15
9.718894531250000000e+03 2.914294801373529300e-15
1.224167187500000000e+04 1.902225534250898240e-15
1.542616113281250000e+04 1.226580322021772251e-15
1.943778906250000000e+04 7.794988962655665397e-16
2.448334375000000000e+04 4.794866151308690122e-16
3.085232226562500000e+04 2.833601468462428711e-16
3.891693750000000000e+04 1.586994747894784810e-16
4.921482812500000000e+04 8.316419455644379011e-17
6.162192968750000000e+04 4.116767183308047902e-17
7.775115625000000000e+04 1.796957832911278992e-17
9.801609375000000000e+04 6.705335281002521877e-18
1.236574296875000000e+05 2.015899854110865450e-18
1.559158906250000000e+05 4.693216919429809289e-19
1.964457500000000000e+05 8.129227573861585004e-20
2.473148593750000000e+05 1.037469042989495328e-20
3.118317812500000000e+05 9.904641160223741329e-22
3.928915000000000000e+05 7.881319549930576431e-23
4.962840000000000000e+05 5.832953694364709123e-24
6.244907500000000000e+05 5.021577048359077837e-25
7.857830000000000000e+05 5.388236360362010477e-26
9.925680000000000000e+05 6.775550845585624897e-27
1.248981500000000000e+06 8.615558632895933113e-28
1.571566000000000000e+06 8.224168427600158302e-29
1.981000250000000000e+06 4.350872083104336077e-30
2.497963000000000000e+06 9.693345907882304173e-32
3.147267500000000000e+06 6.445317583702511004e-34
3.970272000000000000e+06 5.260606257700099782e-37
5.004197000000000000e+06 7.176194141180511513e-42
6.286264000000000000e+06 3.367574843972126542e-50
7.940544000000000000e+06 2.026846433963550148e-65
1.000839400000000000e+07 9.999999999999999821e-201
