1.211760009765625000e+03 2.590558972852794197e-14
1.526073364257812500e+03 1.720761381514242536e-14
1.923100463867187500e+03 1.137922849065870319e-14
2.423520019531250000e+03 7.535039320076636642e-15
3.056282226562500000e+03 4.923210507421486341e-15
3.850336669921875000e+03 3.217966030366568705e-15
4.838769042968750000e+03 2.098677358985173929e-15
6.120835937500000000e+03 1.352600092233117028e-15
7.692401855468750000e+03 8.710721534695119055e-16
9.718894531250000000e+03 5.540245276199162755e-16
1.224167187500000000e+04 3.487410493400371238e-16
1.542616113281250000e+04 2.149526179634375583e-16
1.943778906250000000e+04 1.266642669407040691e-16
2.448334375000000000e+04 7.037871658953048518e-17
3.085232226562500000e+04 3.656714992202303197e-17
3.891693750000000000e+04 1.747513972319255335e-17
4.921482812500000000e+04 7.542084038170185276e-18
6.162192968750000000e+04 2.954780208900073238e-18
7.775115625000000000e+04 9.463448549692192167e-19
9.801609375000000000e+04 2.399771156463748665e-19
1.236574296875000000e+05 4.526433599885211581e-20
1.559158906250000000e+05 6.046727015261178716e-21
1.964457500000000000e+05 5.688789224903689521e-22
2.473148593750000000e+05 3.770930745943505145e-23
3.118317812500000000e+05 1.900638041504928285e-24
3.928915000000000000e+05 8.570083521654862619e-26
4.962840000000000000e+05 3.980904374533656425e-27
6.244907500000000000e+05 2.385880680213558418e-28
7.857830000000000000e+05 1.726319636258828713e-29
9.925680000000000000e+05 1.125272122906334520e-30
1.248981500000000000e+06 5.148729622681220947e-32
1.571566000000000000e+06 1.117940253742160405e-33
1.981000250000000000e+06 7.658918447793203899e-36
2.497963000000000000e+06 1.023754496705672754e-38
3.147267500000000000e+06 8.818325147892370952e-43
3.970272000000000000e+06 2.681636862987490065e-49
5.004197000000000000e+06 9.723431097849024258e-61
6.286264000000000000e+06 5.219123373751099881e-81
7.940544000000000000e+06 7.006760745520413075e-117
1.000839400000000000e+07 9.999999999999999821e-201
