1.211760009765625000e+03 1.370007149104842858e-12
1.526073364257812500e+03 7.960993747810145888e-13
1.923100463867187500e+03 4.598777858983447712e-13
2.423520019531250000e+03 2.621695498968813398e-13
3.056282226562500000e+03 1.476469349768329447e-13
3.850336669921875000e+03 8.231094596552734489e-14
4.838769042968750000e+03 4.521667415346957081e-14
6.120835937500000000e+03 2.407086138637077576e-14
7.692401855468750000e+03 1.266480187179267998e-14
9.718894531250000000e+03 6.389029371438587770e-15
1.224167187500000000e+04 3.124138567004499682e-15
1.542616113281250000e+04 1.433017453089583821e-15
1.943778906250000000e+04 5.968365186825566197e-16
2.448334375000000000e+04 2.222232078614627270e-16
3.085232226562500000e+04 3.278434130939996680e-19
3.891693750000000000e+04 2.079465316406101081e-19
4.921482812500000000e+04 1.183688189323931679e-19
6.162192968750000000e+04 6.129597241867173457e-20
7.775115625000000000e+04 2.608376479527916878e-20
9.801609375000000000e+04 8.752106570632496069e-21
1.236574296875000000e+05 2.151346768006278918e-21
1.559158906250000000e+05 3.790485591656262621e-22
1.964457500000000000e+05 4.654463911284836774e-23
2.473148593750000000e+05 4.063502958990845352e-24
3.118317812500000000e+05 2.647007318077639778e-25
3.928915000000000000e+05 1.530839346616212086e-26
4.962840000000000000e+05 9.092189003564523580e-28
6.244907500000000000e+05 6.864405308994315504e-29
7.857830000000000000e+05 6.217396391123750077e-30
9.925680000000000000e+05 4.959532689846436019e-31
1.248981500000000000e+06 2.691725560092903377e-32
1.571566000000000000e+06 6.689124913695326087e-34
1.981000250000000000e+06 4.959740140200885059e-36
2.497963000000000000e+06 6.946142201030138632e-39
3.147267500000000000e+06 6.310118893252324101e-43
3.970272000000000000e+06 2.019934260432135063e-49
5.004197000000000000e+06 7.766514147338527167e-61
6.286264000000000000e+06 4.376402535420648178e-81
7.940544000000000000e+06 6.218737518043185871e-117
1.000839400000000000e+07 9.999999999999999821e-201
