1.211760009765625000e+03 1.581735526693773155e-11
1.526073364257812500e+03 9.019163103109134314e-12
1.923100463867187500e+03 5.124576692689746579e-12
2.423520019531250000e+03 2.908151539236189463e-12
3.056282226562500000e+03 1.659176259271433560e-12
3.850336669921875000e+03 9.524552318868162193e-13
4.838769042968750000e+03 5.613104377672083260e-13
6.120835937500000000e+03 3.375340849470620483e-13
7.692401855468750000e+03 2.114062754487804449e-13
9.718894531250000000e+03 1.385832940954553768e-13
1.224167187500000000e+04 8.004091444922378927e-14
1.542616113281250000e+04 5.992618440192806030e-14
1.943778906250000000e+04 4.281802936799887507e-14
2.448334375000000000e+04 2.863353263985007382e-14
3.085232226562500000e+04 1.768463026401286555e-14
3.891693750000000000e+04 9.996695649511897154e-15
4.921482812500000000e+04 5.049006258886151534e-15
6.162192968750000000e+04 2.284191792695801410e-15
7.775115625000000000e+04 8.385607029226110631e-16
9.801609375000000000e+04 2.406829306923936326e-16
1.236574296875000000e+05 5.042756824206718099e-17
1.559158906250000000e+05 7.430555088405527726e-18
1.964457500000000000e+05 7.535798713508782137e-19
2.473148593750000000e+05 5.363823905867915667e-20
3.118317812500000000e+05 2.820581568443386762e-21
3.928915000000000000e+05 1.294017191284986058e-22
4.962840000000000000e+05 5.946783078007065989e-24
6.244907500000000000e+05 3.445531596844719083e-25
7.857830000000000000e+05 2.394359035730635573e-26
9.925680000000000000e+05 1.470593726761188249e-27
1.248981500000000000e+06 6.284478804155019570e-29
1.571566000000000000e+06 1.249871091140303384e-30
1.981000250000000000e+06 7.782630786891183456e-33
2.497963000000000000e+06 9.489498883868864405e-36
3.147267500000000000e+06 7.392607908412764893e-40
3.970272000000000000e+06 2.019934260432135036e-46
5.004197000000000000e+06 6.543441053269468501e-58
6.286264000000000000e+06 3.136262210832083046e-78
7.940544000000000000e+06 3.769219533836862528e-114
1.000839400000000000e+07 9.999999999999999821e-201
