1.211760009765625000e+03 1.018787134516146987e-12
1.526073364257812500e+03 6.734704027650569684e-13
1.923100463867187500e+03 4.433975239463563733e-13
2.423520019531250000e+03 2.908151539236189968e-13
3.056282226562500000e+03 1.901139825990550011e-13
3.850336669921875000e+03 1.238601733024181228e-13
4.838769042968750000e+03 8.046164132693713532e-14
6.120835937500000000e+03 5.175470246596661196e-14
7.692401855468750000e+03 3.330380570378302377e-14
9.718894531250000000e+03 2.118946035317426280e-14
1.224167187500000000e+04 1.328877969907994503e-14
1.542616113281250000e+04 8.216096901030701300e-15
1.943778906250000000e+04 4.913865729461362907e-15
2.448334375000000000e+04 2.803634231084412564e-15
3.085232226562500000e+04 1.503238776492965383e-15
3.891693750000000000e+04 7.508461483172304797e-16
4.921482812500000000e+04 3.422760772865520659e-16
6.162192968750000000e+04 1.440294987989487570e-16
7.775115625000000000e+04 5.089353082396219450e-17
9.801609375000000000e+04 1.463115549022775959e-17
1.236574296875000000e+05 3.218551814200611248e-18
1.559158906250000000e+05 5.158783549448638830e-19
1.964457500000000000e+05 5.886634876038434661e-20
2.473148593750000000e+05 4.809409384738110511e-21
3.118317812500000000e+05 2.930912604747519386e-22
3.928915000000000000e+05 1.553908351188992940e-23
4.962840000000000000e+05 8.205320354468662631e-25
6.244907500000000000e+05 5.433330077112669324e-26
7.857830000000000000e+05 4.503313565161354731e-27
9.925680000000000000e+05 3.829792002936671271e-28
1.248981500000000000e+06 2.646222067188329203e-29
1.571566000000000000e+06 1.043010156705618743e-30
1.981000250000000000e+06 1.613878392647574250e-32
2.497963000000000000e+06 6.795619853104778286e-35
3.147267500000000000e+06 3.720176695167221203e-38
3.970272000000000000e+06 3.769602019832604706e-43
5.004197000000000000e+06 1.161794682600382293e-51
6.286264000000000000e+06 1.049036641081937348e-66
7.940544000000000000e+06 8.702983307737578136e-94
1.000839400000000000e+07 9.999999999999999821e-201
