1.211760009765625000e+03 2.839651181780947280e-11
1.526073364257812500e+03 2.027333811554136928e-11
1.923100463867187500e+03 1.436137112958994774e-11
2.423520019531250000e+03 1.015050751382224691e-11
3.056282226562500000e+03 7.110756751756862986e-12
3.850336669921875000e+03 4.977924686521234236e-12
4.838769042968750000e+03 3.461721778019388294e-12
6.120835937500000000e+03 2.365929255587044599e-12
7.692401855468750000e+03 1.622091242513667017e-12
9.718894531250000000e+03 1.096593240175222590e-12
1.224167187500000000e+04 7.363690769031456825e-13
1.542616113281250000e+04 4.842474644090759355e-13
1.943778906250000000e+04 3.072956848307470795e-13
2.448334375000000000e+04 1.855269971771200964e-13
3.085232226562500000e+04 1.046961594922159483e-13
3.891693750000000000e+04 5.479147568801409970e-14
4.921482812500000000e+04 2.616627926746614702e-14
6.162192968750000000e+04 1.139337826320042297e-14
7.775115625000000000e+04 4.169986073963354393e-15
9.801609375000000000e+04 1.229508864725021964e-15
1.236574296875000000e+05 2.735592779649150600e-16
1.559158906250000000e+05 4.401667114853298786e-17
1.964457500000000000e+05 5.036094475698280180e-18
2.473148593750000000e+05 4.115393346940458953e-19
3.118317812500000000e+05 2.503694835241948830e-20
3.928915000000000000e+05 1.319757777722158885e-21
4.962840000000000000e+05 6.888417087702086072e-23
6.244907500000000000e+05 4.488204593110717522e-24
7.857830000000000000e+05 3.653730103215404094e-25
9.925680000000000000e+05 3.011303759884814363e-26
1.248981500000000000e+06 2.032859336383086807e-27
1.571566000000000000e+06 7.806579086999108741e-29
1.981000250000000000e+06 1.177507840129131528e-30
2.497963000000000000e+06 4.761003130618318405e-33
3.147267500000000000e+06 2.534764460096988388e-36
3.970272000000000000e+06 2.462147683990783121e-41
5.004197000000000000e+06 7.268563697213183818e-50
6.286264000000000000e+06 6.289188495695069400e-65
7.940544000000000000e+06 4.960403455263398662e-92
1.000839400000000000e+07 9.999999999999999821e-201
