1.211760009765625000e+03 1.154542388381990621e-10
1.526073364257812500e+03 6.734704027650571138e-11
1.923100463867187500e+03 3.916024149543925327e-11
2.423520019531250000e+03 2.248057185576582859e-11
3.056282226562500000e+03 1.278944836469471500e-11
3.850336669921875000e+03 7.211650188116760061e-12
4.838769042968750000e+03 4.021818725638971167e-12
6.120835937500000000e+03 2.188752972014821531e-12
7.692401855468750000e+03 1.170427408159535346e-12
9.718894531250000000e+03 6.078741490833134231e-13
1.224167187500000000e+04 3.015039344556408473e-13
1.542616113281250000e+04 1.404659649521347924e-13
1.943778906250000000e+04 5.906373457021468787e-14
2.448334375000000000e+04 2.211946177094320823e-14
3.085232226562500000e+04 7.180006197176634857e-15
3.891693750000000000e+04 1.274010013081522360e-17
4.921482812500000000e+04 6.773610575474253425e-18
6.162192968750000000e+04 3.184443718055701259e-18
7.775115625000000000e+04 1.188989778510479652e-18
9.801609375000000000e+04 3.410311623543869248e-19
1.236574296875000000e+05 6.981214731130853850e-20
1.559158906250000000e+05 9.969621396744593781e-21
1.964457500000000000e+05 9.744723239203316322e-22
2.473148593750000000e+05 6.845907412082910423e-23
3.118317812500000000e+05 3.688465529959801009e-24
3.928915000000000000e+05 1.867849481443261493e-25
4.962840000000000000e+05 1.011738187697025330e-26
6.244907500000000000e+05 7.097639579998419396e-28
7.857830000000000000e+05 5.318375370290133744e-29
9.925680000000000000e+05 2.899403771647694672e-30
1.248981500000000000e+06 8.848155799571446546e-32
1.571566000000000000e+06 9.865622408392016228e-34
1.981000250000000000e+06 2.430666520608204532e-36
2.497963000000000000e+06 6.094611519643838597e-40
3.147267500000000000e+06 2.250042378364842176e-45
3.970272000000000000e+06 1.120162438534251971e-54
5.004197000000000000e+06 1.728458890728470276e-71
6.286264000000000000e+06 5.812761941752645682e-101
7.940544000000000000e+06 1.624808136544481325e-151
1.000839400000000000e+07 9.999999999999999821e-201
