1.211760009765625000e+03 1.100987563462437493e-08
1.526073364257812500e+03 6.616030828925450745e-09
1.923100463867187500e+03 3.963110612263892426e-09
2.423520019531250000e+03 2.353921374371047946e-09
3.056282226562500000e+03 1.392523197219052335e-09
3.850336669921875000e+03 8.192083565055490753e-10
4.838769042968750000e+03 4.772007862245703263e-10
6.120835937500000000e+03 2.736722417981829606e-10
7.692401855468750000e+03 1.555360346181588296e-10
9.718894531250000000e+03 8.703574313733865401e-11
1.224167187500000000e+04 4.772139478065478682e-11
1.542616113281250000e+04 2.566375718221145113e-11
1.943778906250000000e+04 1.342227967552158812e-11
2.448334375000000000e+04 6.654931374738596572e-12
3.085232226562500000e+04 3.106247548617814938e-12
3.891693750000000000e+04 1.331009703451809377e-12
4.921482812500000000e+04 5.174870502561371661e-13
6.162192968750000000e+04 1.809675724461377916e-13
7.775115625000000000e+04 1.817666716579200245e-16
9.801609375000000000e+04 1.032098650490722803e-16
1.236574296875000000e+05 4.923838364688145957e-17
1.559158906250000000e+05 1.889266682267053996e-17
1.964457500000000000e+05 5.607698296998874716e-18
2.473148593750000000e+05 1.283643600178809718e-18
3.118317812500000000e+05 2.209190497251289168e-19
3.928915000000000000e+05 3.103861737525028319e-20
4.962840000000000000e+05 3.898021993471649432e-21
6.244907500000000000e+05 5.321692101937620866e-22
7.857830000000000000e+05 8.615718356080930669e-23
9.925680000000000000e+05 1.666329401276836548e-23
1.248981500000000000e+06 3.634668456997079643e-24
1.571566000000000000e+06 6.935443874694340353e-25
1.981000250000000000e+06 8.930125432970426892e-26
2.497963000000000000e+06 6.198063293531735557e-27
3.147267500000000000e+06 1.808003122457797193e-28
3.970272000000000000e+06 1.396917339393812032e-30
5.004197000000000000e+06 9.536734610996598348e-34
6.286264000000000000e+06 5.753215926099246873e-39
7.940544000000000000e+06 1.832195077000913387e-48
1.000839400000000000e+07 9.999999999999999821e-201
