1.211760009765625000e+03 8.830318806503035270e-09
1.526073364257812500e+03 5.241399610359474739e-09
1.923100463867187500e+03 3.099858795731163342e-09
2.423520019531250000e+03 1.812145819952314882e-09
3.056282226562500000e+03 1.051799436197369469e-09
3.850336669921875000e+03 6.036272100567201808e-10
4.838769042968750000e+03 3.430855325797563967e-10
6.120835937500000000e+03 1.915705692587281138e-10
7.692401855468750000e+03 1.061097033145320665e-10
9.718894531250000000e+03 5.709296519525958228e-11
1.224167187500000000e+04 3.001036166618496030e-11
1.542616113281250000e+04 1.535936982874776443e-11
1.943778906250000000e+04 7.481395660049248355e-12
2.448334375000000000e+04 3.462920042784331436e-12
3.085232226562500000e+04 1.477901255325285091e-12
3.891693750000000000e+04 5.759176601474175558e-13
4.921482812500000000e+04 1.625129545059698987e-14
6.162192968750000000e+04 1.097480761931416451e-14
7.775115625000000000e+04 6.714778501537725081e-15
9.801609375000000000e+04 3.628992029144800090e-15
1.236574296875000000e+05 1.644171577283530616e-15
1.559158906250000000e+05 5.955993269519865901e-16
1.964457500000000000e+05 1.663847930920242372e-16
2.473148593750000000e+05 3.523627253080477779e-17
3.118317812500000000e+05 5.605279418516016154e-18
3.928915000000000000e+05 7.250427027499872255e-19
4.962840000000000000e+05 8.269921170463380442e-20
6.244907500000000000e+05 1.015573911086900722e-20
7.857830000000000000e+05 1.465378326956387976e-21
9.925680000000000000e+05 2.510221544412745584e-22
1.248981500000000000e+06 4.774632654873436313e-23
1.571566000000000000e+06 7.853370269874471693e-24
1.981000250000000000e+06 8.592228794966142591e-25
2.497963000000000000e+06 4.928580450278246794e-26
3.147267500000000000e+06 1.144653011321556853e-27
3.970272000000000000e+06 6.816956616241803751e-30
5.004197000000000000e+06 3.731363153622940515e-33
6.286264000000000000e+06 1.908173860776059103e-38
7.940544000000000000e+06 5.615308904994042415e-48
1.000839400000000000e+07 9.999999999999999821e-201
