1.211760009765625000e+03 2.740013532525431294e-12
1.526073364257812500e+03 1.859165250736801566e-12
1.923100463867187500e+03 1.263198421719842755e-12
2.423520019531250000e+03 8.460523356748589476e-13
3.056282226562500000e+03 5.659874288011695872e-13
3.850336669921875000e+03 3.764459210162730746e-13
4.838769042968750000e+03 2.457031090291730028e-13
6.120835937500000000e+03 1.539048226222961520e-13
7.692401855468750000e+03 9.160932695018414233e-14
9.718894531250000000e+03 4.998104010905865160e-14
1.224167187500000000e+04 2.483085631869431255e-14
1.542616113281250000e+04 1.104058675206868004e-14
1.943778906250000000e+04 4.384610775406055822e-15
2.448334375000000000e+04 1.538400192092755760e-15
3.085232226562500000e+04 4.749898610646820569e-16
3.891693750000000000e+04 1.254489920303206048e-16
4.921482812500000000e+04 2.703617913089679982e-17
6.162192968750000000e+04 4.925061841939482740e-18
7.775115625000000000e+04 6.457534840731937973e-19
9.801609375000000000e+04 6.163608029585892541e-20
1.236574296875000000e+05 4.112060014719945636e-21
1.559158906250000000e+05 1.938750816333372862e-22
1.964457500000000000e+05 6.753050506334227860e-24
2.473148593750000000e+05 1.850727532655333949e-25
3.118317812500000000e+05 4.100582750467936354e-27
3.928915000000000000e+05 7.473016779848485867e-29
4.962840000000000000e+05 9.325270632804127564e-31
6.244907500000000000e+05 7.077363422406179481e-33
7.857830000000000000e+05 2.086503423090941937e-35
9.925680000000000000e+05 1.311554668067800201e-38
1.248981500000000000e+06 9.431566249321051471e-43
1.571566000000000000e+06 1.300236078775317129e-48
1.981000250000000000e+06 7.580709182306334163e-58
2.497963000000000000e+06 1.560960940584798608e-73
3.147267500000000000e+06 1.077016793841756754e-100
3.970272000000000000e+06 6.119360347409563099e-147
5.004197000000000000e+06 9.999999999999999821e-201
6.286264000000000000e+06 9.999999999999999821e-201
7.940544000000000000e+06 9.999999999999999821e-201
1.000839400000000000e+07 9.999999999999999821e-201
