1.211760009765625000e+03 2.316556895680591999e-16
1.526073364257812500e+03 1.137255339546447593e-16
1.923100463867187500e+03 5.319556086497226240e-17
2.423520019531250000e+03 2.307981003936563596e-17
3.056282226562500000e+03 9.301880351601832352e-18
3.850336669921875000e+03 3.349204431309729814e-18
4.838769042968750000e+03 1.133082155079047091e-21
6.120835937500000000e+03 7.934648632971711969e-22
7.692401855468750000e+03 5.295907231231470078e-22
9.718894531250000000e+03 3.226347228046455341e-22
1.224167187500000000e+04 1.788889648766149215e-22
1.542616113281250000e+04 8.906073313335401363e-23
1.943778906250000000e+04 3.964418909429641561e-23
2.448334375000000000e+04 1.579098609872987519e-23
3.085232226562500000e+04 5.488058529868960533e-24
3.891693750000000000e+04 1.636291200395486027e-24
4.921482812500000000e+04 3.966933732524360335e-25
6.162192968750000000e+04 8.147812796118496254e-26
7.775115625000000000e+04 1.209366114007918703e-26
9.801609375000000000e+04 1.302102533998904365e-27
1.236574296875000000e+05 9.729944823562689993e-29
1.559158906250000000e+05 5.086912856188991900e-30
1.964457500000000000e+05 1.943135823112945611e-31
2.473148593750000000e+05 5.912501232642260864e-33
3.118317812500000000e+05 1.456983614635127797e-34
3.928915000000000000e+05 2.963874451668721363e-36
4.962840000000000000e+05 4.144564725690721933e-38
6.244907500000000000e+05 3.469295795297145563e-40
7.857830000000000000e+05 1.153826777746143122e-42
9.925680000000000000e+05 8.099275904756351205e-46
1.248981500000000000e+06 6.584630511100068558e-50
1.571566000000000000e+06 1.021002243676006772e-55
1.981000250000000000e+06 6.695579296613315907e-65
2.497963000000000000e+06 1.552523313878934676e-80
3.147267500000000000e+06 1.206929325394653409e-107
3.970272000000000000e+06 7.700768077639001310e-154
5.004197000000000000e+06 9.999999999999999821e-201
6.286264000000000000e+06 9.999999999999999821e-201
7.940544000000000000e+06 9.999999999999999821e-201
1.000839400000000000e+07 9.999999999999999821e-201
