1.211760009765625000e+03 5.118844893473550120e-14
1.526073364257812500e+03 3.075613733626032377e-14
1.923100463867187500e+03 1.804981070932069965e-14
2.423520019531250000e+03 1.046187277498243841e-14
3.056282226562500000e+03 5.876247853750036066e-15
3.850336669921875000e+03 3.237535840267264207e-15
4.838769042968750000e+03 1.727512126830033600e-15
6.120835937500000000e+03 8.843603315323648495e-16
7.692401855468750000e+03 4.363538554711659374e-16
9.718894531250000000e+03 2.019507610075832104e-16
1.224167187500000000e+04 8.762713777419046515e-17
1.542616113281250000e+04 3.414481493034673204e-17
1.943778906250000000e+04 5.074942799968537258e-21
2.448334375000000000e+04 3.419890179648009832e-21
3.085232226562500000e+04 2.131795359610522636e-21
3.891693750000000000e+04 1.214023449601546328e-21
4.921482812500000000e+04 6.192567888664405853e-22
6.162192968750000000e+04 2.830916876469863271e-22
7.775115625000000000e+04 1.045618021675312278e-22
9.801609375000000000e+04 3.014210127513394440e-23
1.236574296875000000e+05 6.344971385218538041e-24
1.559158906250000000e+05 9.397229301757198861e-25
1.964457500000000000e+05 9.612441997066444462e-26
2.473148593750000000e+05 6.959949141590848193e-27
3.118317812500000000e+05 3.785868908595446316e-28
3.928915000000000000e+05 1.860147540235225032e-29
4.962840000000000000e+05 9.467956622028899010e-31
6.244907500000000000e+05 6.149992390267890457e-32
7.857830000000000000e+05 4.678352175124956506e-33
9.925680000000000000e+05 3.013193732601780795e-34
1.248981500000000000e+06 1.299498097544640543e-35
1.571566000000000000e+06 2.519060726343718888e-37
1.981000250000000000e+06 1.429904961963576726e-39
2.497963000000000000e+06 1.382022261651777988e-42
3.147267500000000000e+06 6.346825080440665249e-47
3.970272000000000000e+06 5.147466538427369112e-54
5.004197000000000000e+06 1.313316742743939889e-66
6.286264000000000000e+06 6.334409661407955396e-89
7.940544000000000000e+06 3.674867171507455628e-128
1.000839400000000000e+07 9.999999999999999821e-201
