1.211760009765625000e+03 1.394916369997658520e-15
1.526073364257812500e+03 7.951104314583052673e-16
1.923100463867187500e+03 4.394736520530257935e-16
2.423520019531250000e+03 2.360148679594252690e-16
3.056282226562500000e+03 1.219691420081541934e-16
3.850336669921875000e+03 6.036018678879295935e-17
4.838769042968750000e+03 2.834335271693970928e-17
6.120835937500000000e+03 1.233942695230447426e-17
7.692401855468750000e+03 5.026522318641826967e-18
9.718894531250000000e+03 1.816698723588516620e-18
1.224167187500000000e+04 6.058684803172711826e-22
1.542616113281250000e+04 4.356608295735453568e-22
1.943778906250000000e+04 2.960595431705029206e-22
2.448334375000000000e+04 1.875021692780024938e-22
3.085232226562500000e+04 1.092030731647226221e-22
3.891693750000000000e+04 5.772264716363302239e-23
4.921482812500000000e+04 2.720981292447528325e-23
6.162192968750000000e+04 1.141698586271731043e-23
7.775115625000000000e+04 3.826146498224622292e-24
9.801609375000000000e+04 9.940529585706224804e-25
1.236574296875000000e+05 1.862629841590672767e-25
1.559158906250000000e+05 2.421967862329363215e-26
1.964457500000000000e+05 2.186769658143006483e-27
2.473148593750000000e+05 1.385175015847393481e-28
3.118317812500000000e+05 6.643818539309042830e-30
3.928915000000000000e+05 2.906710438147885560e-31
4.962840000000000000e+05 1.336020031873549706e-32
6.244907500000000000e+05 8.021828789109069910e-34
7.857830000000000000e+05 5.550766339844227477e-35
9.925680000000000000e+05 3.121271481951059694e-36
1.248981500000000000e+06 1.097606650451054018e-37
1.571566000000000000e+06 1.607971689143583237e-39
1.981000250000000000e+06 6.242432302102318485e-42
2.497963000000000000e+06 3.497476517590831021e-45
3.147267500000000000e+06 6.346475471732800051e-50
3.970272000000000000e+06 8.446660066890033707e-58
5.004197000000000000e+06 6.817955788833804441e-72
6.286264000000000000e+06 7.911540856666685267e-97
7.940544000000000000e+06 2.489802832899041100e-140
1.000839400000000000e+07 9.999999999999999821e-201
