1.211760009765625000e+03 1.519462474461735122e-12
1.526073364257812500e+03 8.821374438567266494e-13
1.923100463867187500e+03 5.336465774929598937e-13
2.423520019531250000e+03 3.368972125753272698e-13
3.056282226562500000e+03 2.222111484924019683e-13
3.850336669921875000e+03 1.520806110729917385e-13
4.838769042968750000e+03 1.066541776592735923e-13
6.120835937500000000e+03 7.441740698733810700e-14
7.692401855468750000e+03 5.306970592022486068e-14
9.718894531250000000e+03 3.739089890435319758e-14
1.224167187500000000e+04 2.600771597828303047e-14
1.542616113281250000e+04 1.766119543917758090e-14
1.943778906250000000e+04 1.151988488834133599e-14
2.448334375000000000e+04 7.145417239742023315e-15
3.085232226562500000e+04 4.101163771021718325e-15
3.891693750000000000e+04 2.170874582191687594e-15
4.921482812500000000e+04 1.036949108781853592e-15
6.162192968750000000e+04 4.515751748851601089e-16
7.775115625000000000e+04 1.621462574791341265e-16
9.801609375000000000e+04 4.628901816238488308e-17
1.236574296875000000e+05 9.840051121404029090e-18
1.559158906250000000e+05 1.486467648439929787e-18
1.964457500000000000e+05 1.570036330130941820e-19
2.473148593750000000e+05 1.178568091688173930e-20
3.118317812500000000e+05 6.637926946898405887e-22
3.928915000000000000e+05 3.323038925800637103e-23
4.962840000000000000e+05 1.669675681108803604e-24
6.244907500000000000e+05 1.073465994539783455e-25
7.857830000000000000e+05 8.532884745824368568e-27
9.925680000000000000e+05 6.458882918401662788e-28
1.248981500000000000e+06 3.644437681543451400e-29
1.571566000000000000e+06 1.058753563614169404e-30
1.981000250000000000e+06 1.063960108208828435e-32
2.497963000000000000e+06 2.436537471539102707e-35
3.147267500000000000e+06 5.097630433646025882e-39
3.970272000000000000e+06 8.538630269732358016e-45
5.004197000000000000e+06 8.335477434782688461e-55
6.286264000000000000e+06 1.565207092156670901e-72
7.940544000000000000e+06 3.499345972595920857e-104
1.000839400000000000e+07 9.999999999999999821e-201
