1.211760009765625000e+03 2.914378844459393856e-11
1.526073364257812500e+03 1.681203648605869222e-11
1.923100463867187500e+03 9.574247419726632365e-12
2.423520019531250000e+03 5.417755544187333158e-12
3.056282226562500000e+03 3.031947670540774019e-12
3.850336669921875000e+03 1.665831435722203478e-12
4.838769042968750000e+03 9.043775298593378535e-13
6.120835937500000000e+03 4.755814420051739779e-13
7.692401855468750000e+03 2.447864664217013389e-13
9.718894531250000000e+03 1.220611989026406090e-13
1.224167187500000000e+04 5.797046972729441566e-14
1.542616113281250000e+04 2.602208051410738585e-14
1.943778906250000000e+04 1.060672328133867005e-14
2.448334375000000000e+04 1.089301369415217456e-16
3.085232226562500000e+04 7.535471644316328720e-17
3.891693750000000000e+04 4.837949068884332879e-17
4.921482812500000000e+04 2.808891491056939878e-17
6.162192968750000000e+04 1.495121036631889733e-17
7.775115625000000000e+04 6.569945602882257156e-18
9.801609375000000000e+04 2.305302880814425562e-18
1.236574296875000000e+05 6.048031420960526232e-19
1.559158906250000000e+05 1.139929178251480066e-19
1.964457500000000000e+05 1.502573831570627994e-20
2.473148593750000000e+05 1.409543747848167867e-21
3.118317812500000000e+05 9.827580155148288326e-23
3.928915000000000000e+05 6.003809823925522946e-24
4.962840000000000000e+05 3.675502882086857991e-25
6.244907500000000000e+05 2.844763470156673509e-26
7.857830000000000000e+05 2.688443139095349340e-27
9.925680000000000000e+05 2.375091866819659238e-28
1.248981500000000000e+06 1.531720184996522804e-29
1.571566000000000000e+06 4.889419723424230161e-31
1.981000250000000000e+06 5.221704928230561127e-33
2.497963000000000000e+06 1.233035629536454671e-35
3.147267500000000000e+06 2.687297100850107127e-39
3.970272000000000000e+06 4.714808888069607709e-45
5.004197000000000000e+06 4.891968724020004962e-55
6.286264000000000000e+06 9.590729731352149093e-73
7.940544000000000000e+06 2.236989314333540580e-104
1.000839400000000000e+07 9.999999999999999821e-201
