1.211760009765625000e+03 3.761292354815114267e-10
1.526073364257812500e+03 2.175675309960536838e-10
1.923100463867187500e+03 1.247791262079126553e-10
2.423520019531250000e+03 7.036789367949622894e-11
3.056282226562500000e+03 3.944911563251512260e-11
3.850336669921875000e+03 2.181609399475587775e-11
4.838769042968750000e+03 1.182232492423820833e-11
6.120835937500000000e+03 6.242263946151861237e-12
7.692401855468750000e+03 3.189080626728846997e-12
9.718894531250000000e+03 1.532044291990942324e-12
1.224167187500000000e+04 6.789189556906438518e-13
1.542616113281250000e+04 2.637852222204166673e-13
1.943778906250000000e+04 8.878590360184727113e-14
2.448334375000000000e+04 3.871010256215030602e-16
3.085232226562500000e+04 1.996103889898731828e-16
3.891693750000000000e+04 8.996832883751699623e-17
4.921482812500000000e+04 3.386670072929876860e-17
6.162192968750000000e+04 1.080914534019692339e-17
7.775115625000000000e+04 2.511455156744004947e-18
9.801609375000000000e+04 4.246129030437991645e-19
1.236574296875000000e+05 4.878977683068262622e-20
1.559158906250000000e+05 3.761689801295542204e-21
1.964457500000000000e+05 2.020169289691029827e-22
2.473148593750000000e+05 8.123168951719110732e-24
3.118317812500000000e+05 2.770129363329967767e-25
3.928915000000000000e+05 9.668365378701977741e-27
4.962840000000000000e+05 3.474696552701645535e-28
6.244907500000000000e+05 1.174559021524709429e-29
7.857830000000000000e+05 2.515119851182850985e-31
9.925680000000000000e+05 2.165092506112331896e-33
1.248981500000000000e+06 5.675298961053391097e-36
1.571566000000000000e+06 2.287482316860768840e-39
1.981000250000000000e+06 4.248636477562775076e-44
2.497963000000000000e+06 2.095440574986502708e-51
3.147267500000000000e+06 5.648584036183805691e-64
3.970272000000000000e+06 7.015941034024354077e-87
5.004197000000000000e+06 2.993815869286411605e-127
6.286264000000000000e+06 8.872732891407564085e-193
7.940544000000000000e+06 9.999999999999999821e-201
1.000839400000000000e+07 9.999999999999999821e-201
