1.211760009765625000e+03 1.005087063025098567e-12
1.526073364257812500e+03 6.517136496654516314e-13
1.923100463867187500e+03 4.206390669650388818e-13
2.423520019531250000e+03 2.702650466870463156e-13
3.056282226562500000e+03 1.728308660246118693e-13
3.850336669921875000e+03 1.097480593358443928e-13
4.838769042968750000e+03 6.985239414755643068e-14
6.120835937500000000e+03 4.385566274194399651e-14
7.692401855468750000e+03 2.740591445787363848e-14
9.718894531250000000e+03 1.697816974513744283e-14
1.224167187500000000e+04 1.045480924520404845e-14
1.542616113281250000e+04 6.260352653260401140e-15
1.943778906250000000e+04 3.601961130663606018e-15
2.448334375000000000e+04 1.950697417101088814e-15
3.085232226562500000e+04 9.834422699588637116e-16
3.891693750000000000e+04 4.562130776690331802e-16
4.921482812500000000e+04 1.919388590426274867e-16
6.162192968750000000e+04 7.295383815941045175e-17
7.775115625000000000e+04 2.268792380928910277e-17
9.801609375000000000e+04 5.596466406115490854e-18
1.236574296875000000e+05 1.023719403194711095e-18
1.559158906250000000e+05 1.333147626124044662e-19
1.964457500000000000e+05 1.215796494421192230e-20
2.473148593750000000e+05 7.891555163403358120e-22
3.118317812500000000e+05 3.867388249516680532e-23
3.928915000000000000e+05 1.697520511576375128e-24
4.962840000000000000e+05 7.735703374861234732e-26
6.244907500000000000e+05 4.561553604523163706e-27
7.857830000000000000e+05 3.266988527253945188e-28
9.925680000000000000e+05 2.133020845586404954e-29
1.248981500000000000e+06 9.843856943559695329e-31
1.571566000000000000e+06 2.203821360113706038e-32
1.981000250000000000e+06 1.584431271296483933e-34
2.497963000000000000e+06 2.257290881202151633e-37
3.147267500000000000e+06 2.176438008536933501e-41
3.970272000000000000e+06 8.231109518748418689e-48
5.004197000000000000e+06 4.465526317431778530e-59
6.286264000000000000e+06 4.796613712470138467e-79
7.940544000000000000e+06 1.974248215419487136e-114
1.000839400000000000e+07 9.999999999999999821e-201
