1.211760009765625000e+03 2.478467478835125366e-12
1.526073364257812500e+03 1.621867049243309421e-12
1.923100463867187500e+03 1.051597667412597129e-12
2.423520019531250000e+03 6.787762693292177027e-13
3.056282226562500000e+03 4.389903997025141753e-13
3.850336669921875000e+03 2.818173380802575391e-13
4.838769042968750000e+03 1.805559652296213074e-13
6.120835937500000000e+03 1.143203792823708554e-13
7.692401855468750000e+03 7.223416024968122355e-14
9.718894531250000000e+03 4.506932332345575927e-14
1.224167187500000000e+04 2.774219370975349496e-14
1.542616113281250000e+04 1.667564174008350587e-14
1.943778906250000000e+04 9.591429064410754734e-15
2.448334375000000000e+04 5.227675460221279238e-15
3.085232226562500000e+04 2.636259762373598855e-15
3.891693750000000000e+04 1.226192955591451592e-15
4.921482812500000000e+04 5.153717430647345890e-16
6.162192968750000000e+04 1.959635944719930140e-16
7.775115625000000000e+04 6.123536717458611874e-17
9.801609375000000000e+04 1.509811948731545899e-17
1.236574296875000000e+05 2.764399085281885282e-18
1.559158906250000000e+05 3.615848514251536139e-19
1.964457500000000000e+05 3.292782172390728655e-20
2.473148593750000000e+05 2.139026794290910881e-21
3.118317812500000000e+05 1.050718132850615883e-22
3.928915000000000000e+05 4.625743394045621766e-24
4.962840000000000000e+05 2.100835438972670884e-25
6.244907500000000000e+05 1.236784868849980666e-26
7.857830000000000000e+05 8.876895330177758570e-28
9.925680000000000000e+05 5.761149760509075954e-29
1.248981500000000000e+06 2.659568367207356767e-30
1.571566000000000000e+06 5.944876138084502424e-32
1.981000250000000000e+06 4.257297937657509404e-34
2.497963000000000000e+06 6.060214434754543691e-37
3.147267500000000000e+06 5.859640792214821355e-41
3.970272000000000000e+06 2.226280242043616616e-47
5.004197000000000000e+06 1.210268086738577420e-58
6.286264000000000000e+06 1.296772953421575176e-78
7.940544000000000000e+06 5.340412438832567563e-114
1.000839400000000000e+07 9.999999999999999821e-201
