1.211760009765625000e+03 1.407370980444065804e-09
1.526073364257812500e+03 8.030219780399798371e-10
1.923100463867187500e+03 4.567386883836803178e-10
2.423520019531250000e+03 2.565649751959979387e-10
3.056282226562500000e+03 1.436960036037118038e-10
3.850336669921875000e+03 7.956246173653159529e-11
4.838769042968750000e+03 4.395744498133257670e-11
6.120835937500000000e+03 2.407554043380531426e-11
7.692401855468750000e+03 1.338011277668550127e-11
9.718894531250000000e+03 7.452424557615258643e-12
1.224167187500000000e+04 4.217505261632268919e-12
1.542616113281250000e+04 2.406867582917448530e-12
1.943778906250000000e+04 1.098147475841882736e-12
2.448334375000000000e+04 6.722303019931186721e-13
3.085232226562500000e+04 3.743914696375209975e-13
3.891693750000000000e+04 1.874204647501441576e-13
4.921482812500000000e+04 8.226822363722044273e-14
6.162192968750000000e+04 3.137155968099423588e-14
7.775115625000000000e+04 9.309791147767414726e-15
9.801609375000000000e+04 2.085002379397040600e-15
1.236574296875000000e+05 3.301335833750465703e-16
1.559158906250000000e+05 3.586383585815252894e-17
1.964457500000000000e+05 2.648050720911179326e-18
2.473148593750000000e+05 1.388015363215901144e-19
3.118317812500000000e+05 5.602486763129655731e-21
3.928915000000000000e+05 2.137161336343054352e-22
4.962840000000000000e+05 8.719039582709086323e-24
6.244907500000000000e+05 4.550454760898720423e-25
7.857830000000000000e+05 2.452275771874127707e-26
9.925680000000000000e+05 9.236184599464765685e-28
1.248981500000000000e+06 1.854913190178440944e-29
1.571566000000000000e+06 1.311097230207688273e-31
1.981000250000000000e+06 1.869506255055086016e-34
2.497963000000000000e+06 2.481687123531732542e-38
3.147267500000000000e+06 3.919155160696239590e-44
3.970272000000000000e+06 5.086915679888911506e-54
5.004197000000000000e+06 8.172482681509768154e-72
6.286264000000000000e+06 6.471157378196855866e-103
7.940544000000000000e+06 5.654427682313626726e-156
1.000839400000000000e+07 9.999999999999999821e-201
