1.211760009765625000e+03 1.091023875105311386e-11
1.526073364257812500e+03 7.219286255778144440e-12
1.923100463867187500e+03 4.755732734716671269e-12
2.423520019531250000e+03 3.126106904371595539e-12
3.056282226562500000e+03 2.044283023097631992e-12
3.850336669921875000e+03 1.328422633953377918e-12
4.838769042968750000e+03 8.630357020926259572e-13
6.120835937500000000e+03 5.529552147620208678e-13
7.692401855468750000e+03 3.519272799750958565e-13
9.718894531250000000e+03 2.206441009944091036e-13
1.224167187500000000e+04 1.325340389752836149e-13
1.542616113281250000e+04 7.482274551509180966e-14
1.943778906250000000e+04 3.883492364509430644e-14
2.448334375000000000e+04 1.830120993818841076e-14
3.085232226562500000e+04 7.782482316440519745e-15
3.891693750000000000e+04 2.948732185920881210e-15
4.921482812500000000e+04 9.575803747083238111e-16
6.162192968750000000e+04 2.685935307954470039e-16
7.775115625000000000e+04 5.704571175052454623e-17
9.801609375000000000e+04 8.967748543052867243e-18
1.236574296875000000e+05 9.746948716873489773e-19
1.559158906250000000e+05 7.243352457021186409e-20
1.964457500000000000e+05 3.694800734174435031e-21
2.473148593750000000e+05 1.379835536138964960e-22
3.118317812500000000e+05 4.213784012982331490e-24
3.928915000000000000e+05 1.286253350748152005e-25
4.962840000000000000e+05 4.340688323305139909e-27
6.244907500000000000e+05 1.750751191467663524e-28
7.857830000000000000e+05 5.890838230254061286e-30
9.925680000000000000e+05 1.086874459619848205e-31
1.248981500000000000e+06 8.288518551049438560e-34
1.571566000000000000e+06 1.602678703255122942e-36
1.981000250000000000e+06 3.738956093162593855e-40
2.497963000000000000e+06 2.281901822395901667e-45
3.147267500000000000e+06 9.242547921538947892e-54
3.970272000000000000e+06 9.126737089488039280e-69
5.004197000000000000e+06 7.563214659382009278e-96
6.286264000000000000e+06 8.140484345408124332e-142
7.940544000000000000e+06 9.999999999999999821e-201
1.000839400000000000e+07 9.999999999999999821e-201
