1.211760009765625000e+03 7.921132243915275046e-11
1.526073364257812500e+03 4.618365317052593721e-11
1.923100463867187500e+03 2.683928375038121683e-11
2.423520019531250000e+03 1.538144390131346847e-11
3.056282226562500000e+03 8.740271907557797959e-12
3.850336669921875000e+03 4.899162787827217677e-12
4.838769042968750000e+03 2.702906991369091391e-12
6.120835937500000000e+03 1.459781812012254145e-12
7.692401855468750000e+03 7.734892480710221222e-13
9.718894531250000000e+03 3.955941859825830364e-13
1.224167187500000000e+04 1.924202225068328322e-13
1.542616113281250000e+04 8.734960070697435154e-14
1.943778906250000000e+04 3.554569054244481273e-14
2.448334375000000000e+04 1.276449627382760096e-14
3.085232226562500000e+04 4.681465663152549207e-17
3.891693750000000000e+04 2.706161337599425474e-17
4.921482812500000000e+04 1.383157414454508217e-17
6.162192968750000000e+04 6.268273594919407071e-18
7.775115625000000000e+04 2.230488252663829734e-18
9.801609375000000000e+04 6.026046555858566978e-19
1.236574296875000000e+05 1.169010658652558170e-19
1.559158906250000000e+05 1.558507145066384645e-20
1.964457500000000000e+05 1.426863188460135979e-21
2.473148593750000000e+05 9.335819684774885350e-23
3.118317812500000000e+05 4.725568895922564033e-24
3.928915000000000000e+05 2.254005193353475748e-25
4.962840000000000000e+05 1.158774135031672067e-26
6.244907500000000000e+05 7.668520757987920823e-28
7.857830000000000000e+05 5.279056808299278219e-29
9.925680000000000000e+05 2.527917116549164077e-30
1.248981500000000000e+06 6.517286012166706208e-32
1.571566000000000000e+06 5.778698224598871519e-34
1.981000250000000000e+06 1.045739080238702135e-36
2.497963000000000000e+06 1.658020225054010400e-40
3.147267500000000000e+06 2.830379313801181252e-46
3.970272000000000000e+06 3.734851935971805299e-56
5.004197000000000000e+06 5.629088271081431453e-74
6.286264000000000000e+06 3.737856989076622631e-105
7.940544000000000000e+06 2.326874866552044487e-158
1.000839400000000000e+07 9.999999999999999821e-201
