1.211760009765625000e+03 9.590050043733902432e-12
1.526073364257812500e+03 6.675367428288011620e-12
1.923100463867187500e+03 4.669407530576104256e-12
2.423520019531250000e+03 3.281699909128373444e-12
3.056282226562500000e+03 2.295566926037555426e-12
3.850336669921875000e+03 1.601240425452189706e-12
4.838769042968750000e+03 1.112484652782260946e-12
6.120835937500000000e+03 7.587505831966950582e-13
7.692401855468750000e+03 5.113966884766998981e-13
9.718894531250000000e+03 3.265045275734455812e-13
1.224167187500000000e+04 1.954069768056474478e-13
1.542616113281250000e+04 1.056686976704802919e-13
1.943778906250000000e+04 5.133630205302478972e-14
2.448334375000000000e+04 2.224482122486364442e-14
3.085232226562500000e+04 8.570407872557382090e-15
3.891693750000000000e+04 2.846571611743084936e-15
4.921482812500000000e+04 7.771970289686019651e-16
6.162192968750000000e+04 1.777569998560740791e-16
7.775115625000000000e+04 2.933293516353931084e-17
9.801609375000000000e+04 3.453856978030291169e-18
1.236574296875000000e+05 2.758944454203370931e-19
1.559158906250000000e+05 1.492412541416654791e-20
1.964457500000000000e+05 5.668046869653700789e-22
2.473148593750000000e+05 1.665625773413006831e-23
3.118317812500000000e+05 4.239986503820961756e-25
3.928915000000000000e+05 1.112505187640232568e-26
4.962840000000000000e+05 2.855787500693643998e-28
6.244907500000000000e+05 6.142871897312431517e-30
7.857830000000000000e+05 7.506279041686571276e-32
9.925680000000000000e+05 3.245315499877706436e-34
1.248981500000000000e+06 3.618036743920440600e-37
1.571566000000000000e+06 4.914876217851950285e-41
1.981000250000000000e+06 1.666592518983333775e-46
2.497963000000000000e+06 3.662285717770968561e-55
3.147267500000000000e+06 3.050786454759555499e-70
3.970272000000000000e+06 1.475873121834760774e-97
5.004197000000000000e+06 6.987875693618899691e-145
6.286264000000000000e+06 9.999999999999999821e-201
7.940544000000000000e+06 9.999999999999999821e-201
1.000839400000000000e+07 9.999999999999999821e-201
