1.211760009765625000e+03 9.004683352752740627e-13
1.526073364257812500e+03 5.132615844861447025e-13
1.923100463867187500e+03 2.872274212085469368e-13
2.423520019531250000e+03 1.587919310868567511e-13
3.056282226562500000e+03 8.589863336140530704e-14
3.850336669921875000e+03 4.541415387590562482e-14
4.838769042968750000e+03 2.321301775498181822e-14
6.120835937500000000e+03 1.141785443524287048e-14
7.692401855468750000e+03 5.342099236503815711e-15
9.718894531250000000e+03 2.271335843989187068e-15
1.224167187500000000e+04 8.544070363389786338e-16
1.542616113281250000e+04 1.344874333987930674e-18
1.943778906250000000e+04 8.109647715622756549e-19
2.448334375000000000e+04 4.409938242823845336e-19
3.085232226562500000e+04 2.135727309418043106e-19
3.891693750000000000e+04 8.987194388462315580e-20
4.921482812500000000e+04 3.121634347758185796e-20
6.162192968750000000e+04 9.204607749360649957e-21
7.775115625000000000e+04 1.966099437988580991e-21
9.801609375000000000e+04 3.035952574994596871e-22
1.236574296875000000e+05 3.218768529903932947e-23
1.559158906250000000e+05 2.310832322193530172e-24
1.964457500000000000e+05 1.163705198017396716e-25
2.473148593750000000e+05 4.522153512583225233e-27
3.118317812500000000e+05 1.512722457623945651e-28
3.928915000000000000e+05 5.134639327570304896e-30
4.962840000000000000e+05 1.690159949390115791e-31
6.244907500000000000e+05 4.592244039738418060e-33
7.857830000000000000e+05 6.876381499726858060e-35
9.925680000000000000e+05 3.532540778096791419e-37
1.248981500000000000e+06 4.479474063901498086e-40
1.571566000000000000e+06 6.729599744443439107e-44
1.981000250000000000e+06 2.518889018919436516e-49
2.497963000000000000e+06 6.145494082503479321e-58
3.147267500000000000e+06 5.633934109884434515e-73
3.970272000000000000e+06 3.016978204855588740e-100
5.004197000000000000e+06 1.582824192346562525e-147
6.286264000000000000e+06 9.999999999999999821e-201
7.940544000000000000e+06 9.999999999999999821e-201
1.000839400000000000e+07 9.999999999999999821e-201
