1.211760009765625000e+03 1.025014439739350750e-10
1.526073364257812500e+03 5.755650138168329639e-11
1.923100463867187500e+03 3.194031705789033578e-11
2.423520019531250000e+03 1.743597674679211839e-11
3.056282226562500000e+03 9.330368796152645312e-12
3.850336669921875000e+03 4.893766581455347489e-12
4.838769042968750000e+03 2.510859216335382062e-12
6.120835937500000000e+03 1.239373942970807630e-12
7.692401855468750000e+03 5.874408057223058534e-13
9.718894531250000000e+03 2.612036220587564852e-13
1.224167187500000000e+04 1.076732321173975689e-13
1.542616113281250000e+04 1.569020056319252554e-14
1.943778906250000000e+04 9.114053625355848840e-15
2.448334375000000000e+04 4.722146260014914508e-15
3.085232226562500000e+04 2.181558367560061297e-15
3.891693750000000000e+04 8.648764474252438062e-16
4.921482812500000000e+04 2.826171014431280142e-16
6.162192968750000000e+04 7.751248631040545578e-17
7.775115625000000000e+04 1.530069320692726512e-17
9.801609375000000000e+04 2.163269851008296012e-18
1.236574296875000000e+05 2.075777256019679455e-19
1.559158906250000000e+05 1.328728585261279607e-20
1.964457500000000000e+05 5.918845403709173717e-22
2.473148593750000000e+05 2.025761075772575613e-23
3.118317812500000000e+05 5.883617635662365884e-25
3.928915000000000000e+05 1.757009394902963375e-26
4.962840000000000000e+05 4.944203530112466298e-28
6.244907500000000000e+05 1.142097056636243275e-29
7.857830000000000000e+05 1.459262638873333082e-31
9.925680000000000000e+05 6.404793560287640732e-34
1.248981500000000000e+06 6.891498559848456655e-37
1.571566000000000000e+06 8.976400301175758636e-41
1.981000250000000000e+06 2.920608388316070606e-46
2.497963000000000000e+06 6.216953316020961869e-55
3.147267500000000000e+06 5.010415710371533435e-70
3.970272000000000000e+06 2.397274573587953688e-97
5.004197000000000000e+06 1.122046483019007572e-144
6.286264000000000000e+06 9.999999999999999821e-201
7.940544000000000000e+06 9.999999999999999821e-201
1.000839400000000000e+07 9.999999999999999821e-201
