1.211760009765625000e+03 9.166593288556040546e-12
1.526073364257812500e+03 6.171006333706249496e-12
1.923100463867187500e+03 4.135760975570438267e-12
2.423520019531250000e+03 2.764923519102501027e-12
3.056282226562500000e+03 1.836938645118817782e-12
3.850336669921875000e+03 1.218912967231589827e-12
4.838769042968750000e+03 8.074463070520106192e-13
6.120835937500000000e+03 5.292700432306859247e-13
7.692401855468750000e+03 3.457377029426080743e-13
9.718894531250000000e+03 2.223527376661015139e-13
1.224167187500000000e+04 1.413881339765099049e-13
1.542616113281250000e+04 8.554625005005088196e-14
1.943778906250000000e+04 4.871485094303009262e-14
2.448334375000000000e+04 2.562790936912538327e-14
3.085232226562500000e+04 1.229212914775042486e-14
3.891693750000000000e+04 5.354239559009687772e-15
4.921482812500000000e+04 2.053693508814948504e-15
6.162192968750000000e+04 6.994588003104225341e-16
7.775115625000000000e+04 1.869739955732340644e-16
9.801609375000000000e+04 3.786459632892003490e-17
1.236574296875000000e+05 5.512407261791239498e-18
1.559158906250000000e+05 5.565449608728490151e-19
1.964457500000000000e+05 3.835934843598342551e-20
2.473148593750000000e+05 1.895177082882059993e-21
3.118317812500000000e+05 7.257262963404955864e-23
3.928915000000000000e+05 2.622158934645732141e-24
4.962840000000000000e+05 1.026907372412049729e-25
6.244907500000000000e+05 5.241710342539147789e-27
7.857830000000000000e+05 2.820374128977058241e-28
9.925680000000000000e+05 1.082389793299085629e-29
1.248981500000000000e+06 2.279528683716974493e-31
1.571566000000000000e+06 1.703896754285039225e-33
1.981000250000000000e+06 2.716464238920818362e-36
2.497963000000000000e+06 4.079330963103188881e-40
3.147267500000000000e+06 7.229923920864141923e-46
3.970272000000000000e+06 1.077925819867985356e-55
5.004197000000000000e+06 2.028093878698977959e-73
6.286264000000000000e+06 1.951578148841922376e-104
7.940544000000000000e+06 2.164012416087018086e-157
1.000839400000000000e+07 9.999999999999999821e-201
