1.211760009765625000e+03 3.175925663833954450e-12
1.526073364257812500e+03 2.057002111235416364e-12
1.923100463867187500e+03 1.318420956159077076e-12
2.423520019531250000e+03 8.469135103557212472e-13
3.056282226562500000e+03 5.382444003733014528e-13
3.850336669921875000e+03 3.425638547719075212e-13
4.838769042968750000e+03 2.170190507662104999e-13
6.120835937500000000e+03 1.357103608645997261e-13
7.692401855468750000e+03 8.488576631034837861e-14
9.718894531250000000e+03 5.250321515691634164e-14
1.224167187500000000e+04 3.210352829157159785e-14
1.542616113281250000e+04 1.900786817411232214e-14
1.943778906250000000e+04 1.067564174290849598e-14
2.448334375000000000e+04 5.645301753616342042e-15
3.085232226562500000e+04 2.735565608040537746e-15
3.891693750000000000e+04 1.215759403519798325e-15
4.921482812500000000e+04 4.826585684245586866e-16
6.162192968750000000e+04 1.713879112457475631e-16
7.775115625000000000e+04 4.893962336339792560e-17
9.801609375000000000e+04 1.084696899000702654e-17
1.236574296875000000e+05 1.747554554167181545e-18
1.559158906250000000e+05 1.979197654536628703e-19
1.964457500000000000e+05 1.553094960639607589e-20
2.473148593750000000e+05 8.698703248607750882e-22
3.118317812500000000e+05 3.723809925796333533e-23
3.928915000000000000e+05 1.480264070970626475e-24
4.962840000000000000e+05 6.224504252256180430e-26
6.244907500000000000e+05 3.430648012798009763e-27
7.857830000000000000e+05 2.192140051719101291e-28
9.925680000000000000e+05 1.139055782582291620e-29
1.248981500000000000e+06 3.717683364835875011e-31
1.571566000000000000e+06 5.087379699982596196e-33
1.981000250000000000e+06 1.858345304536664158e-35
2.497963000000000000e+06 9.905492981216570451e-39
3.147267500000000000e+06 1.747989785819460034e-43
3.970272000000000000e+06 2.380918164051182727e-51
5.004197000000000000e+06 2.147433110280358417e-65
6.286264000000000000e+06 3.215011951885568615e-90
7.940544000000000000e+06 1.598956872340828770e-133
1.000839400000000000e+07 9.999999999999999821e-201
