1.211760009765625000e+03 2.665286635531240213e-09
1.526073364257812500e+03 1.542751583426562476e-09
1.923100463867187500e+03 8.946427916793736616e-10
2.423520019531250000e+03 5.118844893473549503e-10
3.056282226562500000e+03 2.913432992846310104e-10
3.850336669921875000e+03 1.634429375742396014e-10
4.838769042968750000e+03 9.073641346690698755e-11
6.120835937500000000e+03 4.925965911600715335e-11
7.692401855468750000e+03 2.640455864492403238e-11
9.718894531250000000e+03 1.365699467571401583e-11
1.224167187500000000e+04 6.793443252710843370e-12
1.542616113281250000e+04 3.198439356220824599e-12
1.943778906250000000e+04 1.372582509802520634e-12
2.448334375000000000e+04 5.284002441384896252e-13
3.085232226562500000e+04 1.797086895793054216e-13
3.891693750000000000e+04 5.913162221479128811e-15
4.921482812500000000e+04 3.022012503552692986e-15
6.162192968750000000e+04 1.369482600497935556e-15
7.775115625000000000e+04 4.924645485783929624e-16
9.801609375000000000e+04 1.361544224687074618e-16
1.236574296875000000e+05 2.709691331180572922e-17
1.559158906250000000e+05 3.733486484694094560e-18
1.964457500000000000e+05 3.516741662923700827e-19
2.473148593750000000e+05 2.347077093504733125e-20
3.118317812500000000e+05 1.180030849351020519e-21
3.928915000000000000e+05 5.469709616248050980e-23
4.962840000000000000e+05 2.737016054183568876e-24
6.244907500000000000e+05 1.740426308931673335e-25
7.857830000000000000e+05 1.281445627548548618e-26
9.925680000000000000e+05 7.593705217215278291e-28
1.248981500000000000e+06 2.815703703790970396e-29
1.571566000000000000e+06 4.317936151052844238e-31
1.981000250000000000e+06 1.748221138341899116e-33
2.497963000000000000e+06 1.004118466589077013e-36
3.147267500000000000e+06 1.847874916437715107e-41
3.970272000000000000e+06 2.443988843893598461e-49
5.004197000000000000e+06 2.048014910730342128e-63
6.286264000000000000e+06 2.820913712622176864e-88
7.940544000000000000e+06 1.313222702012774705e-131
1.000839400000000000e+07 9.999999999999999821e-201
