1.211760009765625000e+03 1.236742817328280903e-08
1.526073364257812500e+03 7.140170789961396895e-09
1.923100463867187500e+03 4.104370000423793955e-09
2.423520019531250000e+03 2.329012153478233127e-09
3.056282226562500000e+03 1.318451879813499549e-09
3.850336669921875000e+03 7.407845372069853289e-10
4.838769042968750000e+03 4.115878549014338107e-10
6.120835937500000000e+03 2.248703438645726584e-10
7.692401855468750000e+03 1.226345057064249645e-10
9.718894531250000000e+03 6.651433709028697164e-11
1.224167187500000000e+04 3.595114216921313518e-11
1.542616113281250000e+04 1.928202011893125932e-11
1.943778906250000000e+04 1.014517507245341400e-11
2.448334375000000000e+04 5.193677613327034376e-12
3.085232226562500000e+04 2.256342435829056641e-12
3.891693750000000000e+04 1.129629309537469510e-12
4.921482812500000000e+04 4.999272113020027378e-13
6.162192968750000000e+04 1.961034256334322096e-13
7.775115625000000000e+04 6.136629888827325000e-14
9.801609375000000000e+04 1.488621685657868157e-14
1.236574296875000000e+05 2.611514109036349762e-15
1.559158906250000000e+05 3.238687071059937682e-16
1.964457500000000000e+05 2.768837327369791710e-17
2.473148593750000000e+05 1.681668639160607706e-18
3.118317812500000000e+05 7.843318819039716180e-20
3.928915000000000000e+05 3.358325204941111506e-21
4.962840000000000000e+05 1.514187913846715963e-22
6.244907500000000000e+05 8.852745359854376911e-24
7.857830000000000000e+05 5.899652085499057196e-25
9.925680000000000000e+05 3.142950214902989659e-26
1.248981500000000000e+06 1.026061519178065630e-27
1.571566000000000000e+06 1.366893833981089101e-29
1.981000250000000000e+06 4.680277063277524513e-32
2.497963000000000000e+06 2.252481965591713310e-35
3.147267500000000000e+06 3.570893419602611077e-40
3.970272000000000000e+06 4.509553608732704429e-48
5.004197000000000000e+06 3.698357023260617415e-62
6.286264000000000000e+06 5.061051072645669285e-87
7.940544000000000000e+06 2.306076788809246071e-130
1.000839400000000000e+07 9.999999999999999821e-201
