1.211760009765625000e+03 1.681372410265034688e-15
1.526073364257812500e+03 9.068610269244602184e-16
1.923100463867187500e+03 4.716494015783365222e-16
2.423520019531250000e+03 2.378828757512001502e-16
3.056282226562500000e+03 1.145567987195860016e-16
3.850336669921875000e+03 5.250517280337611062e-17
4.838769042968750000e+03 2.261324068717859700e-17
6.120835937500000000e+03 8.987929691454037984e-18
7.692401855468750000e+03 1.515163536985966121e-20
9.718894531250000000e+03 1.103175231583055283e-20
1.224167187500000000e+04 7.706867224957886615e-21
1.542616113281250000e+04 5.009788165041973668e-21
1.943778906250000000e+04 2.979622911964670275e-21
2.448334375000000000e+04 1.598149674182024885e-21
3.085232226562500000e+04 7.712021712499527213e-22
3.891693750000000000e+04 3.296992597165724137e-22
4.921482812500000000e+04 1.193089881660585014e-22
6.162192968750000000e+04 3.694744223569729534e-23
7.775115625000000000e+04 8.521774847718844960e-24
9.801609375000000000e+04 1.442104076213310743e-24
1.236574296875000000e+05 1.684580591867833018e-25
1.559158906250000000e+05 1.322375596261659458e-26
1.964457500000000000e+05 7.085535967810683859e-28
2.473148593750000000e+05 2.775470925601212656e-29
3.118317812500000000e+05 8.843271496106080308e-31
3.928915000000000000e+05 2.858160924964586550e-32
4.962840000000000000e+05 1.023557009043897327e-33
6.244907500000000000e+05 4.146239513076028136e-35
7.857830000000000000e+05 1.308848171656562821e-36
9.925680000000000000e+05 2.092993592445143017e-38
1.248981500000000000e+06 1.277123525463364582e-40
1.571566000000000000e+06 1.733650990112571716e-43
1.981000250000000000e+06 2.333399130915932249e-47
2.497963000000000000e+06 4.993384006421075190e-53
3.147267500000000000e+06 2.342571844018586300e-62
3.970272000000000000e+06 3.445315677727615334e-79
5.004197000000000000e+06 1.810120674004669457e-109
6.286264000000000000e+06 2.524376385944359866e-160
7.940544000000000000e+06 9.999999999999999821e-201
1.000839400000000000e+07 9.999999999999999821e-201
