1.211760009765625000e+03 2.877015013120170858e-16
1.526073364257812500e+03 1.878992313147736369e-16
1.923100463867187500e+03 1.224248030719143187e-16
2.423520019531250000e+03 7.908671523665555403e-17
3.056282226562500000e+03 5.135304770188338936e-17
3.850336669921875000e+03 3.307042227317122947e-17
4.838769042968750000e+03 2.136733210937261716e-17
6.120835937500000000e+03 1.365379483182635497e-17
7.692401855468750000e+03 8.710735315066567422e-18
9.718894531250000000e+03 5.433325630381851202e-18
1.224167187500000000e+04 3.269239595426742132e-18
1.542616113281250000e+04 1.841136660023312027e-18
1.943778906250000000e+04 9.522506213495337979e-19
2.448334375000000000e+04 4.479661965510220644e-19
3.085232226562500000e+04 1.899592716552515406e-19
3.891693750000000000e+04 7.184955565521531715e-20
4.921482812500000000e+04 2.315998005576429952e-20
6.162192968750000000e+04 6.417782015252619644e-21
7.775115625000000000e+04 1.335682440670826679e-21
9.801609375000000000e+04 2.052455179008985852e-22
1.236574296875000000e+05 2.180045471828960343e-23
1.559158906250000000e+05 1.571293355557971410e-24
1.964457500000000000e+05 7.794089564591752873e-26
2.473148593750000000e+05 2.849155994422484675e-27
3.118317812500000000e+05 8.645435444739055302e-29
3.928915000000000000e+05 2.643292089470795466e-30
4.962840000000000000e+05 8.905315493847623460e-32
6.244907500000000000e+05 3.381955731863856256e-33
7.857830000000000000e+05 9.961145377209240376e-35
9.925680000000000000e+05 1.474609121949986913e-36
1.248981500000000000e+06 8.285728238372073980e-39
1.571566000000000000e+06 1.039093346605446565e-41
1.981000250000000000e+06 1.275719033049940459e-45
2.497963000000000000e+06 2.488681226729647283e-51
3.147267500000000000e+06 1.059734881817932050e-60
3.970272000000000000e+06 1.399659494076843940e-77
5.004197000000000000e+06 6.590245172347096919e-108
6.286264000000000000e+06 8.224581128399366794e-159
7.940544000000000000e+06 9.999999999999999821e-201
1.000839400000000000e+07 9.999999999999999821e-201
