1.211760009765625000e+03 1.768554683389888273e-13
1.526073364257812500e+03 1.176842554024108795e-13
1.923100463867187500e+03 7.777114092581223490e-14
2.423520019531250000e+03 5.137526809143160845e-14
3.056282226562500000e+03 3.377609457084510050e-14
3.850336669921875000e+03 2.214606312280621274e-14
4.838769042968750000e+03 1.453433610315661837e-14
6.120835937500000000e+03 9.467512552985997306e-15
7.692401855468750000e+03 6.178140180252313819e-15
9.718894531250000000e+03 4.002451218696314232e-15
1.224167187500000000e+04 2.594724279838279279e-15
1.542616113281250000e+04 1.671218085994391630e-15
1.943778906250000000e+04 1.066248265508781400e-15
2.448334375000000000e+04 6.634257629652762640e-16
3.085232226562500000e+04 4.028615710956773753e-16
3.891693750000000000e+04 2.336974421890350229e-16
4.921482812500000000e+04 1.282942647965620479e-16
6.162192968750000000e+04 6.745420979961982461e-17
7.775115625000000000e+04 3.218172053034266145e-17
9.801609375000000000e+04 1.357049699211497804e-17
1.236574296875000000e+05 4.796165759225907888e-18
1.559158906250000000e+05 1.363073208417437289e-18
1.964457500000000000e+05 2.979017823851309921e-19
2.473148593750000000e+05 4.983556926159868206e-20
3.118317812500000000e+05 6.300677796939206797e-21
3.928915000000000000e+05 6.561191940105757629e-22
4.962840000000000000e+05 6.136936977093887639e-23
6.244907500000000000e+05 6.319905368679238467e-24
7.857830000000000000e+05 7.795481556358199791e-25
9.925680000000000000e+05 1.161087457411015958e-25
1.248981500000000000e+06 1.936318451391201507e-26
1.571566000000000000e+06 2.840018261952493010e-27
1.981000250000000000e+06 2.779963996477996384e-28
2.497963000000000000e+06 1.442117890074393216e-29
3.147267500000000000e+06 3.105724509280908576e-31
3.970272000000000000e+06 1.675608652356931440e-33
5.004197000000000000e+06 7.228509547469149646e-37
6.286264000000000000e+06 2.192956797279534261e-42
7.940544000000000000e+06 2.228398970258383725e-52
1.000839400000000000e+07 9.999999999999999821e-201
