1.211760009765625000e+03 2.466012868388717630e-10
1.526073364257812500e+03 1.344962918884695378e-10
1.923100463867187500e+03 7.321944952954874203e-11
2.423520019531250000e+03 4.029066479412879464e-11
3.056282226562500000e+03 2.261615689100446563e-11
3.850336669921875000e+03 1.324844130178495518e-11
4.838769042968750000e+03 8.202854925172083400e-12
6.120835937500000000e+03 5.325475811054622694e-12
7.692401855468750000e+03 3.628431534433898548e-12
9.718894531250000000e+03 2.544193797930990319e-12
1.224167187500000000e+04 1.783104362922040069e-12
1.542616113281250000e+04 1.272846332937588679e-12
1.943778906250000000e+04 8.910789076037673553e-13
2.448334375000000000e+04 6.105865429060949813e-13
3.085232226562500000e+04 4.011023502611984554e-13
3.891693750000000000e+04 2.520639078353277640e-13
4.921482812500000000e+04 1.493154534541068520e-13
6.162192968750000000e+04 8.428210991876388060e-14
7.775115625000000000e+04 4.285205227117246168e-14
9.801609375000000000e+04 1.915300913268401576e-14
1.236574296875000000e+05 7.112957693767238325e-15
1.559158906250000000e+05 2.103236617289271244e-15
1.964457500000000000e+05 4.766428518162095196e-16
2.473148593750000000e+05 8.158920631323677185e-17
3.118317812500000000e+05 1.039287059288941558e-17
3.928915000000000000e+05 1.083768311535326273e-18
4.962840000000000000e+05 1.000535639456162865e-19
6.244907500000000000e+05 1.015064084790425203e-20
7.857830000000000000e+05 1.234064368413315196e-21
9.925680000000000000e+05 1.802049764217096630e-22
1.248981500000000000e+06 2.939898136563470725e-23
1.571566000000000000e+06 4.190190878290565168e-24
1.981000250000000000e+06 3.971377137825708722e-25
2.497963000000000000e+06 1.996102201505410177e-26
3.147267500000000000e+06 4.153987918073836103e-28
3.970272000000000000e+06 2.161292319706766659e-30
5.004197000000000000e+06 9.210520229839723387e-34
6.286264000000000000e+06 2.713319427142475037e-39
7.940544000000000000e+06 2.674078764310061247e-49
1.000839400000000000e+07 9.999999999999999821e-201
