1.211760009765625000e+03 5.280754829276848307e-10
1.526073364257812500e+03 2.986608834582191351e-10
1.923100463867187500e+03 1.702960401705474632e-10
2.423520019531250000e+03 9.839142252662055855e-11
3.056282226562500000e+03 5.826862917191684967e-11
3.850336669921875000e+03 3.554954822567660416e-11
4.838769042968750000e+03 2.279249238366734195e-11
6.120835937500000000e+03 1.512123060866678297e-11
7.692401855468750000e+03 1.042228157945623440e-11
9.718894531250000000e+03 7.092485730251723018e-12
1.224167187500000000e+04 5.026518387509866947e-12
1.542616113281250000e+04 3.435513999124636577e-12
1.943778906250000000e+04 2.204364776576365565e-12
2.448334375000000000e+04 1.313385222325649340e-12
3.085232226562500000e+04 7.113972413570068798e-13
3.891693750000000000e+04 3.482608014512766512e-13
4.921482812500000000e+04 1.504928948453081004e-13
6.162192968750000000e+04 5.777221544459192292e-14
7.775115625000000000e+04 1.750249031579839201e-14
9.801609375000000000e+04 4.071786077550581131e-15
1.236574296875000000e+05 6.779698596096121397e-16
1.559158906250000000e+05 7.797050115340495229e-17
1.964457500000000000e+05 6.119963564993932479e-18
2.473148593750000000e+05 3.373422785690891885e-19
3.118317812500000000e+05 1.407292978384037272e-20
3.928915000000000000e+05 5.333780314501064897e-22
4.962840000000000000e+05 2.136111275010111939e-23
6.244907500000000000e+05 1.119834725231332047e-24
7.857830000000000000e+05 6.623257019896000955e-26
9.925680000000000000e+05 3.099008435220773666e-27
1.248981500000000000e+06 8.862810492151737989e-29
1.571566000000000000e+06 1.056385515687742452e-30
1.981000250000000000e+06 3.119723436494480239e-33
2.497963000000000000e+06 1.232422860500162839e-36
3.147267500000000000e+06 1.320314225589170555e-41
3.970272000000000000e+06 7.067880790988268430e-50
5.004197000000000000e+06 1.154763571902277961e-64
6.286264000000000000e+06 9.933813603563623320e-91
7.940544000000000000e+06 5.753187439901614024e-136
1.000839400000000000e+07 9.999999999999999821e-201
