1.211760009765625000e+03 5.019208009902289168e-11
1.526073364257812500e+03 3.382186163665925651e-11
1.923100463867187500e+03 2.299388929491723916e-11
2.423520019531250000e+03 1.569280916247365823e-11
3.056282226562500000e+03 1.071550214432708485e-11
3.850336669921875000e+03 7.329399689307081134e-12
4.838769042968750000e+03 4.988780822690525609e-12
6.120835937500000000e+03 3.373955363823043929e-12
7.692401855468750000e+03 2.268263908474528080e-12
9.718894531250000000e+03 1.510807155554705294e-12
1.224167187500000000e+04 9.897082743903675294e-13
1.542616113281250000e+04 6.262087686235118569e-13
1.943778906250000000e+04 3.746107998289002485e-13
2.448334375000000000e+04 2.085442751665726951e-13
3.085232226562500000e+04 1.067095862035510471e-13
3.891693750000000000e+04 4.952332497701641855e-14
4.921482812500000000e+04 2.039466553094886059e-14
6.162192968750000000e+04 7.449575149434221009e-15
7.775115625000000000e+04 2.159581466384801155e-15
9.801609375000000000e+04 4.814336243997681159e-16
1.236574296875000000e+05 7.793645914650420713e-17
1.559158906250000000e+05 8.765311240774935942e-18
1.964457500000000000e+05 6.762101069672094723e-19
2.473148593750000000e+05 3.711731661046711331e-20
3.118317812500000000e+05 1.572210124288416802e-21
3.928915000000000000e+05 6.179024189476643516e-23
4.962840000000000000e+05 2.583204332570368255e-24
6.244907500000000000e+05 1.407510018482600681e-25
7.857830000000000000e+05 8.680560309752761735e-27
9.925680000000000000e+05 4.247839937522296686e-28
1.248981500000000000e+06 1.272004695219120044e-29
1.571566000000000000e+06 1.537462487620658106e-31
1.981000250000000000e+06 4.829160935943510547e-34
2.497963000000000000e+06 1.998523557567831146e-37
3.147267500000000000e+06 2.248993394542493506e-42
3.970272000000000000e+06 1.259395605305684758e-50
5.004197000000000000e+06 2.158745913078462822e-65
6.286264000000000000e+06 1.944788860415977384e-91
7.940544000000000000e+06 1.178604371368733325e-136
1.000839400000000000e+07 9.999999999999999821e-201
