1.211760009765625000e+03 2.976651896691431033e-10
1.526073364257812500e+03 1.700982515060056041e-10
1.923100463867187500e+03 9.574247419726630750e-11
2.423520019531250000e+03 5.367937102401702215e-11
3.056282226562500000e+03 2.943063211143812606e-11
3.850336669921875000e+03 1.595296384687340321e-11
4.838769042968750000e+03 8.483161326337986786e-12
6.120835937500000000e+03 4.362939406832815230e-12
7.692401855468750000e+03 2.214774402796645526e-12
9.718894531250000000e+03 1.073187008620216255e-12
1.224167187500000000e+04 5.102936120472466548e-13
1.542616113281250000e+04 2.346399188364043276e-13
1.943778906250000000e+04 1.064451591621192315e-13
2.448334375000000000e+04 2.461171858917626844e-14
3.085232226562500000e+04 1.725702660688565062e-14
3.891693750000000000e+04 1.129034763377302919e-14
4.921482812500000000e+04 6.797027054380120661e-15
6.162192968750000000e+04 3.802983383195976382e-15
7.775115625000000000e+04 1.814218172035280520e-15
9.801609375000000000e+04 7.150572626783252885e-16
1.236574296875000000e+05 2.187846737894569478e-16
1.559158906250000000e+05 4.946732142417572493e-17
1.964457500000000000e+05 8.050304620761369163e-18
2.473148593750000000e+05 9.350897709175622322e-19
3.118317812500000000e+05 7.987319724474394302e-20
3.928915000000000000e+05 5.709201305824069161e-21
4.962840000000000000e+05 3.856257991709743814e-22
6.244907500000000000e+05 3.097623719625264306e-23
7.857830000000000000e+05 3.052962947996257595e-24
9.925680000000000000e+05 3.270053263669297212e-25
1.248981500000000000e+06 3.056057190241250688e-26
1.571566000000000000e+06 1.837549489813605184e-27
1.981000250000000000e+06 5.008138703230146682e-29
2.497963000000000000e+06 4.569090229359674176e-31
3.147267500000000000e+06 8.456976194658163697e-34
3.970272000000000000e+06 7.935900452814603439e-38
5.004197000000000000e+06 1.875546038503778068e-44
6.286264000000000000e+06 4.985399191131030112e-56
7.940544000000000000e+06 4.786632472377458842e-77
1.000839400000000000e+07 9.999999999999999821e-201
