1.211760009765625000e+03 2.690195856424055501e-13
1.526073364257812500e+03 1.592198749562029531e-13
1.923100463867187500e+03 9.338815106126797887e-14
2.423520019531250000e+03 5.374164407624907426e-14
3.056282226562500000e+03 3.041823721584880244e-14
3.850336669921875000e+03 1.681528621697466580e-14
4.838769042968750000e+03 9.138111281680255057e-15
6.120835937500000000e+03 4.757329409710359113e-15
7.692401855468750000e+03 2.430371911033486809e-15
9.718894531250000000e+03 1.170749463949326850e-15
1.224167187500000000e+04 5.408867542563141924e-16
1.542616113281250000e+04 2.327244909275357431e-16
1.943778906250000000e+04 9.029485915131492480e-17
2.448334375000000000e+04 3.482585345620748142e-20
3.085232226562500000e+04 2.448890693660047706e-20
3.891693750000000000e+04 1.611094549987836447e-20
4.921482812500000000e+04 9.781468818487255728e-21
6.162192968750000000e+04 5.515227086530657758e-21
7.775115625000000000e+04 2.662948950536934486e-21
9.801609375000000000e+04 1.065098383413526528e-21
1.236574296875000000e+05 3.315476429134348242e-22
1.559158906250000000e+05 7.661402220573558640e-23
1.964457500000000000e+05 1.279375010437496910e-23
2.473148593750000000e+05 1.535964946906413788e-24
3.118317812500000000e+05 1.360285891941054029e-25
3.928915000000000000e+05 1.015945052882539609e-26
4.962840000000000000e+05 7.236434749875076361e-28
6.244907500000000000e+05 6.171601456657971159e-29
7.857830000000000000e+05 6.584822044697811158e-30
9.925680000000000000e+05 7.617498593618311907e-31
1.248981500000000000e+06 7.761415086326987876e-32
1.571566000000000000e+06 5.114361880515699846e-33
1.981000250000000000e+06 1.550391875148906901e-34
2.497963000000000000e+06 1.595630473880010738e-36
3.147267500000000000e+06 3.350511942769150270e-39
3.970272000000000000e+06 3.597367175649443622e-43
5.004197000000000000e+06 9.796666592871969176e-50
6.286264000000000000e+06 3.006859564363623218e-61
7.940544000000000000e+06 3.337293556438468254e-82
1.000839400000000000e+07 9.999999999999999821e-201
