1.211760009765625000e+03 1.235497356283640285e-13
1.526073364257812500e+03 7.061055324144650245e-14
1.923100463867187500e+03 3.970958356050554112e-14
2.423520019531250000e+03 2.173320676560459422e-14
3.056282226562500000e+03 1.170199783918225577e-14
3.850336669921875000e+03 6.072055791621746829e-15
4.838769042968750000e+03 3.075440185992221458e-15
6.120835937500000000e+03 1.473374237287249089e-15
7.692401855468750000e+03 6.735524527792098444e-16
9.718894531250000000e+03 2.808003287050258439e-16
1.224167187500000000e+04 1.045997529554551140e-16
1.542616113281250000e+04 1.189688380282965186e-19
1.943778906250000000e+04 7.546324811761035678e-20
2.448334375000000000e+04 4.292437960366505004e-20
3.085232226562500000e+04 2.204097787034101897e-20
3.891693750000000000e+04 9.896869449690392713e-21
4.921482812500000000e+04 3.738006365416016889e-21
6.162192968750000000e+04 1.201377939939028395e-21
7.775115625000000000e+04 2.857360122288695616e-22
9.801609375000000000e+04 4.920920944346525517e-23
1.236574296875000000e+05 5.817749531171120651e-24
1.559158906250000000e+05 4.642918053482526940e-25
1.964457500000000000e+05 2.531333593612301485e-26
2.473148593750000000e+05 1.032678162847282493e-27
3.118317812500000000e+05 3.538536194786340288e-29
3.928915000000000000e+05 1.219576243532430494e-30
4.962840000000000000e+05 4.477991814159924229e-32
6.244907500000000000e+05 1.642055008039768077e-33
7.857830000000000000e+05 4.038442299309042680e-35
9.925680000000000000e+05 4.239274217064966028e-37
1.248981500000000000e+06 1.439239165407628098e-39
1.571566000000000000e+06 8.876755184591901397e-43
1.981000250000000000e+06 3.524712007615530904e-47
2.497963000000000000e+06 8.019313089031733806e-54
3.147267500000000000e+06 4.718097557301063956e-65
3.970272000000000000e+06 1.849133318383662557e-85
5.004197000000000000e+06 9.053494127153159008e-122
6.286264000000000000e+06 1.584605894630548672e-181
7.940544000000000000e+06 9.999999999999999821e-201
1.000839400000000000e+07 9.999999999999999821e-201
