1.211760009765625000e+03 2.565649751959978870e-11
1.526073364257812500e+03 1.700982515060056105e-11
1.923100463867187500e+03 1.130075105279208968e-11
2.423520019531250000e+03 7.410484631064947612e-12
3.056282226562500000e+03 4.878499445331546052e-12
3.850336669921875000e+03 3.193286566704992488e-12
4.838769042968750000e+03 2.083532644112779909e-12
6.120835937500000000e+03 1.340393758946994977e-12
7.692401855468750000e+03 8.586131405554424199e-13
9.718894531250000000e+03 5.357647549228560067e-13
1.224167187500000000e+04 3.190655338153087358e-13
1.542616113281250000e+04 1.769642307188193904e-13
1.943778906250000000e+04 8.964509132323267189e-14
2.448334375000000000e+04 4.104964756576168820e-14
3.085232226562500000e+04 1.680247897378407921e-14
3.891693750000000000e+04 6.076336933369251952e-15
4.921482812500000000e+04 1.857048205701378203e-15
6.162192968750000000e+04 4.860149441584141759e-16
7.775115625000000000e+04 9.507836371587770574e-17
9.801609375000000000e+04 1.357797852312893200e-17
1.236574296875000000e+05 1.348263846816598028e-18
1.559158906250000000e+05 9.142258769008999075e-20
1.964457500000000000e+05 4.243423313891155810e-21
2.473148593750000000e+05 1.464290539805397851e-22
3.118317812500000000e+05 4.200290059126793913e-24
3.928915000000000000e+05 1.223662160518486956e-25
4.962840000000000000e+05 3.939942639290015319e-27
6.244907500000000000e+05 1.402268977418617230e-28
7.857830000000000000e+05 3.792519156044085323e-30
9.925680000000000000e+05 5.024170828065602783e-32
1.248981500000000000e+06 2.459252866354961992e-34
1.571566000000000000e+06 2.581126773469414811e-37
1.981000250000000000e+06 2.449030934945955858e-41
2.497963000000000000e+06 3.014354513128032812e-47
3.147267500000000000e+06 5.257229541788203638e-57
3.970272000000000000e+06 1.274400085156897447e-74
5.004197000000000000e+06 3.289687761622493869e-106
6.286264000000000000e+06 5.072155352482828446e-159
7.940544000000000000e+06 9.999999999999999821e-201
1.000839400000000000e+07 9.999999999999999821e-201
