1.211760009765625000e+03 1.189415297631931796e-10
1.526073364257812500e+03 6.883045526056969368e-11
1.923100463867187500e+03 3.931719637117248107e-11
2.423520019531250000e+03 2.235599985338080709e-11
3.056282226562500000e+03 1.249251376183078039e-11
3.850336669921875000e+03 6.935113157138449660e-12
4.838769042968750000e+03 3.768422271115789976e-12
6.120835937500000000e+03 1.990951169424933115e-12
7.692401855468750000e+03 1.027234682831567849e-12
9.718894531250000000e+03 5.058337630277242949e-13
1.224167187500000000e+04 2.320476609565881807e-13
1.542616113281250000e+04 9.432895117611079262e-14
1.943778906250000000e+04 3.395495637829706122e-14
2.448334375000000000e+04 1.322385075154180178e-16
3.085232226562500000e+04 7.389979178284665280e-17
3.891693750000000000e+04 3.656101036179804370e-17
4.921482812500000000e+04 1.536150275756180270e-17
6.162192968750000000e+04 5.511616281626270478e-18
7.775115625000000000e+04 1.473579198331551777e-18
9.801609375000000000e+04 2.888596975383799123e-19
1.236574296875000000e+05 3.917730026090113695e-20
1.559158906250000000e+05 3.559645435592865914e-21
1.964457500000000000e+05 2.208228054607436720e-22
2.473148593750000000e+05 1.011477802596499775e-23
3.118317812500000000e+05 3.803595997987040918e-25
3.928915000000000000e+05 1.431810878544827433e-26
4.962840000000000000e+05 5.881569047860993517e-28
6.244907500000000000e+05 2.627483791021752555e-29
7.857830000000000000e+05 8.741622168186718955e-31
9.925680000000000000e+05 1.411000834361453203e-32
1.248981500000000000e+06 8.255813320907126038e-35
1.571566000000000000e+06 1.016807516821284439e-37
1.981000250000000000e+06 1.101005261820083986e-41
2.497963000000000000e+06 1.482265235794363254e-47
3.147267500000000000e+06 2.578842183516225180e-57
3.970272000000000000e+06 5.940000396917743251e-75
5.004197000000000000e+06 1.453307438507896979e-106
6.286264000000000000e+06 2.183844665652329167e-159
7.940544000000000000e+06 9.999999999999999821e-201
1.000839400000000000e+07 9.999999999999999821e-201
