1.211760009765625000e+03 5.617029311329856446e-12
1.526073364257812500e+03 3.599753694661978940e-12
1.923100463867187500e+03 2.354323135998351949e-12
2.423520019531250000e+03 1.556826305800957683e-12
3.056282226562500000e+03 1.041923385153262555e-12
3.850336669921875000e+03 7.016146882357427793e-13
4.838769042968750000e+03 4.771642830523550711e-13
6.120835937500000000e+03 3.204057556373802325e-13
7.692401855468750000e+03 2.174895049392040145e-13
9.718894531250000000e+03 1.451411930081858332e-13
1.224167187500000000e+04 9.644089979898260858e-14
1.542616113281250000e+04 6.296425375050224885e-14
1.943778906250000000e+04 3.979414471628777060e-14
2.448334375000000000e+04 2.394342027233059924e-14
3.085232226562500000e+04 1.352437210660560934e-14
3.891693750000000000e+04 7.085484727579103470e-15
4.921482812500000000e+04 3.393332037108555275e-15
6.162192968750000000e+04 1.497375214709662072e-15
7.775115625000000000e+04 5.588390695222372345e-16
9.801609375000000000e+04 1.698359771273098629e-16
1.236574296875000000e+05 3.964995001881307905e-17
1.559158906250000000e+05 6.776909403717449318e-18
1.964457500000000000e+05 8.284670279950583373e-19
2.473148593750000000e+05 7.251451666757427634e-20
3.118317812500000000e+05 4.712725603656757823e-21
3.928915000000000000e+05 2.645485585409809246e-22
4.962840000000000000e+05 1.454709285646056269e-23
6.244907500000000000e+05 9.933172614355067771e-25
7.857830000000000000e+05 8.491736901504413875e-26
9.925680000000000000e+05 7.655995750320448618e-27
1.248981500000000000e+06 5.738455473882805211e-28
1.571566000000000000e+06 2.542306605994615776e-29
1.981000250000000000e+06 4.640466681624876780e-31
2.497963000000000000e+06 2.446142198969835234e-33
3.147267500000000000e+06 1.957272337667215362e-36
3.970272000000000000e+06 4.038660896685026871e-41
5.004197000000000000e+06 5.050157964544102443e-49
6.286264000000000000e+06 5.849131999611006433e-63
7.940544000000000000e+06 3.848009465678432080e-88
1.000839400000000000e+07 9.999999999999999821e-201
