1.211760009765625000e+03 9.951233746679721971e-09
1.526073364257812500e+03 5.706202972032863148e-09
1.923100463867187500e+03 3.233270440104403675e-09
2.423520019531250000e+03 1.805918514729111385e-09
3.056282226562500000e+03 9.925431299327287634e-10
3.850336669921875000e+03 5.369930375179914472e-10
4.838769042968750000e+03 2.844493365625715464e-10
6.120835937500000000e+03 1.454663591302650632e-10
7.692401855468750000e+03 7.296431215744851156e-11
9.718894531250000000e+03 3.521979365452774535e-11
1.224167187500000000e+04 1.636060235350616590e-11
1.542616113281250000e+04 7.430220728663170386e-12
1.943778906250000000e+04 3.298611658873153870e-12
2.448334375000000000e+04 1.512013731703044226e-12
3.085232226562500000e+04 5.073065875484452334e-13
3.891693750000000000e+04 3.650877472259659325e-13
4.921482812500000000e+04 2.481623629492371008e-13
6.162192968750000000e+04 1.626078510569895738e-13
7.775115625000000000e+04 9.561834708434210647e-14
9.801609375000000000e+04 4.939074831737539277e-14
1.236574296875000000e+05 2.142615645190222695e-14
1.559158906250000000e+05 7.416454230131925224e-15
1.964457500000000000e+05 1.977208040227774903e-15
2.473148593750000000e+05 3.982982754306352223e-16
3.118317812500000000e+05 6.017828378793724494e-17
3.928915000000000000e+05 7.345955847006050334e-18
4.962840000000000000e+05 7.873479404402208908e-19
6.244907500000000000e+05 9.059417260684398084e-20
7.857830000000000000e+05 1.232130744933779265e-20
9.925680000000000000e+05 2.028481578974934703e-21
1.248981500000000000e+06 3.756621640739239712e-22
1.571566000000000000e+06 6.136406748117660021e-23
1.981000250000000000e+06 6.796435903655064106e-24
2.497963000000000000e+06 3.991761842578645262e-25
3.147267500000000000e+06 9.932532618908530894e-27
3.970272000000000000e+06 6.983178105112763017e-29
5.004197000000000000e+06 5.152257769796070963e-32
6.286264000000000000e+06 4.615129825616797517e-37
7.940544000000000000e+06 3.967835695414605941e-46
1.000839400000000000e+07 9.999999999999999821e-201
