1.211760009765625000e+03 2.441103647495902320e-11
1.526073364257812500e+03 1.661424782151682662e-11
1.923100463867187500e+03 1.145770592852531263e-11
2.423520019531250000e+03 7.970950015161450072e-12
3.056282226562500000e+03 5.530441621638326418e-12
3.850336669921875000e+03 3.828579530007179872e-12
4.838769042968750000e+03 2.664015442012378469e-12
6.120835937500000000e+03 1.831142031754089411e-12
7.692401855468750000e+03 1.254580434119756256e-12
9.718894531250000000e+03 8.442975630170101513e-13
1.224167187500000000e+04 5.489719208635121279e-13
1.542616113281250000e+04 3.345777605071233840e-13
1.943778906250000000e+04 1.881002116341652765e-13
2.448334375000000000e+04 9.601182034428173166e-14
3.085232226562500000e+04 4.442225697108014375e-14
3.891693750000000000e+04 1.818752025334914300e-14
4.921482812500000000e+04 6.369206091680087483e-15
6.162192968750000000e+04 1.924884088192153151e-15
7.775115625000000000e+04 4.356151521420835044e-16
9.801609375000000000e+04 7.314749763411024627e-17
1.236574296875000000e+05 8.429786177940619868e-18
1.559158906250000000e+05 6.531166329318404853e-19
1.964457500000000000e+05 3.434095267431240128e-20
2.473148593750000000e+05 1.313569982264705891e-21
3.118317812500000000e+05 4.050377414031558861e-23
3.928915000000000000e+05 1.231518711659986114e-24
4.962840000000000000e+05 4.134915799893692198e-26
6.244907500000000000e+05 1.628936831865534345e-27
7.857830000000000000e+05 5.414105798350245792e-29
9.925680000000000000e+05 1.010496646295656898e-30
1.248981500000000000e+06 7.938640262619978694e-33
1.571566000000000000e+06 1.576345678307993579e-35
1.981000250000000000e+06 3.963948034651871523e-39
2.497963000000000000e+06 2.879148964243796083e-44
3.147267500000000000e+06 1.690853069708549221e-52
3.970272000000000000e+06 3.672830882851286804e-67
5.004197000000000000e+06 1.296182165400938288e-93
6.286264000000000000e+06 1.391481291748057660e-138
7.940544000000000000e+06 9.999999999999999821e-201
1.000839400000000000e+07 9.999999999999999821e-201
