1.211760009765625000e+03 8.755591143824589159e-10
1.526073364257812500e+03 4.974384913227954772e-10
1.923100463867187500e+03 2.801644531838038719e-10
2.423520019531250000e+03 1.569280916247365952e-10
3.056282226562500000e+03 8.641544663593409477e-11
3.850336669921875000e+03 4.742769727202644806e-11
4.838769042968750000e+03 2.588588431317836971e-11
6.120835937500000000e+03 1.407424971659382668e-11
7.692401855468750000e+03 7.760654842863125285e-12
9.718894531250000000e+03 4.396811145489457609e-12
1.224167187500000000e+04 2.628857134737342903e-12
1.542616113281250000e+04 1.643321038087345594e-12
1.943778906250000000e+04 9.414462672198179103e-13
2.448334375000000000e+04 6.818666440002072747e-13
3.085232226562500000e+04 4.648601553045313377e-13
3.891693750000000000e+04 2.950044508227155328e-13
4.921482812500000000e+04 1.716926653153380133e-13
6.162192968750000000e+04 9.223019037362785522e-14
7.775115625000000000e+04 4.198520537326292727e-14
9.801609375000000000e+04 1.556501818806928756e-14
1.236574296875000000e+05 4.417574585573456595e-15
1.559158906250000000e+05 9.155390157950902073e-16
1.964457500000000000e+05 1.343836504046391361e-16
2.473148593750000000e+05 1.396226628402765531e-17
3.118317812500000000e+05 1.054385635190900988e-18
3.928915000000000000e+05 6.640028448954208096e-20
4.962840000000000000e+05 3.950793463920199408e-21
6.244907500000000000e+05 2.800313872178067686e-22
7.857830000000000000e+05 2.440792403496305460e-23
9.925680000000000000e+05 2.224029451471868540e-24
1.248981500000000000e+06 1.707704039499992257e-25
1.571566000000000000e+06 8.112232968891985878e-27
1.981000250000000000e+06 1.729451593410142462e-28
2.497963000000000000e+06 1.222044615412914102e-30
3.147267500000000000e+06 1.541365725499187781e-33
3.970272000000000000e+06 7.760536551107191519e-38
5.004197000000000000e+06 5.831825436897919335e-45
6.286264000000000000e+06 1.907143804304658339e-57
7.940544000000000000e+06 4.451130684581524005e-80
1.000839400000000000e+07 9.999999999999999821e-201
