1.211760009765625000e+03 1.693827020711442373e-11
1.526073364257812500e+03 1.147174254342828551e-11
1.923100463867187500e+03 7.832048299087850977e-12
2.423520019531250000e+03 5.330573271062480381e-12
3.056282226562500000e+03 3.624509513259160752e-12
3.850336669921875000e+03 2.465395704061850120e-12
4.838769042968750000e+03 1.674530517296821814e-12
6.120835937500000000e+03 1.123372237216876400e-12
7.692401855468750000e+03 7.554106375288839451e-13
9.718894531250000000e+03 5.012279618940334649e-13
1.224167187500000000e+04 3.287113782644634467e-13
1.542616113281250000e+04 2.101559915185991849e-13
1.943778906250000000e+04 1.280590836913255182e-13
2.448334375000000000e+04 7.288399243882464303e-14
3.085232226562500000e+04 3.861658917644587473e-14
3.891693750000000000e+04 1.851628343937170362e-14
4.921482812500000000e+04 8.064936720770841996e-15
6.162192968750000000e+04 3.138235753123502511e-15
7.775115625000000000e+04 9.891356404447954072e-16
9.801609375000000000e+04 2.436863916322346439e-16
1.236574296875000000e+05 4.422586024913867897e-17
1.559158906250000000e+05 5.686497093742656007e-18
1.964457500000000000e+05 5.069833947587543295e-19
2.473148593750000000e+05 3.223379249507798745e-20
3.118317812500000000e+05 1.545291237871940569e-21
3.928915000000000000e+05 6.670919124876091849e-23
4.962840000000000000e+05 2.983291035840157707e-24
6.244907500000000000e+05 1.715741340090716318e-25
7.857830000000000000e+05 1.169259067027549511e-26
9.925680000000000000e+05 6.946342633473222909e-28
1.248981500000000000e+06 2.830362310028832305e-29
1.571566000000000000e+06 5.283189144623024144e-31
1.981000250000000000e+06 3.013691744629061341e-33
2.497963000000000000e+06 3.039370398515470115e-36
3.147267500000000000e+06 1.636036105712845501e-40
3.970272000000000000e+06 2.030709735211176667e-47
5.004197000000000000e+06 1.326555734895392641e-59
6.286264000000000000e+06 3.628708575942839787e-81
7.940544000000000000e+06 3.850049366285553710e-119
1.000839400000000000e+07 9.999999999999999821e-201
