1.211760009765625000e+03 2.055010723657264950e-10
1.526073364257812500e+03 1.216400286932481769e-10
1.923100463867187500e+03 7.078664895568380486e-11
2.423520019531250000e+03 4.116248752537732726e-11
3.056282226562500000e+03 2.365313428952503735e-11
3.850336669921875000e+03 1.352244066615800135e-11
4.838769042968750000e+03 7.671033654655834512e-12
6.120835937500000000e+03 4.261916601721922388e-12
7.692401855468750000e+03 2.348426852421401324e-12
9.718894531250000000e+03 1.256925504441960903e-12
1.224167187500000000e+04 6.562142588147193528e-13
1.542616113281250000e+04 3.258806564517485598e-13
1.943778906250000000e+04 1.505375398711858010e-13
2.448334375000000000e+04 6.294526619716672683e-14
3.085232226562500000e+04 2.362967480558712745e-14
3.891693750000000000e+04 7.699840638154571914e-15
4.921482812500000000e+04 2.093113958281239864e-18
6.162192968750000000e+04 1.130544557025857849e-18
7.775115625000000000e+04 4.955471624406599339e-19
9.801609375000000000e+04 1.713906846518274325e-19
1.236574296875000000e+05 4.363814117606042922e-20
1.559158906250000000e+05 7.862200329609412240e-21
1.964457500000000000e+05 9.877435104782627530e-22
2.473148593750000000e+05 8.858141449029065540e-23
3.118317812500000000e+05 5.994527934017048522e-24
3.928915000000000000e+05 3.673169060438014802e-25
4.962840000000000000e+05 2.337949141939250369e-26
6.244907500000000000e+05 1.918921235627775275e-27
7.857830000000000000e+05 1.879475685518357614e-28
9.925680000000000000e+05 1.604970745313023525e-29
1.248981500000000000e+06 9.272604881363113783e-31
1.571566000000000000e+06 2.449683855519650344e-32
1.981000250000000000e+06 1.931502436330443934e-34
2.497963000000000000e+06 2.720136746154982153e-37
3.147267500000000000e+06 2.032019366968184338e-41
3.970272000000000000e+06 3.456929130638560411e-48
5.004197000000000000e+06 3.025637395343600551e-60
6.286264000000000000e+06 9.876525357908938908e-82
7.940544000000000000e+06 1.087682107964080040e-119
1.000839400000000000e+07 9.999999999999999821e-201
