1.211760009765625000e+03 3.337835599637253971e-15
1.526073364257812500e+03 1.483414984064002207e-15
1.923100463867187500e+03 6.136935641169037116e-16
2.423520019531250000e+03 2.316557543031825239e-16
3.056282226562500000e+03 7.900840835285402095e-17
3.850336669921875000e+03 2.347874667688152386e-17
4.838769042968750000e+03 6.113158604928524655e-18
6.120835937500000000e+03 1.400409794226204882e-18
7.692401855468750000e+03 1.853473028361803830e-19
9.718894531250000000e+03 1.289219069533476782e-19
1.224167187500000000e+04 8.953437125547415726e-20
1.542616113281250000e+04 6.181683505998222746e-20
1.943778906250000000e+04 4.207919272628167428e-20
2.448334375000000000e+04 2.812282427071522282e-20
3.085232226562500000e+04 1.815033176983332532e-20
3.891693750000000000e+04 1.122437007472099455e-20
4.921482812500000000e+04 6.571559858539373719e-21
6.162192968750000000e+04 3.664288160616748867e-21
7.775115625000000000e+04 1.858958055621605619e-21
9.801609375000000000e+04 8.288745138175542921e-22
1.236574296875000000e+05 3.098973408068077296e-22
1.559158906250000000e+05 9.249644906870189776e-23
1.964457500000000000e+05 2.153104294459531116e-23
2.473148593750000000e+05 3.829820679411620842e-24
3.118317812500000000e+05 5.189988985775477506e-25
3.928915000000000000e+05 5.804667581443088109e-26
4.962840000000000000e+05 5.850015029855448808e-27
6.244907500000000000e+05 6.479710625374507971e-28
7.857830000000000000e+05 8.610524224409369963e-29
9.925680000000000000e+05 1.391698459709109777e-29
1.248981500000000000e+06 2.551701975463026201e-30
1.571566000000000000e+06 4.129894874098629760e-31
1.981000250000000000e+06 4.577229677405250653e-32
2.497963000000000000e+06 2.726163379428758780e-33
3.147267500000000000e+06 6.923573126822622239e-35
3.970272000000000000e+06 4.615105787551545813e-37
5.004197000000000000e+06 2.710265628030302417e-40
6.286264000000000000e+06 1.353427058706847725e-45
7.940544000000000000e+06 3.262648424558247059e-55
1.000839400000000000e+07 9.999999999999999821e-201
