1.211760009765625000e+03 4.458750539813943395e-14
1.526073364257812500e+03 2.986608834582191696e-14
1.923100463867187500e+03 2.001174665598599412e-14
2.423520019531250000e+03 1.332643317765620127e-14
3.056282226562500000e+03 8.839065684475543442e-15
3.850336669921875000e+03 5.840283097091901100e-15
4.838769042968750000e+03 3.867399268692176519e-15
6.120835937500000000e+03 2.514447508973682220e-15
7.692401855468750000e+03 1.642854929715193960e-15
9.718894531250000000e+03 1.066099050321006318e-15
1.224167187500000000e+04 6.901857823904394965e-16
1.542616113281250000e+04 4.418909830983414203e-16
1.943778906250000000e+04 2.780877285522525522e-16
2.448334375000000000e+04 1.689220595302927573e-16
3.085232226562500000e+04 9.801531254287908337e-17
3.891693750000000000e+04 5.380444097518813367e-17
4.921482812500000000e+04 2.743159827565081167e-17
6.162192968750000000e+04 1.312658331058668845e-17
7.775115625000000000e+04 5.481422223285327411e-18
9.801609375000000000e+04 1.942162129599632771e-18
1.236574296875000000e+05 5.476234492060729840e-19
1.559158906250000000e+05 1.172564014603793695e-19
1.964457500000000000e+05 1.850137958734211996e-20
2.473148593750000000e+05 2.145610330354102190e-21
3.118317812500000000e+05 1.846904888585559705e-22
3.928915000000000000e+05 1.337720918211458107e-23
4.962840000000000000e+05 9.099950657313294113e-25
6.244907500000000000e+05 7.359119262035177028e-26
7.857830000000000000e+05 7.496710337663609406e-27
9.925680000000000000e+05 8.748770504389898187e-28
1.248981500000000000e+06 9.854867982059054240e-29
1.571566000000000000e+06 7.860049735340564995e-30
1.981000250000000000e+06 3.218106104220113671e-31
2.497963000000000000e+06 5.109603307282722773e-33
3.147267500000000000e+06 2.075296180476200435e-35
3.970272000000000000e+06 7.336866336781760020e-39
5.004197000000000000e+06 2.081513008845476293e-44
6.286264000000000000e+06 5.267918980765395695e-54
7.940544000000000000e+06 1.642551790913194567e-71
1.000839400000000000e+07 9.999999999999999821e-201
