1.211760009765625000e+03 2.466012868388717307e-11
1.526073364257812500e+03 1.364741785338882164e-11
1.923100463867187500e+03 7.510290803834744653e-12
2.423520019531250000e+03 4.184749109992974505e-12
3.056282226562500000e+03 2.370252250585621265e-12
3.850336669921875000e+03 1.399316151450878569e-12
4.838769042968750000e+03 8.670459650777621865e-13
6.120835937500000000e+03 5.620529725941171317e-13
7.692401855468750000e+03 3.842476923916204821e-13
9.718894531250000000e+03 2.618760748608285755e-13
1.224167187500000000e+04 1.912415311774574380e-13
1.542616113281250000e+04 1.376697398323808703e-13
1.943778906250000000e+04 9.666150992457975521e-14
2.448334375000000000e+04 6.522732991763778878e-14
3.085232226562500000e+04 4.160650001820173272e-14
3.891693750000000000e+04 2.486417348095815721e-14
4.921482812500000000e+04 1.376755687042097462e-14
6.162192968750000000e+04 7.131765735673083241e-15
7.775115625000000000e+04 3.196591771797086495e-15
9.801609375000000000e+04 1.203559324702016767e-15
1.236574296875000000e+05 3.584601441964041932e-16
1.559158906250000000e+05 8.029002589957702990e-17
1.964457500000000000e+05 1.312694284346124578e-17
2.473148593750000000e+05 1.543706442300971025e-18
3.118317812500000000e+05 1.333875752867348411e-19
3.928915000000000000e+05 9.586999913848780768e-21
4.962840000000000000e+05 6.469599956367263054e-22
6.244907500000000000e+05 5.137231330997632923e-23
7.857830000000000000e+05 5.109222968980932440e-24
9.925680000000000000e+05 5.782832973940852107e-25
1.248981500000000000e+06 6.275398692023811187e-26
1.571566000000000000e+06 4.765155152050217259e-27
1.981000250000000000e+06 1.850756300281095471e-28
2.497963000000000000e+06 2.720112348876979168e-30
3.147267500000000000e+06 1.017401298233454351e-32
3.970272000000000000e+06 3.393300680761564315e-36
5.004197000000000000e+06 9.029849097383885408e-42
6.286264000000000000e+06 2.135642830040025138e-51
7.940544000000000000e+06 6.212215106658875997e-69
1.000839400000000000e+07 9.999999999999999821e-201
