1.211760009765625000e+03 2.366375984817456344e-14
1.526073364257812500e+03 1.582309316334935898e-14
1.923100463867187500e+03 1.051597667412597520e-14
2.423520019531250000e+03 6.974581849988291221e-15
3.056282226562500000e+03 4.597301761031694830e-15
3.850336669921875000e+03 3.018132875678365032e-15
4.838769042968750000e+03 1.980482690015752464e-15
6.120835937500000000e+03 1.289270634503172274e-15
7.692401855468750000e+03 8.410319389592101790e-16
9.718894531250000000e+03 5.438964631724901844e-16
1.224167187500000000e+04 3.518353810764762459e-16
1.542616113281250000e+04 2.252777560893505415e-16
1.943778906250000000e+04 1.412745145051550499e-16
2.448334375000000000e+04 8.585477613090787069e-17
3.085232226562500000e+04 4.960775002170205514e-17
3.891693750000000000e+04 2.714678612839037732e-17
4.921482812500000000e+04 1.381931460301654285e-17
6.162192968750000000e+04 6.614971117146047177e-18
7.775115625000000000e+04 2.762419714507159563e-18
9.801609375000000000e+04 9.759243618811121696e-19
1.236574296875000000e+05 2.738117246030364920e-19
1.559158906250000000e+05 5.862820073018968476e-20
1.964457500000000000e+05 9.226909100114064773e-21
2.473148593750000000e+05 1.069264554070856203e-21
3.118317812500000000e+05 9.155596883586533761e-23
3.928915000000000000e+05 6.621718545146717058e-24
4.962840000000000000e+05 4.503479230407600507e-25
6.244907500000000000e+05 3.630027097523120376e-26
7.857830000000000000e+05 3.676730547771325542e-27
9.925680000000000000e+05 4.277507895672743309e-28
1.248981500000000000e+06 4.825487080870295157e-29
1.571566000000000000e+06 3.831774245978525716e-30
1.981000250000000000e+06 1.574524016657051345e-31
2.497963000000000000e+06 2.473649130525694570e-33
3.147267500000000000e+06 1.000528971562915942e-35
3.970272000000000000e+06 3.535035598631211717e-39
5.004197000000000000e+06 9.992590361443195920e-45
6.286264000000000000e+06 2.515312666491585794e-54
7.940544000000000000e+06 7.844237719425191235e-72
1.000839400000000000e+07 9.999999999999999821e-201
