1.211760009765625000e+03 3.250653326512400864e-09
1.526073364257812500e+03 1.928439479283203095e-09
1.923100463867187500e+03 1.130075105279209130e-09
2.423520019531250000e+03 6.600917071637101861e-10
3.056282226562500000e+03 3.826605575481421721e-10
3.850336669921875000e+03 2.197699394967415302e-10
4.838769042968750000e+03 1.245128842883054814e-10
6.120835937500000000e+03 6.913506478500777872e-11
7.692401855468750000e+03 3.763689520395720273e-11
9.718894531250000000e+03 1.966038551114114646e-11
1.224167187500000000e+04 9.565086822611926920e-12
1.542616113281250000e+04 4.193594272975391592e-12
1.943778906250000000e+04 1.631218463727000776e-12
2.448334375000000000e+04 5.500027914402716901e-13
3.085232226562500000e+04 1.597490343266943222e-13
3.891693750000000000e+04 3.821561673338268500e-14
4.921482812500000000e+04 6.379208185105017972e-18
6.162192968750000000e+04 2.211476250749206952e-18
7.775115625000000000e+04 5.658752990966251983e-19
9.801609375000000000e+04 1.061029501880681276e-19
1.236574296875000000e+05 1.358527369042698431e-20
1.559158906250000000e+05 1.177690848671577226e-21
1.964457500000000000e+05 7.003877929022299738e-23
2.473148593750000000e+05 3.126684497416603152e-24
3.118317812500000000e+05 1.165699625457713679e-25
3.928915000000000000e+05 4.433449475670060750e-27
4.962840000000000000e+05 1.806415871031672102e-28
6.244907500000000000e+05 7.495939487145017188e-30
7.857830000000000000e+05 2.122235808267976191e-31
9.925680000000000000e+05 2.724042543555929232e-33
1.248981500000000000e+06 1.127347594661913600e-35
1.571566000000000000e+06 8.548801321229685395e-39
1.981000250000000000e+06 4.220713738671737680e-43
2.497963000000000000e+06 1.220281463948530352e-49
3.147267500000000000e+06 9.468517626395061070e-61
3.970272000000000000e+06 5.116375039582889903e-81
5.004197000000000000e+06 3.746322037214979008e-117
6.286264000000000000e+06 1.047348784688728058e-176
7.940544000000000000e+06 9.999999999999999821e-201
1.000839400000000000e+07 9.999999999999999821e-201
