1.211760009765625000e+03 1.216815440614028904e-12
1.526073364257812500e+03 8.119224679443640993e-13
1.923100463867187500e+03 5.399247725222887350e-13
2.423520019531250000e+03 3.580700503342202833e-13
3.056282226562500000e+03 2.360375924427569565e-13
3.850336669921875000e+03 1.552153446927988507e-13
4.838769042968750000e+03 1.016609602013277506e-13
6.120835937500000000e+03 6.603150974490803385e-14
7.692401855468750000e+03 4.287341207394551371e-14
9.718894531250000000e+03 2.732442205098962404e-14
1.224167187500000000e+04 1.733343795061112568e-14
1.542616113281250000e+04 1.063549408528224067e-14
1.943778906250000000e+04 6.311801076013799400e-15
2.448334375000000000e+04 3.517774849015548016e-15
3.085232226562500000e+04 1.825849379497843482e-15
3.891693750000000000e+04 8.740417897712361280e-16
4.921482812500000000e+04 3.779606000349908847e-16
6.162192968750000000e+04 1.489113121448460426e-16
7.775115625000000000e+04 4.797401797922240326e-17
9.801609375000000000e+04 1.225332332892608278e-17
1.236574296875000000e+05 2.330825547247878118e-18
1.559158906250000000e+05 3.149919992396930911e-19
1.964457500000000000e+05 2.978610206376319339e-20
2.473148593750000000e+05 2.006457978514173398e-21
3.118317812500000000e+05 1.013504236026720133e-22
3.928915000000000000e+05 4.569332989486982401e-24
4.962840000000000000e+05 2.133487516133336943e-25
6.244907500000000000e+05 1.282594145788761452e-26
7.857830000000000000e+05 9.426733007225257357e-28
9.925680000000000000e+05 6.334222446609270029e-29
1.248981500000000000e+06 3.042632270028701987e-30
1.571566000000000000e+06 7.142832693196501851e-32
1.981000250000000000e+06 5.433279770293855900e-34
2.497963000000000000e+06 8.417138388950622936e-37
3.147267500000000000e+06 9.251393209041278317e-41
3.970272000000000000e+06 4.510304912268139778e-47
5.004197000000000000e+06 3.956635867377607473e-58
6.286264000000000000e+06 9.791023196552653003e-78
7.940544000000000000e+06 1.573982229406529474e-112
1.000839400000000000e+07 9.999999999999999821e-201
