1.211760009765625000e+03 5.729120805347524534e-12
1.526073364257812500e+03 3.906326124701872234e-12
1.923100463867187500e+03 2.660385143678137836e-12
2.423520019531250000e+03 1.805918514729111389e-12
3.056282226562500000e+03 1.224630329469237653e-12
3.850336669921875000e+03 8.270476709218700966e-13
4.838769042968750000e+03 5.582943589578590667e-13
6.120835937500000000e+03 3.722960512662161443e-13
7.692401855468750000e+03 2.491004433626864839e-13
9.718894531250000000e+03 1.644657632546246776e-13
1.224167187500000000e+04 1.086251398492814135e-13
1.542616113281250000e+04 7.110325834673770351e-14
1.943778906250000000e+04 4.598552951967623107e-14
2.448334375000000000e+04 2.914593303087725368e-14
3.085232226562500000e+04 1.783383364803366702e-14
3.891693750000000000e+04 1.043709334037080757e-14
4.921482812500000000e+04 5.797195856704170265e-15
6.162192968750000000e+04 3.080599843856474364e-15
7.775115625000000000e+04 1.490794115775841506e-15
9.801609375000000000e+04 6.461892000791402028e-16
1.236574296875000000e+05 2.357224630362394049e-16
1.559158906250000000e+05 6.983161363626096042e-17
1.964457500000000000e+05 1.618129311918703192e-17
2.473148593750000000e+05 2.877327007977395968e-18
3.118317812500000000e+05 3.892732669296878252e-19
3.928915000000000000e+05 4.331599465287947704e-20
4.962840000000000000e+05 4.274411474867031811e-21
6.244907500000000000e+05 4.583594329687729986e-22
7.857830000000000000e+05 5.815072338144663705e-23
9.925680000000000000e+05 8.826844277887150619e-24
1.248981500000000000e+06 1.539546259917063467e-24
1.571566000000000000e+06 2.434729301844860403e-25
1.981000250000000000e+06 2.705061503781308527e-26
2.497963000000000000e+06 1.682710503673966907e-27
3.147267500000000000e+06 4.678383264781276036e-29
3.970272000000000000e+06 3.758850102768161547e-31
5.004197000000000000e+06 3.291906156057919470e-34
6.286264000000000000e+06 3.791139218768427731e-39
7.940544000000000000e+06 4.912446532048853203e-48
1.000839400000000000e+07 9.999999999999999821e-201
