1.211760009765625000e+03 7.161401006684406216e-10
1.526073364257812500e+03 4.133783088925019837e-10
1.923100463867187500e+03 2.362170879785013291e-10
2.423520019531250000e+03 1.345097928212027775e-10
3.056282226562500000e+03 7.604558103096268880e-11
3.850336669921875000e+03 4.233139391269570785e-11
4.838769042968750000e+03 2.332570905173534882e-11
6.120835937500000000e+03 1.256538453755238391e-11
7.692401855468750000e+03 6.714446322702809407e-12
9.718894531250000000e+03 3.457368723366071823e-12
1.224167187500000000e+04 1.744481076274418418e-12
1.542616113281250000e+04 8.291165224035084497e-13
1.943778906250000000e+04 3.643294193978754735e-13
2.448334375000000000e+04 1.461764921351445601e-13
3.085232226562500000e+04 5.170742420058000645e-14
3.891693750000000000e+04 1.922887773257562829e-15
4.921482812500000000e+04 1.102745689690865733e-15
6.162192968750000000e+04 5.697116520475420637e-16
7.775115625000000000e+04 2.422566800985238680e-16
9.801609375000000000e+04 8.055376375460599629e-17
1.236574296875000000e+05 1.996936179861325979e-17
1.559158906250000000e+05 3.488855157484190953e-18
1.964457500000000000e+05 4.245691534238952380e-19
2.473148593750000000e+05 3.667053519711653895e-20
3.118317812500000000e+05 2.351719291444279805e-21
3.928915000000000000e+05 1.328900371679614258e-22
4.962840000000000000e+05 7.659424471691513971e-24
6.244907500000000000e+05 5.612547716555534220e-25
7.857830000000000000e+05 4.914948006646196149e-26
9.925680000000000000e+05 3.844056456477504958e-27
1.248981500000000000e+06 2.083167690088047300e-28
1.571566000000000000e+06 5.339444929464570536e-30
1.981000250000000000e+06 4.291705099593765736e-32
2.497963000000000000e+06 6.685618460698376105e-35
3.147267500000000000e+06 6.791137749544885127e-39
3.970272000000000000e+06 2.541641048465223644e-45
5.004197000000000000e+06 1.256002241669399371e-56
6.286264000000000000e+06 1.208842022981288237e-76
7.940544000000000000e+06 4.517903467916914725e-112
1.000839400000000000e+07 9.999999999999999821e-201
