1.211760009765625000e+03 1.918010008746780486e-11
1.526073364257812500e+03 1.285626319522135278e-11
1.923100463867187500e+03 8.710995603193902092e-12
2.423520019531250000e+03 5.853666909811601891e-12
3.056282226562500000e+03 3.920792264510381690e-12
3.850336669921875000e+03 2.622250672259388714e-12
4.838769042968750000e+03 1.752862438386470296e-12
6.120835937500000000e+03 1.158837640325192152e-12
7.692401855468750000e+03 7.670041577069142019e-13
9.718894531250000000e+03 5.028688758004936514e-13
1.224167187500000000e+04 3.287227603259572702e-13
1.542616113281250000e+04 2.135020405568200678e-13
1.943778906250000000e+04 1.368480590523621331e-13
2.448334375000000000e+04 8.647240000554516828e-14
3.085232226562500000e+04 5.339716232680332388e-14
3.891693750000000000e+04 3.182934607588973128e-14
4.921482812500000000e+04 1.817040700080808930e-14
6.162192968750000000e+04 1.005316727547251400e-14
7.775115625000000000e+04 5.153705006666874130e-15
9.801609375000000000e+04 2.407857981457507703e-15
1.236574296875000000e+05 9.847255981216272576e-16
1.559158906250000000e+05 3.357428210581740678e-16
1.964457500000000000e+05 9.272243197769394902e-17
2.473148593750000000e+05 2.016551585566523342e-17
3.118317812500000000e+05 3.434425648954804863e-18
3.928915000000000000e+05 4.791417176941478278e-19
4.962840000000000000e+05 5.858640277895220415e-20
6.244907500000000000e+05 7.500353572825818665e-21
7.857830000000000000e+05 1.092584491791684007e-21
9.925680000000000000e+05 1.893506747656563095e-22
1.248981500000000000e+06 3.916655901014913986e-23
1.571566000000000000e+06 7.959933499750075423e-24
1.981000250000000000e+06 1.289875151436073600e-24
2.497963000000000000e+06 1.362954979645006121e-25
3.147267500000000000e+06 7.765446550163718092e-27
3.970272000000000000e+06 1.781221734282352860e-28
5.004197000000000000e+06 9.054448474989597413e-31
6.286264000000000000e+06 2.578216991971446026e-34
7.940544000000000000e+06 1.481176633052053633e-40
1.000839400000000000e+07 9.999999999999999821e-201
