1.211760009765625000e+03 2.926833454905800542e-11
1.526073364257812500e+03 1.641645915697495779e-11
1.923100463867187500e+03 9.103382792526961894e-12
2.423520019531250000e+03 4.944451674775269969e-12
3.056282226562500000e+03 2.626724399479781402e-12
3.850336669921875000e+03 1.370995300475764387e-12
4.838769042968750000e+03 7.033231926409984902e-13
6.120835937500000000e+03 3.454435227608094151e-13
7.692401855468750000e+03 1.681459793502455770e-13
9.718894531250000000e+03 7.875663232548872768e-14
1.224167187500000000e+04 1.583513045750714405e-14
1.542616113281250000e+04 1.046463686140167976e-14
1.943778906250000000e+04 6.210071215568809073e-15
2.448334375000000000e+04 3.287576913161020307e-15
3.085232226562500000e+04 1.564379469206157722e-15
3.891693750000000000e+04 6.440089768030984576e-16
4.921482812500000000e+04 2.222456047649836092e-16
6.162192968750000000e+04 6.389506017468983560e-17
7.775115625000000000e+04 1.344929294375232552e-17
9.801609375000000000e+04 2.032800022863388522e-18
1.236574296875000000e+05 2.096132178995258508e-19
1.559158906250000000e+05 1.433798010115826054e-20
1.964457500000000000e+05 6.679703724485602276e-22
2.473148593750000000e+05 2.321476144383971183e-23
3.118317812500000000e+05 6.699589500089461262e-25
3.928915000000000000e+05 1.938579690147092454e-26
4.962840000000000000e+05 5.858090514450840981e-28
6.244907500000000000e+05 1.687924910676672042e-29
7.857830000000000000e+05 3.211937220315236062e-31
9.925680000000000000e+05 2.575748015617709134e-33
1.248981500000000000e+06 6.451332927310216585e-36
1.571566000000000000e+06 2.740900173451164222e-39
1.981000250000000000e+06 6.449010310929179447e-44
2.497963000000000000e+06 6.067278064068761182e-51
3.147267500000000000e+06 7.061439238647300686e-63
3.970272000000000000e+06 1.507647316125982763e-84
5.004197000000000000e+06 6.469570751604102737e-123
6.286264000000000000e+06 1.247042015094052437e-185
7.940544000000000000e+06 9.999999999999999821e-201
1.000839400000000000e+07 9.999999999999999821e-201
