1.211760009765625000e+03 1.419825590890473933e-13
1.526073364257812500e+03 8.059888080081078940e-14
1.923100463867187500e+03 4.488909445970191221e-14
2.423520019531250000e+03 2.465998568275827916e-14
3.056282226562500000e+03 1.318299651618612305e-14
3.850336669921875000e+03 6.854976502378821748e-15
4.838769042968750000e+03 3.454374972705788620e-15
6.120835937500000000e+03 1.648819083815778384e-15
7.692401855468750000e+03 7.530936761276748940e-16
9.718894531250000000e+03 3.115001129291719486e-16
1.224167187500000000e+04 4.590047950182813977e-19
1.542616113281250000e+04 3.081655130909321883e-19
1.943778906250000000e+04 1.871892894978598547e-19
2.448334375000000000e+04 1.023351009059144612e-19
3.085232226562500000e+04 4.991115449372025497e-20
3.891693750000000000e+04 2.130183538656402379e-20
4.921482812500000000e+04 7.593391496136938107e-21
6.162192968750000000e+04 2.294174485696167218e-21
7.775115625000000000e+04 5.064913333394561201e-22
9.801609375000000000e+04 8.093305017791655159e-23
1.236574296875000000e+05 8.839503142429616991e-24
1.559158906250000000e+05 6.464061529835730915e-25
1.964457500000000000e+05 3.271381095135317526e-26
2.473148593750000000e+05 1.237233704456786968e-27
3.118317812500000000e+05 3.920500522274572589e-29
3.928915000000000000e+05 1.266794649007010831e-30
4.962840000000000000e+05 4.264052279226122452e-32
6.244907500000000000e+05 1.383115169525350422e-33
7.857830000000000000e+05 2.974513687990679203e-35
9.925680000000000000e+05 2.711313700650219912e-37
1.248981500000000000e+06 7.753085565461832986e-40
1.571566000000000000e+06 3.786769976478582419e-43
1.981000250000000000e+06 1.017603575036227617e-47
2.497963000000000000e+06 1.101534949495979109e-54
3.147267500000000000e+06 1.486618787083641678e-66
3.970272000000000000e+06 3.652889972992469037e-88
5.004197000000000000e+06 1.786117373615618260e-126
6.286264000000000000e+06 3.929122328964676894e-189
7.940544000000000000e+06 9.999999999999999821e-201
1.000839400000000000e+07 9.999999999999999821e-201
