1.211760009765625000e+03 2.827196571334539431e-10
1.526073364257812500e+03 1.621867049243309543e-10
1.923100463867187500e+03 9.260337668260186785e-11
2.423520019531250000e+03 5.280724206812883830e-11
3.056282226562500000e+03 2.997033290383886368e-11
3.850336669921875000e+03 1.715702690309671044e-11
4.838769042968750000e+03 9.927437984622939414e-12
6.120835937500000000e+03 5.855390208498827085e-12
7.692401855468750000e+03 3.524709532771471272e-12
9.718894531250000000e+03 2.145236626776371906e-12
1.224167187500000000e+04 1.123438309485304051e-12
1.542616113281250000e+04 6.856141391952823399e-13
1.943778906250000000e+04 3.774836146035040796e-13
2.448334375000000000e+04 1.856368617882651404e-13
3.085232226562500000e+04 8.095042967638212918e-14
3.891693750000000000e+04 3.060418727371989147e-14
4.921482812500000000e+04 9.568907982936791777e-15
6.162192968750000000e+04 2.511102159128756502e-15
7.775115625000000000e+04 4.799979405186228818e-16
9.801609375000000000e+04 6.577502071315624413e-17
1.236574296875000000e+05 6.109656583738118553e-18
1.559158906250000000e+05 3.777352828134459362e-19
1.964457500000000000e+05 1.597651232507945327e-20
2.473148593750000000e+05 5.108577876466733336e-22
3.118317812500000000e+05 1.359768535573712492e-23
3.928915000000000000e+05 3.675623867952160344e-25
4.962840000000000000e+05 1.048080139660252605e-26
6.244907500000000000e+05 2.916996447577161102e-28
7.857830000000000000e+05 5.375627146971106749e-30
9.925680000000000000e+05 4.192108106389955138e-32
1.248981500000000000e+06 1.062459873785510334e-34
1.571566000000000000e+06 4.447952035863732099e-38
1.981000250000000000e+06 1.030166582135440473e-42
2.497963000000000000e+06 9.601614800419495397e-50
3.147267500000000000e+06 1.104640348735761690e-61
3.970272000000000000e+06 2.341170391781537189e-83
5.004197000000000000e+06 9.973026009117290154e-122
6.286264000000000000e+06 1.917562093561709062e-184
7.940544000000000000e+06 9.999999999999999821e-201
1.000839400000000000e+07 9.999999999999999821e-201
