1.211760009765625000e+03 3.811110796600745871e-15
1.526073364257812500e+03 1.780097980876802569e-15
1.923100463867187500e+03 7.847743786661172947e-16
2.423520019531250000e+03 3.337835599637253872e-16
3.056282226562500000e+03 1.362892915476994373e-16
3.850336669921875000e+03 5.644005053923340483e-17
4.838769042968750000e+03 2.531760054909913006e-17
6.120835937500000000e+03 1.307644627454867051e-17
7.692401855468750000e+03 7.507689802242722245e-18
9.718894531250000000e+03 5.121008310671635961e-18
1.224167187500000000e+04 3.450623486494081965e-18
1.542616113281250000e+04 2.238192994885558708e-18
1.943778906250000000e+04 1.376323006575614485e-18
2.448334375000000000e+04 7.911374170352580121e-19
3.085232226562500000e+04 4.165491716091312502e-19
3.891693750000000000e+04 1.990343784008954319e-19
4.921482812500000000e+04 8.495528706464021674e-20
6.162192968750000000e+04 3.219273050947389867e-20
7.775115625000000000e+04 9.700881568382361730e-21
9.801609375000000000e+04 2.249790445439196658e-21
1.236574296875000000e+05 3.751807863500747820e-22
1.559158906250000000e+05 4.355357234827891141e-23
1.964457500000000000e+05 3.461255359773289890e-24
2.473148593750000000e+05 1.971932902259581787e-25
3.118317812500000000e+05 8.651242626163940733e-27
3.928915000000000000e+05 3.551193998162694235e-28
4.962840000000000000e+05 1.558846225221133028e-29
6.244907500000000000e+05 8.921897417294033964e-31
7.857830000000000000e+05 5.763322232019023496e-32
9.925680000000000000e+05 2.912009060982871279e-33
1.248981500000000000e+06 8.871431186798493024e-35
1.571566000000000000e+06 1.077227336017817310e-36
1.981000250000000000e+06 3.256015455091442220e-39
2.497963000000000000e+06 1.255790192924284202e-42
3.147267500000000000e+06 1.175581344487159004e-47
3.970272000000000000e+06 4.336357217409683114e-56
5.004197000000000000e+06 3.221740831432261980e-71
6.286264000000000000e+06 6.823702790961085242e-98
7.940544000000000000e+06 4.221523954222265042e-144
1.000839400000000000e+07 9.999999999999999821e-201
