1.211760009765625000e+03 4.782570411420543182e-14
1.526073364257812500e+03 2.492137173227523913e-14
1.923100463867187500e+03 1.310573212372415917e-14
2.423520019531250000e+03 7.161401006684406361e-15
3.056282226562500000e+03 4.118306853289177863e-15
3.850336669921875000e+03 2.528043930403162785e-15
4.838769042968750000e+03 1.640031759707653499e-15
6.120835937500000000e+03 1.095860375174041011e-15
7.692401855468750000e+03 7.468587251189374502e-16
9.718894531250000000e+03 5.105629907336287217e-16
1.224167187500000000e+04 3.438642154943754422e-16
1.542616113281250000e+04 2.238192994885559201e-16
1.943778906250000000e+04 1.376323006575614269e-16
2.448334375000000000e+04 7.911374170352578272e-17
3.085232226562500000e+04 4.165491716091313657e-17
3.891693750000000000e+04 1.990343784008953895e-17
4.921482812500000000e+04 8.495528706464019459e-18
6.162192968750000000e+04 3.219273050947388615e-18
7.775115625000000000e+04 9.700881568382363957e-19
9.801609375000000000e+04 2.245931456682010997e-19
1.236574296875000000e+05 3.751807863500748535e-20
1.559158906250000000e+05 4.343649285271902304e-21
1.964457500000000000e+05 3.449401745527490239e-22
2.473148593750000000e+05 1.954710780842467332e-23
3.118317812500000000e+05 8.554580697379986984e-25
3.928915000000000000e+05 3.475096983916350342e-26
4.962840000000000000e+05 1.515942200673762345e-27
6.244907500000000000e+05 8.678765141704268100e-29
7.857830000000000000e+05 5.569152110879025361e-30
9.925680000000000000e+05 2.790675350108584752e-31
1.248981500000000000e+06 8.435882885637841907e-33
1.571566000000000000e+06 1.011940830804616523e-34
1.981000250000000000e+06 3.012172887970056642e-37
2.497963000000000000e+06 1.146906650185184469e-40
3.147267500000000000e+06 1.049946696984714468e-45
3.970272000000000000e+06 3.817401688348484035e-54
5.004197000000000000e+06 2.769566679652295728e-69
6.286264000000000000e+06 5.713154416301956825e-96
7.940544000000000000e+06 3.420358824223878568e-142
1.000839400000000000e+07 9.999999999999999821e-201
