1.211760009765625000e+03 1.152051466292709025e-10
1.526073364257812500e+03 6.536915363108704247e-11
1.923100463867187500e+03 3.649200860797445825e-11
2.423520019531250000e+03 2.011419587094837737e-11
3.056282226562500000e+03 1.086365614851742979e-11
3.850336669921875000e+03 5.761896095995966496e-12
4.838769042968750000e+03 2.981739170082200933e-12
6.120835937500000000e+03 1.491708415816805641e-12
7.692401855468750000e+03 7.199516562381245498e-13
9.718894531250000000e+03 3.321784268284198915e-13
1.224167187500000000e+04 1.465494787688633415e-13
1.542616113281250000e+04 6.078112219648044411e-14
1.943778906250000000e+04 2.426912772796175500e-14
2.448334375000000000e+04 2.837588083492969175e-15
3.085232226562500000e+04 2.202503340914584019e-15
3.891693750000000000e+04 1.653570916849771143e-15
4.921482812500000000e+04 1.194068474442087170e-15
6.162192968750000000e+04 8.333429725063264729e-16
7.775115625000000000e+04 5.422325092642696449e-16
9.801609375000000000e+04 3.236360998954836523e-16
1.236574296875000000e+05 1.699515133887147011e-16
1.559158906250000000e+05 7.562035571444516058e-17
1.964457500000000000e+05 2.731517145659962642e-17
2.473148593750000000e+05 7.883257736153262129e-18
3.118317812500000000e+05 1.784497048206985178e-18
3.928915000000000000e+05 3.285798257220740038e-19
4.962840000000000000e+05 5.229171087932616564e-20
6.244907500000000000e+05 8.411406622283434099e-21
7.857830000000000000e+05 1.483361261986676108e-21
9.925680000000000000e+05 3.016538958654351799e-22
1.248981500000000000e+06 7.249482225104563246e-23
1.571566000000000000e+06 1.698525234612259280e-23
1.981000250000000000e+06 3.285985529518854161e-24
2.497963000000000000e+06 4.394309088291518470e-25
3.147267500000000000e+06 3.399523756830847748e-26
3.970272000000000000e+06 1.187594747070374143e-27
5.004197000000000000e+06 1.162937976520053426e-29
6.286264000000000000e+06 1.062004366923157306e-32
7.940544000000000000e+06 5.728531758235721701e-38
1.000839400000000000e+07 9.999999999999999821e-201
