1.211760009765625000e+03 9.614959264626715722e-13
1.526073364257812500e+03 5.518303740718088375e-13
1.923100463867187500e+03 3.115554283304485850e-13
2.423520019531250000e+03 1.706281631157849998e-13
3.056282226562500000e+03 9.085966960578214848e-14
3.850336669921875000e+03 4.703588649792626121e-14
4.838769042968750000e+03 2.326755420645209337e-14
6.120835937500000000e+03 1.092293678164128087e-14
7.692401855468750000e+03 4.826280013813859277e-15
9.718894531250000000e+03 1.987468552432104905e-15
1.224167187500000000e+04 7.407187126613048671e-16
1.542616113281250000e+04 2.492863370109095152e-16
1.943778906250000000e+04 7.826359842653958197e-19
2.448334375000000000e+04 5.934102487821787026e-19
3.085232226562500000e+04 4.464981375405174224e-19
3.891693750000000000e+04 3.294725418032299901e-19
4.921482812500000000e+04 2.373798284215673420e-19
6.162192968750000000e+04 1.681325069897312466e-19
7.775115625000000000e+04 1.140436264862734699e-19
9.801609375000000000e+04 7.405819360276583727e-20
1.236574296875000000e+05 4.494772849456966670e-20
1.559158906250000000e+05 2.488020009599292860e-20
1.964457500000000000e+05 1.224463886474739693e-20
2.473148593750000000e+05 5.218078371570339564e-21
3.118317812500000000e+05 1.896676362708012418e-21
3.928915000000000000e+05 5.925437708590530317e-22
4.962840000000000000e+05 1.611322575013989716e-22
6.244907500000000000e+05 4.214689509136131725e-23
7.857830000000000000e+05 1.115209565092171472e-23
9.925680000000000000e+05 3.125097734264737566e-24
1.248981500000000000e+06 1.012985065474389629e-24
1.571566000000000000e+06 3.585784228478909064e-25
1.981000250000000000e+06 1.263488253929310348e-25
2.497963000000000000e+06 3.981142473477474009e-26
3.147267500000000000e+06 9.934375391885937036e-27
3.970272000000000000e+06 1.735825013740842934e-27
5.004197000000000000e+06 1.853788109186075914e-28
6.286264000000000000e+06 8.997929625405336211e-30
7.940544000000000000e+06 7.869353003456215032e-32
1.000839400000000000e+07 9.999999999999999821e-201
