1.211760009765625000e+03 2.092374554996487808e-13
1.526073364257812500e+03 1.275736886295041847e-13
1.923100463867187500e+03 8.397085851727456542e-14
2.423520019531250000e+03 5.778939247133156214e-14
3.056282226562500000e+03 4.024490800473501510e-14
3.850336669921875000e+03 2.806474561042933432e-14
4.838769042968750000e+03 1.961835334565464250e-14
6.120835937500000000e+03 1.356120819391129825e-14
7.692401855468750000e+03 9.417131734270944739e-15
9.718894531250000000e+03 6.474799893470219077e-15
1.224167187500000000e+04 4.449242184205175400e-15
1.542616113281250000e+04 3.050091652839363155e-15
1.943778906250000000e+04 2.076697463199268064e-15
2.448334375000000000e+04 1.403832096809079521e-15
3.085232226562500000e+04 9.354280635298096439e-16
3.891693750000000000e+04 6.154156817281288293e-16
4.921482812500000000e+04 3.961114428316358703e-16
6.162192968750000000e+04 2.507813009574460690e-16
7.775115625000000000e+04 1.516844301720519170e-16
9.801609375000000000e+04 8.814288072967220322e-17
1.236574296875000000e+05 4.821803699755866263e-17
1.559158906250000000e+05 2.422298726326858971e-17
1.964457500000000000e+05 1.091878624881933425e-17
2.473148593750000000e+05 4.295754591607542436e-18
3.118317812500000000e+05 1.452885793160733711e-18
3.928915000000000000e+05 4.270932374373694249e-19
4.962840000000000000e+05 1.109333618951939358e-19
6.244907500000000000e+05 2.777422118923810127e-20
7.857830000000000000e+05 7.142353394410534854e-21
9.925680000000000000e+05 1.988698558168469387e-21
1.248981500000000000e+06 6.406686247430131632e-22
1.571566000000000000e+06 2.269534177980533147e-22
1.981000250000000000e+06 7.977108043875731060e-23
2.497963000000000000e+06 2.494468084818021968e-23
3.147267500000000000e+06 6.152021458277988055e-24
3.970272000000000000e+06 1.061916478994398271e-24
5.004197000000000000e+06 1.116486020305250291e-25
6.286264000000000000e+06 5.310973095970954592e-27
7.940544000000000000e+06 4.537329484904184253e-29
1.000839400000000000e+07 9.999999999999999821e-201
