1.211760009765625000e+03 6.787762693292176825e-12
1.526073364257812500e+03 4.588697017371314204e-12
1.923100463867187500e+03 3.099858795731163393e-12
2.423520019531250000e+03 2.092374554996487253e-12
3.056282226562500000e+03 1.407336997438843870e-12
3.850336669921875000e+03 9.446158939925581133e-13
4.838769042968750000e+03 6.330327506202012338e-13
6.120835937500000000e+03 4.188364460620351196e-13
7.692401855468750000e+03 2.779575941314435387e-13
9.718894531250000000e+03 1.820980455426480199e-13
1.224167187500000000e+04 1.186594100981843939e-13
1.542616113281250000e+04 7.507857131879046056e-14
1.943778906250000000e+04 4.541480949233245597e-14
2.448334375000000000e+04 2.581875366429321242e-14
3.085232226562500000e+04 1.363432003690350424e-14
3.891693750000000000e+04 6.609449493592291360e-15
4.921482812500000000e+04 2.874410735702634431e-15
6.162192968750000000e+04 1.128356222525857428e-15
7.775115625000000000e+04 3.629212714785202408e-16
9.801609375000000000e+04 9.200428684095833056e-17
1.236574296875000000e+05 1.727362347474266790e-17
1.559158906250000000e+05 2.319255311132707617e-18
1.964457500000000000e+05 2.169929248437269702e-19
2.473148593750000000e+05 1.446709814454946161e-20
3.118317812500000000e+05 7.284531427288056708e-22
3.928915000000000000e+05 3.277767158115773621e-23
4.962840000000000000e+05 1.525494240800427057e-24
6.244907500000000000e+05 9.120937386647540367e-26
7.857830000000000000e+05 6.568551583299209826e-27
9.925680000000000000e+05 4.274287855767407255e-28
1.248981500000000000e+06 1.930763196779569669e-29
1.571566000000000000e+06 4.138649332945126149e-31
1.981000250000000000e+06 2.788353330727757677e-33
2.497963000000000000e+06 3.672160851046491785e-36
3.147267500000000000e+06 3.118275540382394817e-40
3.970272000000000000e+06 9.190948212255849682e-47
5.004197000000000000e+06 3.112750108222846782e-58
6.286264000000000000e+06 1.481879137822285294e-78
7.940544000000000000e+06 1.646751463574825640e-114
1.000839400000000000e+07 9.999999999999999821e-201
