1.211760009765625000e+03 8.195133673736241840e-12
1.526073364257812500e+03 5.666645239124488180e-12
1.923100463867187500e+03 4.002349331197198193e-12
2.423520019531250000e+03 2.864557108766298579e-12
3.056282226562500000e+03 2.063980910287049501e-12
3.850336669921875000e+03 1.484977495508537481e-12
4.838769042968750000e+03 1.065127136327724210e-12
6.120835937500000000e+03 7.536699600218176113e-13
7.692401855468750000e+03 5.291339633148860484e-13
9.718894531250000000e+03 3.606917462876289118e-13
1.224167187500000000e+04 2.354310078339989852e-13
1.542616113281250000e+04 1.427055225386160666e-13
1.943778906250000000e+04 7.916668695122076889e-14
2.448334375000000000e+04 3.961146818740793900e-14
3.085232226562500000e+04 1.775271831776627702e-14
3.891693750000000000e+04 7.019212663630521135e-15
4.921482812500000000e+04 2.348030878811188444e-15
6.162192968750000000e+04 6.693247456241589077e-16
7.775115625000000000e+04 1.420132063998942500e-16
9.801609375000000000e+04 2.192522375585081476e-17
1.236574296875000000e+05 2.316319245724759459e-18
1.559158906250000000e+05 1.640539522660682999e-19
1.964457500000000000e+05 7.863439491403033178e-21
2.473148593750000000e+05 2.797467375085240044e-22
3.118317812500000000e+05 8.210838093750665828e-24
3.928915000000000000e+05 2.432436261693856255e-25
4.962840000000000000e+05 7.869287035934437037e-27
6.244907500000000000e+05 2.787551477586110155e-28
7.857830000000000000e+05 7.402000179842795523e-30
9.925680000000000000e+05 9.518547029081405135e-32
1.248981500000000000e+06 4.464480391092532632e-34
1.571566000000000000e+06 4.543002386650717881e-37
1.981000250000000000e+06 4.163250615808523019e-41
2.497963000000000000e+06 4.952741069185500191e-47
3.147267500000000000e+06 8.357508720549472627e-57
3.970272000000000000e+06 1.973846209981837211e-74
5.004197000000000000e+06 5.028335968108610716e-106
6.286264000000000000e+06 8.009264250172542553e-159
7.940544000000000000e+06 9.999999999999999821e-201
1.000839400000000000e+07 9.999999999999999821e-201
