1.211760009765625000e+03 2.329012153478233505e-13
1.526073364257812500e+03 1.592198749562029531e-13
1.923100463867187500e+03 1.098684130132564398e-13
2.423520019531250000e+03 7.597312372308674602e-14
3.056282226562500000e+03 5.283687308597114069e-14
3.850336669921875000e+03 3.660959775638324741e-14
4.838769042968750000e+03 2.532590955660308197e-14
6.120835937500000000e+03 1.735704745682229113e-14
7.692401855468750000e+03 1.192466289227484555e-14
9.718894531250000000e+03 8.128782149981702304e-15
1.224167187500000000e+04 5.521064796597149629e-15
1.542616113281250000e+04 3.720553251290993242e-15
1.943778906250000000e+04 2.473765471171146045e-15
2.448334375000000000e+04 1.612443377289714739e-15
3.085232226562500000e+04 1.013503943828732540e-15
3.891693750000000000e+04 6.087537636993959478e-16
4.921482812500000000e+04 3.446914109220385515e-16
6.162192968750000000e+04 1.852531410495921838e-16
7.775115625000000000e+04 9.025846161961570361e-17
9.801609375000000000e+04 3.852462477275697519e-17
1.236574296875000000e+05 1.380745740957808509e-17
1.559158906250000000e+05 3.967332153291008376e-18
1.964457500000000000e+05 8.811002815416165918e-19
2.473148593750000000e+05 1.494680366465083408e-19
3.118317812500000000e+05 1.930765331962474687e-20
3.928915000000000000e+05 2.048599233586844478e-21
4.962840000000000000e+05 1.964496689750964048e-22
6.244907500000000000e+05 2.077636780960899324e-23
7.857830000000000000e+05 2.654773259376710381e-24
9.925680000000000000e+05 4.071968693871683488e-25
1.248981500000000000e+06 7.032581139070472819e-26
1.571566000000000000e+06 1.052128317465403093e-26
1.981000250000000000e+06 1.048931942318288463e-27
2.497963000000000000e+06 5.491228817387258635e-29
3.147267500000000000e+06 1.175974415055989624e-30
3.970272000000000000e+06 6.111227624062871265e-33
5.004197000000000000e+06 2.403825931945465371e-36
6.286264000000000000e+06 5.916242447810687085e-42
7.940544000000000000e+06 3.969765726993055379e-52
1.000839400000000000e+07 9.999999999999999821e-201
