1.211760009765625000e+03 5.131299503919956891e-13
1.526073364257812500e+03 3.342628430757552147e-13
1.923100463867187500e+03 2.165977285118483832e-13
2.423520019531250000e+03 1.401143675220862198e-13
3.056282226562500000e+03 9.036586705357679809e-14
3.850336669921875000e+03 5.801092668077572237e-14
4.838769042968750000e+03 3.711580362691419414e-14
6.120835937500000000e+03 2.367047892186189220e-14
7.692401855468750000e+03 1.510669709083251139e-14
9.718894531250000000e+03 9.564817605550142447e-15
1.224167187500000000e+04 6.051684888205420784e-15
1.542616113281250000e+04 3.822737512081567196e-15
1.943778906250000000e+04 2.402745328854093448e-15
2.448334375000000000e+04 1.502954911918412100e-15
3.085232226562500000e+04 9.273660771395972954e-16
3.891693750000000000e+04 5.686981781821933861e-16
4.921482812500000000e+04 3.410221380522524574e-16
6.162192968750000000e+04 2.020141467215986465e-16
7.775115625000000000e+04 1.155931525188926716e-16
9.801609375000000000e+04 6.383599165102488598e-17
1.236574296875000000e+05 3.319384467944020291e-17
1.559158906250000000e+05 1.595814824459404848e-17
1.964457500000000000e+05 6.893206636337860681e-18
2.473148593750000000e+05 2.611164232788365204e-18
3.118317812500000000e+05 8.525672031895611629e-19
3.928915000000000000e+05 2.425203662657361795e-19
4.962840000000000000e+05 6.119363453106154068e-20
6.244907500000000000e+05 1.482701191841397758e-20
7.857830000000000000e+05 3.652533009259184964e-21
9.925680000000000000e+05 9.613579605984740242e-22
1.248981500000000000e+06 2.912234155547421201e-22
1.571566000000000000e+06 9.647787578100812112e-23
1.981000250000000000e+06 3.206137912341732329e-23
2.497963000000000000e+06 9.715315891080836705e-24
3.147267500000000000e+06 2.369526188142928021e-24
3.970272000000000000e+06 4.158623694998276767e-25
5.004197000000000000e+06 4.663501262603861365e-26
6.286264000000000000e+06 2.552284071648278872e-27
7.940544000000000000e+06 3.024122534427597319e-29
1.000839400000000000e+07 9.999999999999999821e-201
