1.211760009765625000e+03 1.544371695354550230e-12
1.526073364257812500e+03 8.455465409164813925e-13
1.923100463867187500e+03 4.771428222289994130e-13
2.423520019531250000e+03 2.833423876557743533e-13
3.056282226562500000e+03 1.772751162417162445e-13
3.850336669921875000e+03 1.160218344432258843e-13
4.838769042968750000e+03 7.828511761312257688e-14
6.120835937500000000e+03 5.300558187417896365e-14
7.692401855468750000e+03 3.647471467936122911e-14
9.718894531250000000e+03 2.481126903393146575e-14
1.224167187500000000e+04 1.682899760885203853e-14
1.542616113281250000e+04 1.133155759700424186e-14
1.943778906250000000e+04 7.498139900658230287e-15
2.448334375000000000e+04 4.827796534894920482e-15
3.085232226562500000e+04 2.980634153538116616e-15
3.891693750000000000e+04 1.748773360944423883e-15
4.921482812500000000e+04 9.579149151149138826e-16
6.162192968750000000e+04 4.981820094861580692e-16
7.775115625000000000e+04 2.310538525354345216e-16
9.801609375000000000e+04 9.335187837837813939e-17
1.236574296875000000e+05 3.093304683782058285e-17
1.559158906250000000e+05 8.055284822189909374e-18
1.964457500000000000e+05 1.588354372744476698e-18
2.473148593750000000e+05 2.343750656913059514e-19
3.118317812500000000e+05 2.610649709516898645e-20
3.928915000000000000e+05 2.404193522458778671e-21
4.962840000000000000e+05 2.029211835591384039e-22
6.244907500000000000e+05 1.936341643202430309e-23
7.857830000000000000e+05 2.270048259498712883e-24
9.925680000000000000e+05 3.147516506030077434e-25
1.248981500000000000e+06 4.642484449215511274e-26
1.571566000000000000e+06 5.503886747285578054e-27
1.981000250000000000e+06 3.932343569570317078e-28
2.497963000000000000e+06 1.301202972511315229e-29
3.147267500000000000e+06 1.491412224709308938e-31
3.970272000000000000e+06 2.908936192171404681e-34
5.004197000000000000e+06 1.947544256173311883e-38
6.286264000000000000e+06 1.799739468247192721e-45
7.940544000000000000e+06 2.871034681211891577e-58
1.000839400000000000e+07 9.999999999999999821e-201
