1.211760009765625000e+03 2.304102932585417792e-12
1.526073364257812500e+03 1.246068586613761754e-12
1.923100463867187500e+03 6.874623557115186772e-13
2.423520019531250000e+03 3.941884206288025334e-13
3.056282226562500000e+03 2.385066327151780766e-13
3.850336669921875000e+03 1.516907092213797652e-13
4.838769042968750000e+03 1.007414063308310548e-13
6.120835937500000000e+03 6.730476210070164320e-14
7.692401855468750000e+03 4.647584612370220426e-14
9.718894531250000000e+03 3.178943844972468872e-14
1.224167187500000000e+04 2.161973415443766051e-14
1.542616113281250000e+04 1.462448886450974871e-14
1.943778906250000000e+04 9.740785973664768705e-15
2.448334375000000000e+04 6.279592151593631906e-15
3.085232226562500000e+04 3.906244189822033947e-15
3.891693750000000000e+04 2.298814896694465219e-15
4.921482812500000000e+04 1.269932843897157456e-15
6.162192968750000000e+04 6.621406455195772493e-16
7.775115625000000000e+04 3.071150586495837765e-16
9.801609375000000000e+04 1.239940979987617901e-16
1.236574296875000000e+05 4.114678871823303300e-17
1.559158906250000000e+05 1.069327283413514071e-17
1.964457500000000000e+05 2.110076611967115061e-18
2.473148593750000000e+05 3.117833442682511304e-19
3.118317812500000000e+05 3.466798113099807782e-20
3.928915000000000000e+05 3.206764712972104139e-21
4.962840000000000000e+05 2.703091885470611288e-22
6.244907500000000000e+05 2.581788857603240118e-23
7.857830000000000000e+05 3.022045670540083257e-24
9.925680000000000000e+05 4.205183995910629629e-25
1.248981500000000000e+06 6.198210621027090989e-26
1.571566000000000000e+06 7.325595741105454936e-27
1.981000250000000000e+06 5.193661318300418309e-28
2.497963000000000000e+06 1.720460926427027502e-29
3.147267500000000000e+06 1.980658562973738210e-31
3.970272000000000000e+06 3.850062607285682464e-34
5.004197000000000000e+06 2.565385882269673259e-38
6.286264000000000000e+06 2.376010726552943772e-45
7.940544000000000000e+06 3.794584298944388598e-58
1.000839400000000000e+07 9.999999999999999821e-201
