1.211760009765625000e+03 5.953303793382863131e-13
1.526073364257812500e+03 4.005220456972807154e-13
1.923100463867187500e+03 2.683928375038120814e-13
2.423520019531250000e+03 1.793463904282703835e-13
3.056282226562500000e+03 1.190064150814863884e-13
3.850336669921875000e+03 7.917706875007994236e-14
4.838769042968750000e+03 5.239822811891962009e-14
6.120835937500000000e+03 3.426954493270083907e-14
7.692401855468750000e+03 2.255328213604216960e-14
9.718894531250000000e+03 1.459500517922771362e-14
1.224167187500000000e+04 9.439008349590741150e-15
1.542616113281250000e+04 6.033517791125904761e-15
1.943778906250000000e+04 3.798754139697282213e-15
2.448334375000000000e+04 2.325566517733694005e-15
3.085232226562500000e+04 1.369031029312917824e-15
3.891693750000000000e+04 7.714942570184908030e-16
4.921482812500000000e+04 4.082297621250104056e-16
6.162192968750000000e+04 2.074373669227672832e-16
7.775115625000000000e+04 9.441826688515099347e-17
9.801609375000000000e+04 3.748420826664959721e-17
1.236574296875000000e+05 1.237962587033057077e-17
1.559158906250000000e+05 3.242143335776690326e-18
1.964457500000000000e+05 6.495279491663145981e-19
2.473148593750000000e+05 9.824954239696236812e-20
3.118317812500000000e+05 1.121233433960419018e-20
3.928915000000000000e+05 1.054244579304854278e-21
4.962840000000000000e+05 8.965372586292151107e-23
6.244907500000000000e+05 8.565067296680491473e-24
7.857830000000000000e+05 9.858345949284577104e-25
9.925680000000000000e+05 1.361196063562120085e-25
1.248981500000000000e+06 2.044890926436759764e-26
1.571566000000000000e+06 2.560807856695002990e-27
1.981000250000000000e+06 2.048334095202597746e-28
2.497963000000000000e+06 8.117159254827932991e-30
3.147267500000000000e+06 1.221321897039582926e-31
3.970272000000000000e+06 3.777062692269214292e-34
5.004197000000000000e+06 6.051977995346946643e-38
6.286264000000000000e+06 2.945731113669846681e-44
7.940544000000000000e+06 1.037013420336351672e-55
1.000839400000000000e+07 9.999999999999999821e-201
