1.211760009765625000e+03 2.067465334103672346e-11
1.526073364257812500e+03 1.117505954661548550e-11
1.923100463867187500e+03 5.885807839995880883e-12
2.423520019531250000e+03 3.051379203223927766e-12
3.056282226562500000e+03 1.545553567308147506e-12
3.850336669921875000e+03 7.798013841880412890e-13
4.838769042968750000e+03 3.956708470735133541e-13
6.120835937500000000e+03 2.064126989590834898e-13
7.692401855468750000e+03 1.166228747344007876e-13
9.718894531250000000e+03 5.797228958265948286e-14
1.224167187500000000e+04 4.387020318955820932e-14
1.542616113281250000e+04 3.111371836733822922e-14
1.943778906250000000e+04 2.030738705764375231e-14
2.448334375000000000e+04 1.199791140334871128e-14
3.085232226562500000e+04 6.390714588771619746e-15
3.891693750000000000e+04 3.022832005981504178e-15
4.921482812500000000e+04 1.211572362584641671e-15
6.162192968750000000e+04 4.169476070387725409e-16
7.775115625000000000e+04 1.070828022971158786e-16
9.801609375000000000e+04 2.013933447731141252e-17
1.236574296875000000e+05 2.597065172289847491e-18
1.559158906250000000e+05 2.228950328202948500e-19
1.964457500000000000e+05 1.291877252016647181e-20
2.473148593750000000e+05 5.394212751855704438e-22
3.118317812500000000e+05 1.797272063506022899e-23
3.928915000000000000e+05 5.828373263981365315e-25
4.962840000000000000e+05 2.030457315760089873e-26
6.244907500000000000e+05 7.967049339683216412e-28
7.857830000000000000e+05 2.535338775913575441e-29
9.925680000000000000e+05 4.270347327679959463e-31
1.248981500000000000e+06 2.912312168962912632e-33
1.571566000000000000e+06 4.736347098685041092e-36
1.981000250000000000e+06 8.950127333416353343e-40
2.497963000000000000e+06 4.105232915737479171e-45
3.147267500000000000e+06 1.035991081536738436e-53
3.970272000000000000e+06 4.432423677686096454e-69
5.004197000000000000e+06 9.014579448830393271e-97
6.286264000000000000e+06 1.137515930397186589e-143
7.940544000000000000e+06 9.999999999999999821e-201
1.000839400000000000e+07 9.999999999999999821e-201
