1.211760009765625000e+03 7.510130099183822107e-11
1.526073364257812500e+03 4.173340821833393216e-11
1.923100463867187500e+03 2.291541185705062526e-11
2.423520019531250000e+03 1.270370265533581780e-11
3.056282226562500000e+03 7.061312520733978531e-12
3.850336669921875000e+03 3.997538599313713074e-12
4.838769042968750000e+03 2.365819387347752077e-12
6.120835937500000000e+03 1.449252305126511042e-12
7.692401855468750000e+03 9.344423416008554657e-13
9.718894531250000000e+03 5.895304159404925127e-13
1.224167187500000000e+04 4.052969049392217839e-13
1.542616113281250000e+04 2.659043586744495615e-13
1.943778906250000000e+04 1.623921306285557213e-13
2.448334375000000000e+04 9.085787805104491164e-14
3.085232226562500000e+04 4.609549553688310378e-14
3.891693750000000000e+04 2.105821120958359745e-14
4.921482812500000000e+04 8.329550360578616621e-15
6.162192968750000000e+04 2.876193740274141017e-15
7.775115625000000000e+04 7.679832408136063041e-16
9.801609375000000000e+04 1.515215830748847571e-16
1.236574296875000000e+05 2.100915259215891249e-17
1.559158906250000000e+05 1.970886381307949383e-18
1.964457500000000000e+05 1.245808946256300164e-19
2.473148593750000000e+05 5.611201354232944809e-21
3.118317812500000000e+05 1.995054189172100739e-22
3.928915000000000000e+05 6.806362609235239880e-24
4.962840000000000000e+05 2.554045480147252635e-25
6.244907500000000000e+05 1.202561749545279465e-26
7.857830000000000000e+05 5.519803154269222852e-28
9.925680000000000000e+05 1.641680856514810169e-29
1.248981500000000000e+06 2.423560114186975273e-31
1.571566000000000000e+06 1.122998269830937655e-33
1.981000250000000000e+06 9.284461457761323095e-37
2.497963000000000000e+06 4.888294273311678457e-41
3.147267500000000000e+06 1.242363078860609119e-47
3.970272000000000000e+06 4.133470579341690386e-59
5.004197000000000000e+06 7.359720973413695066e-80
6.286264000000000000e+06 8.285703492790926098e-116
7.940544000000000000e+06 3.303662081478000056e-176
1.000839400000000000e+07 9.999999999999999821e-201
