1.211760009765625000e+03 2.715105077316870432e-14
1.526073364257812500e+03 1.809766280558082902e-14
1.923100463867187500e+03 1.192857055572498406e-14
2.423520019531250000e+03 7.908677633468865346e-15
3.056282226562500000e+03 5.184879822916558381e-15
3.850336669921875000e+03 3.425341897843318000e-15
4.838769042968750000e+03 2.253606610082245622e-15
6.120835937500000000e+03 1.468936546961845591e-15
7.692401855468750000e+03 9.578521706179957808e-16
9.718894531250000000e+03 6.154941907357990674e-16
1.224167187500000000e+04 3.865005267391420523e-16
1.542616113281250000e+04 2.321249776050569497e-16
1.943778906250000000e+04 1.306327840480632600e-16
2.448334375000000000e+04 6.785588360774239204e-17
3.085232226562500000e+04 3.192956276213365990e-17
3.891693750000000000e+04 1.363997771529846591e-17
4.921482812500000000e+04 5.109536261455608561e-18
6.162192968750000000e+04 1.672794279343440498e-18
7.775115625000000000e+04 4.246061187190611929e-19
9.801609375000000000e+04 8.142263005091673928e-20
1.236574296875000000e+05 1.104925802995024491e-20
1.559158906250000000e+05 1.028288546769364610e-21
1.964457500000000000e+05 6.566579174848478233e-23
2.473148593750000000e+05 3.007310529719618020e-24
3.118317812500000000e+05 1.089003378369050744e-25
3.928915000000000000e+05 3.818006954766276916e-27
4.962840000000000000e+05 1.466516436987777221e-28
6.244907500000000000e+05 7.134751832497691960e-30
7.857830000000000000e+05 3.398128816846989695e-31
9.925680000000000000e+05 1.052266804506188893e-32
1.248981500000000000e+06 1.625836565630133766e-34
1.571566000000000000e+06 7.855952022135710041e-37
1.981000250000000000e+06 6.768671901464706654e-40
2.497963000000000000e+06 3.723326946494409170e-44
3.147267500000000000e+06 9.911749153751306868e-51
3.970272000000000000e+06 3.423932715422758411e-62
5.004197000000000000e+06 6.305258026930446671e-83
6.286264000000000000e+06 7.289996635288154463e-119
7.940544000000000000e+06 2.990023276274392658e-179
1.000839400000000000e+07 9.999999999999999821e-201
