1.211760009765625000e+03 1.123405862265971244e-09
1.526073364257812500e+03 6.487468196973238170e-10
1.923100463867187500e+03 3.727678298664057785e-10
2.423520019531250000e+03 2.111056470666099171e-10
3.056282226562500000e+03 1.185126125292810487e-10
3.850336669921875000e+03 6.545814080915567332e-11
4.838769042968750000e+03 3.555466178093619997e-11
6.120835937500000000e+03 1.905450885880026619e-11
7.692401855468750000e+03 9.996695847702610894e-12
9.718894531250000000e+03 5.142456316002593081e-12
1.224167187500000000e+04 2.608107604209929779e-12
1.542616113281250000e+04 1.314388012122878827e-12
1.943778906250000000e+04 6.635593243181814015e-13
2.448334375000000000e+04 1.994968643299547857e-13
3.085232226562500000e+04 1.359574768789509494e-13
3.891693750000000000e+04 8.647291130672890717e-14
4.921482812500000000e+04 5.057510944317538054e-14
6.162192968750000000e+04 2.746986850365240103e-14
7.775115625000000000e+04 1.273603465280431724e-14
9.801609375000000000e+04 4.901645625029758478e-15
1.236574296875000000e+05 1.459259935360466029e-15
1.559158906250000000e+05 3.244136335153065506e-16
1.964457500000000000e+05 5.180465338053634685e-17
2.473148593750000000e+05 5.925809092042462256e-18
3.118317812500000000e+05 5.012307022277299793e-19
3.928915000000000000e+05 3.507390638838830516e-20
4.962840000000000000e+05 2.304388450277313357e-21
6.244907500000000000e+05 1.788772844344540984e-22
7.857830000000000000e+05 1.715475113581919449e-23
9.925680000000000000e+05 1.794990636295635891e-24
1.248981500000000000e+06 1.700001069960787778e-25
1.571566000000000000e+06 1.083128069328261341e-26
1.981000250000000000e+06 3.285648153090310424e-28
2.497963000000000000e+06 3.525164249637012176e-30
3.147267500000000000e+06 8.338517882181326698e-33
3.970272000000000000e+06 1.208045924872284544e-36
5.004197000000000000e+06 6.543476514284096353e-43
6.286264000000000000e+06 8.076281557142893044e-54
7.940544000000000000e+06 1.195276427941810148e-73
1.000839400000000000e+07 9.999999999999999821e-201
