1.211760009765625000e+03 9.951229653938462863e-14
1.526073364257812500e+03 6.556487292945654922e-14
1.923100463867187500e+03 4.291608411231828692e-14
2.423520019531250000e+03 2.799172436335444601e-14
3.056282226562500000e+03 1.810698734961518033e-14
3.850336669921875000e+03 1.159435352125215863e-14
4.838769042968750000e+03 7.315491733782714022e-15
6.120835937500000000e+03 4.403283332714233938e-15
7.692401855468750000e+03 2.546847295962727084e-15
9.718894531250000000e+03 1.342005889352687207e-15
1.224167187500000000e+04 6.513205092668663076e-16
1.542616113281250000e+04 2.834858832764923052e-16
1.943778906250000000e+04 1.107506381261133130e-16
2.448334375000000000e+04 3.861306490026092304e-17
3.085232226562500000e+04 1.186392511632893796e-17
3.891693750000000000e+04 3.119690529660573832e-18
4.921482812500000000e+04 6.721014178987334380e-19
6.162192968750000000e+04 1.232599542558432569e-19
7.775115625000000000e+04 1.624208960284203318e-20
9.801609375000000000e+04 1.572781929128572859e-21
1.236574296875000000e+05 1.061321765248114104e-22
1.559158906250000000e+05 5.047646646984552537e-24
1.964457500000000000e+05 1.763535594447876319e-25
2.473148593750000000e+05 4.862121669330377761e-27
3.118317812500000000e+05 1.075490705280407677e-28
3.928915000000000000e+05 1.953892447882250504e-30
4.962840000000000000e+05 2.418547866505466701e-32
6.244907500000000000e+05 1.779652202133734519e-34
7.857830000000000000e+05 5.133089424397109892e-37
9.925680000000000000e+05 3.091634735709344089e-40
1.248981500000000000e+06 2.069753996849147622e-44
1.571566000000000000e+06 2.448560479450999641e-50
1.981000250000000000e+06 1.087289306370368001e-59
2.497963000000000000e+06 1.400184665103711556e-75
3.147267500000000000e+06 4.757796491693311881e-103
3.970272000000000000e+06 1.019909375195069189e-149
5.004197000000000000e+06 9.999999999999999821e-201
6.286264000000000000e+06 9.999999999999999821e-201
7.940544000000000000e+06 9.999999999999999821e-201
1.000839400000000000e+07 9.999999999999999821e-201
