1.211760009765625000e+03 1.507007244213459323e-12
1.526073364257812500e+03 1.028468594971867292e-12
1.923100463867187500e+03 7.014072979234468742e-13
2.423520019531250000e+03 4.746152375386542636e-13
3.056282226562500000e+03 3.183483917174190058e-13
3.850336669921875000e+03 2.121107483653823055e-13
4.838769042968750000e+03 1.390548015512416985e-13
6.120835937500000000e+03 8.715777318362192357e-14
7.692401855468750000e+03 5.207976201359678376e-14
9.718894531250000000e+03 2.846351200804490898e-14
1.224167187500000000e+04 1.415914150580144214e-14
1.542616113281250000e+04 6.299686295033162424e-15
1.943778906250000000e+04 2.508914132306773672e-15
2.448334375000000000e+04 8.837216915317447112e-16
3.085232226562500000e+04 2.739032843479635909e-16
3.891693750000000000e+04 7.236833133430312219e-17
4.921482812500000000e+04 1.563301976434058908e-17
6.162192968750000000e+04 2.852587512778086500e-18
7.775115625000000000e+04 3.773538110735479747e-19
9.801609375000000000e+04 3.628298905811459529e-20
1.236574296875000000e+05 2.443833012084472896e-21
1.559158906250000000e+05 1.148406380001776504e-22
1.964457500000000000e+05 3.963756193235226923e-24
2.473148593750000000e+05 1.071554969842714343e-25
3.118317812500000000e+05 2.331816130917698511e-27
3.928915000000000000e+05 4.168303888815468116e-29
4.962840000000000000e+05 5.038641388553057352e-31
6.244907500000000000e+05 3.641600459857469035e-33
7.857830000000000000e+05 1.024964715982675673e-35
9.925680000000000000e+05 6.030080362892550147e-39
1.248981500000000000e+06 3.929912652245217016e-43
1.571566000000000000e+06 4.525464457556758819e-49
1.981000250000000000e+06 1.929938518807403256e-58
2.497963000000000000e+06 2.453420917615353122e-74
3.147267500000000000e+06 8.120133076846993355e-102
3.970272000000000000e+06 1.685709166235611930e-148
5.004197000000000000e+06 9.999999999999999821e-201
6.286264000000000000e+06 9.999999999999999821e-201
7.940544000000000000e+06 9.999999999999999821e-201
1.000839400000000000e+07 9.999999999999999821e-201
