1.211760009765625000e+03 3.014014488426918646e-12
1.526073364257812500e+03 2.096493674365729970e-12
1.923100463867187500e+03 1.451458054986998648e-12
2.423520019531250000e+03 9.952613106970466552e-13
3.056282226562500000e+03 6.839324026077471293e-13
3.850336669921875000e+03 4.653252249331970548e-13
4.838769042968750000e+03 3.083389077875358996e-13
6.120835937500000000e+03 1.972398565014777933e-13
7.692401855468750000e+03 1.198324304638873047e-13
9.718894531250000000e+03 6.666738934203672655e-14
1.224167187500000000e+04 3.371851372544342723e-14
1.542616113281250000e+04 1.531475461378751741e-14
1.943778906250000000e+04 6.182681254613122384e-15
2.448334375000000000e+04 2.221246413850061098e-15
3.085232226562500000e+04 6.980620846810958463e-16
3.891693750000000000e+04 1.867569840885241783e-16
4.921482812500000000e+04 4.056294900974735412e-17
6.162192968750000000e+04 7.395597255350595029e-18
7.775115625000000000e+04 9.708617469367985651e-19
9.801609375000000000e+04 9.296542689997602766e-20
1.236574296875000000e+05 6.186388710590980523e-21
1.559158906250000000e+05 2.893271887601374658e-22
1.964457500000000000e+05 9.867401540363119748e-24
2.473148593750000000e+05 2.627748604460107001e-25
3.118317812500000000e+05 5.662982032228695154e-27
3.928915000000000000e+05 9.970772370405182567e-29
4.962840000000000000e+05 1.193150280809363726e-30
6.244907500000000000e+05 8.476493725769927064e-33
7.857830000000000000e+05 2.355765677863408029e-35
9.925680000000000000e+05 1.357812552845320019e-38
1.248981500000000000e+06 8.711306379143564318e-43
1.571566000000000000e+06 9.827035138510928741e-49
1.981000250000000000e+06 4.111312689712954198e-58
2.497963000000000000e+06 5.005969953114156243e-74
3.147267500000000000e+06 1.618011701979141860e-101
3.970272000000000000e+06 3.282890936432591771e-148
5.004197000000000000e+06 9.999999999999999821e-201
6.286264000000000000e+06 9.999999999999999821e-201
7.940544000000000000e+06 9.999999999999999821e-201
1.000839400000000000e+07 9.999999999999999821e-201
