1.211760009765625000e+03 4.483657916668143627e-12
1.526073364257812500e+03 3.144740511548594147e-12
1.923100463867187500e+03 2.212492818953154637e-12
2.423520019531250000e+03 1.548875414772279216e-12
3.056282226562500000e+03 1.082482939379168082e-12
3.850336669921875000e+03 7.483980701008917792e-13
4.838769042968750000e+03 5.078523187088827294e-13
6.120835937500000000e+03 3.291113831152391566e-13
7.692401855468750000e+03 2.040743025611159322e-13
9.718894531250000000e+03 1.147198582833748695e-13
1.224167187500000000e+04 5.920496843588603160e-14
1.542616113281250000e+04 2.722623042451114031e-14
1.943778906250000000e+04 1.116466788876514280e-14
2.448334375000000000e+04 4.068304363718212518e-15
3.085232226562500000e+04 1.295953825372079447e-15
3.891693750000000000e+04 3.512304643937585257e-16
4.921482812500000000e+04 7.698077914258621005e-17
6.162192968750000000e+04 1.415728617452828160e-17
7.775115625000000000e+04 1.868450909199120917e-18
9.801609375000000000e+04 1.775219207135220671e-19
1.236574296875000000e+05 1.168850417779830881e-20
1.559158906250000000e+05 5.403741648535490638e-22
1.964457500000000000e+05 1.818121219990311039e-23
2.473148593750000000e+05 4.767711539828817482e-25
3.118317812500000000e+05 1.018385004115076305e-26
3.928915000000000000e+05 1.799949406533952014e-28
4.962840000000000000e+05 2.116229383192283667e-30
6.244907500000000000e+05 1.491616007568737544e-32
7.857830000000000000e+05 4.083327174963240905e-35
9.925680000000000000e+05 2.325689193078651074e-38
1.248981500000000000e+06 1.467167390171547792e-42
1.571566000000000000e+06 1.639661035346651105e-48
1.981000250000000000e+06 6.734398141331465867e-58
2.497963000000000000e+06 8.091332622236492999e-74
3.147267500000000000e+06 2.574382931030010375e-101
3.970272000000000000e+06 5.145654894745467532e-148
5.004197000000000000e+06 9.999999999999999821e-201
6.286264000000000000e+06 9.999999999999999821e-201
7.940544000000000000e+06 9.999999999999999821e-201
1.000839400000000000e+07 9.999999999999999821e-201
