1.211760009765625000e+03 2.466012868388717307e-11
1.526073364257812500e+03 1.740540247968429225e-11
1.923100463867187500e+03 1.224248030719143062e-11
2.423520019531250000e+03 8.531408155789248525e-12
3.056282226562500000e+03 5.975010881684586786e-12
3.850336669921875000e+03 4.115640057385367038e-12
4.838769042968750000e+03 2.841369444749920320e-12
6.120835937500000000e+03 1.932951657023439424e-12
7.692401855468750000e+03 1.316044466534635502e-12
9.718894531250000000e+03 8.842669178052197558e-13
1.224167187500000000e+04 5.915066454359037990e-13
1.542616113281250000e+04 3.915858130112724975e-13
1.943778906250000000e+04 2.559265761811614010e-13
2.448334375000000000e+04 1.632524114560233615e-13
3.085232226562500000e+04 9.987899985385116344e-14
3.891693750000000000e+04 5.862419855080674931e-14
4.921482812500000000e+04 3.232467182656172884e-14
6.162192968750000000e+04 1.699616136347519124e-14
7.775115625000000000e+04 7.998464297922587881e-15
9.801609375000000000e+04 3.313966154486395926e-15
1.236574296875000000e+05 1.138637327347753974e-15
1.559158906250000000e+05 3.109411166807366182e-16
1.964457500000000000e+05 6.558720618274832045e-17
2.473148593750000000e+05 1.050046156147910429e-17
3.118317812500000000e+05 1.269355936089045041e-18
3.928915000000000000e+05 1.255637246488347693e-19
4.962840000000000000e+05 1.116482674015686547e-20
6.244907500000000000e+05 1.084912569767523895e-21
7.857830000000000000e+05 1.254322256350761557e-22
9.925680000000000000e+05 1.748169935817761022e-23
1.248981500000000000e+06 2.744239379721406214e-24
1.571566000000000000e+06 3.760020261691262416e-25
1.981000250000000000e+06 3.471341873762559316e-26
2.497963000000000000e+06 1.676879318986142565e-27
3.147267500000000000e+06 3.379700842944114002e-29
3.970272000000000000e+06 1.708591113511075331e-31
5.004197000000000000e+06 6.972288383126019287e-35
6.286264000000000000e+06 2.048031493252611178e-40
7.940544000000000000e+06 2.087761045216592042e-50
1.000839400000000000e+07 9.999999999999999821e-201
