1.211760009765625000e+03 2.827196571334539431e-10
1.526073364257812500e+03 1.621867049243309543e-10
1.923100463867187500e+03 9.338815106126797453e-11
2.423520019531250000e+03 5.374164407624907497e-11
3.056282226562500000e+03 3.125763129681414932e-11
3.850336669921875000e+03 1.842123628951015011e-11
4.838769042968750000e+03 1.106823084920296793e-11
6.120835937500000000e+03 6.820645633314745929e-12
7.692401855468750000e+03 4.378203880659462193e-12
9.718894531250000000e+03 2.919263849102024383e-12
1.224167187500000000e+04 1.995582126487929779e-12
1.542616113281250000e+04 1.377721657687700345e-12
1.943778906250000000e+04 8.764153678725355182e-13
2.448334375000000000e+04 5.773299623973741725e-13
3.085232226562500000e+04 3.486431412855787048e-13
3.891693750000000000e+04 1.926825283487458815e-13
4.921482812500000000e+04 9.262948594363071012e-14
6.162192968750000000e+04 3.971775266001993379e-14
7.775115625000000000e+04 1.331069606396204270e-14
9.801609375000000000e+04 3.412279619024464600e-15
1.236574296875000000e+05 6.187438782314267670e-16
1.559158906250000000e+05 7.675787695398906306e-17
1.964457500000000000e+05 6.403130833641958289e-18
2.473148593750000000e+05 3.714921209224063398e-19
3.118317812500000000e+05 1.615056101694446204e-20
3.928915000000000000e+05 6.345907377300873859e-22
4.962840000000000000e+05 2.585462178030456137e-23
6.244907500000000000e+05 1.312011361535490639e-24
7.857830000000000000e+05 7.051054060273740147e-26
9.925680000000000000e+05 2.772248164629663286e-27
1.248981500000000000e+06 6.298828780836681558e-29
1.571566000000000000e+06 5.318208872672191995e-31
1.981000250000000000e+06 1.061421209731975568e-33
2.497963000000000000e+06 2.452969577815024096e-37
3.147267500000000000e+06 1.093488637436464614e-42
3.970272000000000000e+06 1.187181527595960627e-51
5.004197000000000000e+06 1.081424052755489963e-67
6.286264000000000000e+06 7.947131007860488288e-96
7.940544000000000000e+06 3.002562079293938856e-144
1.000839400000000000e+07 9.999999999999999821e-201
