1.211760009765625000e+03 1.494553253568919610e-12
1.526073364257812500e+03 9.780649461595320909e-13
1.923100463867187500e+03 6.395911186128857698e-13
2.423520019531250000e+03 4.166067194323363628e-13
3.056282226562500000e+03 2.701093889313956068e-13
3.850336669921875000e+03 1.744138329538727117e-13
4.838769042968750000e+03 1.125529953961203010e-13
6.120835937500000000e+03 7.165371405395635968e-14
7.692401855468750000e+03 4.573659411046045377e-14
9.718894531250000000e+03 2.857805662805139463e-14
1.224167187500000000e+04 1.768539848624033475e-14
1.542616113281250000e+04 1.044547139161916723e-14
1.943778906250000000e+04 5.851361426678398830e-15
2.448334375000000000e+04 3.037444951419019765e-15
3.085232226562500000e+04 1.450461923669010762e-15
3.891693750000000000e+04 6.307342138915978960e-16
4.921482812500000000e+04 2.437218441631594478e-16
6.162192968750000000e+04 8.388663277331794020e-17
7.775115625000000000e+04 2.292397655460129934e-17
9.801609375000000000e+04 4.806027632428823591e-18
1.236574296875000000e+05 7.275263965767055691e-19
1.559158906250000000e+05 7.705196843657138814e-20
1.964457500000000000e+05 5.596739544247769394e-21
2.473148593750000000e+05 2.897638543194769524e-22
3.118317812500000000e+05 1.157825607150812994e-23
3.928915000000000000e+05 4.319005617983878395e-25
4.962840000000000000e+05 1.723641452020303916e-26
6.244907500000000000e+05 9.001008177976039703e-28
7.857830000000000000e+05 5.131941085607932082e-29
9.925680000000000000e+05 2.231321693482412303e-30
1.248981500000000000e+06 5.675718836925956090e-32
1.571566000000000000e+06 5.524923705178884704e-34
1.981000250000000000e+06 1.278671164940275142e-36
2.497963000000000000e+06 3.405579122597557923e-40
3.147267500000000000e+06 1.769140153250865722e-45
3.970272000000000000e+06 2.216715643668338733e-54
5.004197000000000000e+06 2.329221036704132466e-70
6.286264000000000000e+06 1.959893962840782742e-98
7.940544000000000000e+06 8.340450220260940303e-147
1.000839400000000000e+07 9.999999999999999821e-201
