1.211760009765625000e+03 9.527776991501861128e-14
1.526073364257812500e+03 6.309458398885556072e-14
1.923100463867187500e+03 4.222086157223711173e-14
2.423520019531250000e+03 2.833423876557743407e-14
3.056282226562500000e+03 1.906077851512603704e-14
3.850336669921875000e+03 1.281718051782189080e-14
4.838769042968750000e+03 8.607544988061875377e-15
6.120835937500000000e+03 5.717711733823406129e-15
7.692401855468750000e+03 3.800639311835120312e-15
9.718894531250000000e+03 2.505769301285731867e-15
1.224167187500000000e+04 1.633973623644352732e-15
1.542616113281250000e+04 1.042952711933666719e-15
1.943778906250000000e+04 6.454280500673511435e-16
2.448334375000000000e+04 3.791318854466736688e-16
3.085232226562500000e+04 2.083553671814887501e-16
3.891693750000000000e+04 1.058443317554220177e-16
4.921482812500000000e+04 4.925175738980510182e-17
6.162192968750000000e+04 2.112999162230929453e-17
7.775115625000000000e+04 7.619538335735227791e-18
9.801609375000000000e+04 2.239935436318190311e-18
1.236574296875000000e+05 5.013645217399406253e-19
1.559158906250000000e+05 8.176278389761057440e-20
1.964457500000000000e+05 9.569720918325752048e-21
2.473148593750000000e+05 7.994560574049530351e-22
3.118317812500000000e+05 4.980906838208734301e-23
3.928915000000000000e+05 2.685315418480597213e-24
4.962840000000000000e+05 1.436138862886649098e-25
6.244907500000000000e+05 9.584769256746197259e-27
7.857830000000000000e+05 8.088002702076468907e-28
9.925680000000000000e+05 6.919284440997295078e-29
1.248981500000000000e+06 4.799826177237512942e-30
1.571566000000000000e+06 1.901234269312818588e-31
1.981000250000000000e+06 2.964243722908525967e-33
2.497963000000000000e+06 1.255302670537345042e-35
3.147267500000000000e+06 7.091620910149992649e-39
3.970272000000000000e+06 7.726754757308150243e-44
5.004197000000000000e+06 2.793031356398233276e-52
6.286264000000000000e+06 3.480981215094364678e-67
7.940544000000000000e+06 5.133165562029104152e-94
1.000839400000000000e+07 9.999999999999999821e-201
