1.211760009765625000e+03 9.415685497484194680e-10
1.526073364257812500e+03 5.567750906853554929e-10
1.923100463867187500e+03 3.256813671464387573e-10
2.423520019531250000e+03 1.893090686656177844e-10
3.056282226562500000e+03 1.091181800379348291e-10
3.850336669921875000e+03 6.189174697554215567e-11
4.838769042968750000e+03 3.485670768497344901e-11
6.120835937500000000e+03 1.916128350463099582e-11
7.692401855468750000e+03 1.032818452957096241e-11
9.718894531250000000e+03 5.281335235351191431e-12
1.224167187500000000e+04 2.510315183212539717e-12
1.542616113281250000e+04 1.073180809950470158e-12
1.943778906250000000e+04 4.021236052878990995e-13
2.448334375000000000e+04 1.305790856600634887e-13
3.085232226562500000e+04 3.585028487579738371e-14
3.891693750000000000e+04 1.488735900106004476e-18
4.921482812500000000e+04 6.009638369784014256e-19
6.162192968750000000e+04 2.083755276088913888e-19
7.775115625000000000e+04 5.384365129467763839e-20
9.801609375000000000e+04 1.016343542014641831e-20
1.236574296875000000e+05 1.319097377208587554e-21
1.559158906250000000e+05 1.158696031096991542e-22
1.964457500000000000e+05 7.015563639098850929e-24
2.473148593750000000e+05 3.206328771903711086e-25
3.118317812500000000e+05 1.233819594419735263e-26
3.928915000000000000e+05 4.855060528361348821e-28
4.962840000000000000e+05 2.038827258308202996e-29
6.244907500000000000e+05 8.430940619206768816e-31
7.857830000000000000e+05 2.324232877958072488e-32
9.925680000000000000e+05 2.726513431908943783e-34
1.248981500000000000e+06 1.017576652118433265e-36
1.571566000000000000e+06 6.565965134730236439e-40
1.981000250000000000e+06 2.427553110671436036e-44
2.497963000000000000e+06 3.892912847968358943e-51
3.147267500000000000e+06 9.051988473929802833e-63
3.970272000000000000e+06 5.093320464673468016e-84
5.004197000000000000e+06 8.051657921855940494e-122
6.286264000000000000e+06 8.320386416129845648e-184
7.940544000000000000e+06 9.999999999999999821e-201
1.000839400000000000e+07 9.999999999999999821e-201
