1.211760009765625000e+03 5.517392427758595206e-13
1.526073364257812500e+03 3.045945433944751729e-13
1.923100463867187500e+03 1.648026195198846344e-13
2.423520019531250000e+03 8.718225202053570187e-14
3.056282226562500000e+03 4.493442429987333358e-14
3.850336669921875000e+03 2.237467745161015248e-14
4.838769042968750000e+03 1.077888298723745170e-14
6.120835937500000000e+03 4.889027728127199346e-15
7.692401855468750000e+03 2.117410279243130338e-15
9.718894531250000000e+03 8.318339843533792179e-16
1.224167187500000000e+04 1.633409798194957849e-17
1.542616113281250000e+04 1.175311538426499673e-17
1.943778906250000000e+04 7.704417413557973558e-18
2.448334375000000000e+04 4.584849635452171549e-18
3.085232226562500000e+04 2.461935835847629938e-18
3.891693750000000000e+04 1.174888678891033675e-18
4.921482812500000000e+04 4.783667816210430025e-19
6.162192968750000000e+04 1.671908244779704779e-19
7.775115625000000000e+04 4.355207647533967856e-20
9.801609375000000000e+04 8.325401335218950413e-21
1.236574296875000000e+05 1.106442855444270071e-21
1.559158906250000000e+05 9.821046084065824644e-23
1.964457500000000000e+05 5.930000621477381638e-24
2.473148593750000000e+05 2.608844294951529239e-25
3.118317812500000000e+05 9.277660408663820772e-27
3.928915000000000000e+05 3.269394697265353846e-28
4.962840000000000000e+05 1.258253408778581492e-29
6.244907500000000000e+05 5.492834357173924097e-31
7.857830000000000000e+05 1.878366778197637661e-32
9.925680000000000000e+05 3.340434474248005826e-34
1.248981500000000000e+06 2.355124118914756678e-36
1.571566000000000000e+06 3.936001652099229615e-39
1.981000250000000000e+06 7.289432940901428054e-43
2.497963000000000000e+06 2.852342933074387843e-48
3.147267500000000000e+06 4.466925199782091849e-57
3.970272000000000000e+06 6.710384597037437948e-73
5.004197000000000000e+06 1.942641111520797269e-101
6.286264000000000000e+06 1.136492588241625234e-149
7.940544000000000000e+06 9.999999999999999821e-201
1.000839400000000000e+07 9.999999999999999821e-201
