1.211760009765625000e+03 2.590558972852794197e-14
1.526073364257812500e+03 1.255958019840855400e-14
1.923100463867187500e+03 5.775939426982623446e-15
2.423520019531250000e+03 2.503376699727940676e-15
3.056282226562500000e+03 9.974811554547824321e-16
3.850336669921875000e+03 3.660957020182116898e-16
4.838769042968750000e+03 1.191412844862692397e-16
6.120835937500000000e+03 3.401952995174017138e-17
7.692401855468750000e+03 8.626355265578127480e-18
9.718894531250000000e+03 6.958335382283096339e-19
1.224167187500000000e+04 4.905261856463017052e-19
1.542616113281250000e+04 3.421011165330747969e-19
1.943778906250000000e+04 2.332880043713207277e-19
2.448334375000000000e+04 1.540529283133971936e-19
3.085232226562500000e+04 9.722090517959279089e-20
3.891693750000000000e+04 5.752684324368752076e-20
4.921482812500000000e+04 3.181081050443243930e-20
6.162192968750000000e+04 1.654250050386337581e-20
7.775115625000000000e+04 7.478257469138816182e-21
9.801609375000000000e+04 2.871400098386128247e-21
1.236574296875000000e+05 8.721724357456143265e-22
1.559158906250000000e+05 2.016488908334260151e-22
1.964457500000000000e+05 3.434107873562179744e-23
2.473148593750000000e+05 4.260817255952889293e-24
3.118317812500000000e+05 3.953588014424123722e-25
3.928915000000000000e+05 3.087010459638556981e-26
4.962840000000000000e+05 2.269198860957424700e-27
6.244907500000000000e+05 1.980198467879756673e-28
7.857830000000000000e+05 2.170892382304377110e-29
9.925680000000000000e+05 2.775102890498905913e-30
1.248981500000000000e+06 3.496269311971641645e-31
1.571566000000000000e+06 3.187661533177783157e-32
1.981000250000000000e+06 1.528019822126385536e-33
2.497963000000000000e+06 2.899938449310623338e-35
3.147267500000000000e+06 1.478064572654463265e-37
3.970272000000000000e+06 7.303035972507295817e-41
5.004197000000000000e+06 3.594027860857184351e-46
6.286264000000000000e+06 2.327183899068203699e-55
7.940544000000000000e+06 3.624472184338870231e-72
1.000839400000000000e+07 9.999999999999999821e-201
