1.211760009765625000e+03 7.447857046951783318e-16
1.526073364257812500e+03 3.728316326614193194e-16
1.923100463867187500e+03 1.757894608212102829e-16
2.423520019531250000e+03 7.784131529004789309e-17
3.056282226562500000e+03 3.175150410680321590e-17
3.850336669921875000e+03 1.183735567553532494e-17
4.838769042968750000e+03 3.898602241042841355e-18
6.120835937500000000e+03 1.101936948436801353e-18
7.692401855468750000e+03 2.627117285426065212e-19
9.718894531250000000e+03 1.480002291777362438e-21
1.224167187500000000e+04 1.043594459962507142e-21
1.542616113281250000e+04 7.266034982139110988e-22
1.943778906250000000e+04 4.963891722405738487e-22
2.448334375000000000e+04 3.277125929575903448e-22
3.085232226562500000e+04 2.061405914803813737e-22
3.891693750000000000e+04 1.224853839399088306e-22
4.921482812500000000e+04 6.766387869727342709e-23
6.162192968750000000e+04 3.499375106586483727e-23
7.775115625000000000e+04 1.585615493456501075e-23
9.801609375000000000e+04 6.073138261188360055e-24
1.236574296875000000e+05 1.851179087485411602e-24
1.559158906250000000e+05 4.273523447865754620e-25
1.964457500000000000e+05 7.290875177716627984e-26
2.473148593750000000e+05 9.021011959673416573e-27
3.118317812500000000e+05 8.394478737602848034e-28
3.928915000000000000e+05 6.545523610694933904e-29
4.962840000000000000e+05 4.820035878416656809e-30
6.244907500000000000e+05 4.203579203744747044e-31
7.857830000000000000e+05 4.626491962288016725e-32
9.925680000000000000e+05 5.927770800113309311e-33
1.248981500000000000e+06 7.466609039125880247e-34
1.571566000000000000e+06 6.806634563445163377e-35
1.981000250000000000e+06 3.262747896052362429e-36
2.497963000000000000e+06 6.186535358529331551e-38
3.147267500000000000e+06 3.167281227116706796e-40
3.970272000000000000e+06 1.569375815368589061e-43
5.004197000000000000e+06 7.746587078469199538e-49
6.286264000000000000e+06 5.035544471259647797e-58
7.940544000000000000e+06 7.846384838623706980e-75
1.000839400000000000e+07 9.999999999999999821e-201
