1.211760009765625000e+03 8.444225882664395142e-13
1.526073364257812500e+03 5.488635441036807728e-13
1.923100463867187500e+03 3.680591835944089648e-13
2.423520019531250000e+03 2.509604004951145008e-13
3.056282226562500000e+03 1.723370411836915726e-13
3.850336669921875000e+03 1.183705619195875247e-13
4.838769042968750000e+03 8.138854222049274912e-14
6.120835937500000000e+03 5.543119282503293892e-14
7.692401855468750000e+03 3.777340953108613789e-14
9.718894531250000000e+03 2.529827304289759519e-14
1.224167187500000000e+04 1.680937693171111185e-14
1.542616113281250000e+04 1.085043275541177216e-14
1.943778906250000000e+04 6.719677964263494152e-15
2.448334375000000000e+04 3.890610155045718728e-15
3.085232226562500000e+04 2.085347788293302447e-15
3.891693750000000000e+04 1.023771268500697113e-15
4.921482812500000000e+04 4.516224163026663153e-16
6.162192968750000000e+04 1.802554480343080149e-16
7.775115625000000000e+04 5.866343262263211212e-17
9.801609375000000000e+04 1.507736312454435278e-17
1.236574296875000000e+05 2.851291075650358887e-18
1.559158906250000000e+05 3.829628876085558872e-19
1.964457500000000000e+05 3.597713234066684682e-20
2.473148593750000000e+05 2.402375569640785577e-21
3.118317812500000000e+05 1.208554315323497680e-22
3.928915000000000000e+05 5.478996767600454017e-24
4.962840000000000000e+05 2.564123206326886832e-25
6.244907500000000000e+05 1.544150617337870197e-26
7.857830000000000000e+05 1.113638739301104386e-27
9.925680000000000000e+05 7.065020873427575110e-29
1.248981500000000000e+06 3.058860576071647381e-30
1.571566000000000000e+06 6.223919496882571659e-32
1.981000250000000000e+06 3.871281628585953210e-34
2.497963000000000000e+06 4.432816007274280647e-37
3.147267500000000000e+06 2.887492622905692088e-41
3.970272000000000000e+06 5.009337050582977311e-48
5.004197000000000000e+06 6.105018004592886774e-60
6.286264000000000000e+06 4.666291749295771770e-81
7.940544000000000000e+06 2.619477376190197535e-118
1.000839400000000000e+07 9.999999999999999821e-201
