1.211760009765625000e+03 4.309295214457051863e-11
1.526073364257812500e+03 2.897603935538351379e-11
1.923100463867187500e+03 1.946240459091971386e-11
2.423520019531250000e+03 1.307734096872804906e-11
3.056282226562500000e+03 8.740305174034476242e-12
3.850336669921875000e+03 5.801092668077572842e-12
4.838769042968750000e+03 3.867529117426352568e-12
6.120835937500000000e+03 2.539644157416215255e-12
7.692401855468750000e+03 1.685271969123414363e-12
9.718894531250000000e+03 1.102417984350173080e-12
1.224167187500000000e+04 7.197556374985506776e-13
1.542616113281250000e+04 4.682496650820267692e-13
1.943778906250000000e+04 3.029497604662360602e-13
2.448334375000000000e+04 1.948868071872890753e-13
3.085232226562500000e+04 1.243143453862428806e-13
3.891693750000000000e+04 7.830983924158715679e-14
4.921482812500000000e+04 4.808618529663699975e-14
6.162192968750000000e+04 2.930256104813142520e-14
7.775115625000000000e+04 1.701323291199032291e-14
9.801609375000000000e+04 9.569648231766743069e-15
1.236574296875000000e+05 5.032602494860285748e-15
1.559158906250000000e+05 2.421901589725040835e-15
1.964457500000000000e+05 1.035565126443665818e-15
2.473148593750000000e+05 3.844379714396858069e-16
3.118317812500000000e+05 1.219369558497764696e-16
3.928915000000000000e+05 3.330620436320273769e-17
4.962840000000000000e+05 7.947114918700493025e-18
6.244907500000000000e+05 1.843572672307428459e-18
7.857830000000000000e+05 4.430428963536421743e-19
9.925680000000000000e+05 1.143741499964494941e-19
1.248981500000000000e+06 3.439041267237479994e-20
1.571566000000000000e+06 1.137749534592312985e-20
1.981000250000000000e+06 3.713071096825332481e-21
2.497963000000000000e+06 1.077102765856710453e-21
3.147267500000000000e+06 2.461587205865622966e-22
3.970272000000000000e+06 3.878521609950472332e-23
5.004197000000000000e+06 3.702989986154244596e-24
6.286264000000000000e+06 1.544506933133854760e-25
7.940544000000000000e+06 1.083187321447758902e-27
1.000839400000000000e+07 9.999999999999999821e-201
