1.211760009765625000e+03 1.743645462497072912e-12
1.526073364257812500e+03 1.018611622390615104e-12
1.923100463867187500e+03 5.885807839995879874e-13
2.423520019531250000e+03 3.319153683967642583e-13
3.056282226562500000e+03 1.832007468681802724e-13
3.850336669921875000e+03 9.877536164564515674e-14
4.838769042968750000e+03 5.146308906252807673e-14
6.120835937500000000e+03 2.588957636200995880e-14
7.692401855468750000e+03 1.241882603556602171e-14
9.718894531250000000e+03 5.651833046527648491e-15
1.224167187500000000e+04 2.403293652606462087e-15
1.542616113281250000e+04 9.443197838606221311e-16
1.943778906250000000e+04 9.452652372603781575e-19
2.448334375000000000e+04 6.741367544214404850e-19
3.085232226562500000e+04 4.765383239805977284e-19
3.891693750000000000e+04 3.315990800421274566e-19
4.921482812500000000e+04 2.258333345181345260e-19
6.162192968750000000e+04 1.519392054347555401e-19
7.775115625000000000e+04 9.810434305325259715e-20
9.801609375000000000e+04 6.076501987542028814e-20
1.236574296875000000e+05 3.529551824032770502e-20
1.559158906250000000e+05 1.872509924759057785e-20
1.964457500000000000e+05 8.826124080100978548e-21
2.473148593750000000e+05 3.604105982247053867e-21
3.118317812500000000e+05 1.248989871659653673e-21
3.928915000000000000e+05 3.718311704040093493e-22
4.962840000000000000e+05 9.725490285122980250e-23
6.244907500000000000e+05 2.458096896409904536e-23
7.857830000000000000e+05 6.437375417104201705e-24
9.925680000000000000e+05 1.822547430837732477e-24
1.248981500000000000e+06 6.018322217665590176e-25
1.571566000000000000e+06 2.189255664230107181e-25
1.981000250000000000e+06 7.893930678290077045e-26
2.497963000000000000e+06 2.526608083738347625e-26
3.147267500000000000e+06 6.357624510113372998e-27
3.970272000000000000e+06 1.110321872652487921e-27
5.004197000000000000e+06 1.162108559484576570e-28
6.286264000000000000e+06 5.353916955146392644e-30
7.940544000000000000e+06 4.139226985184984580e-32
1.000839400000000000e+07 9.999999999999999821e-201
