1.211760009765625000e+03 4.608205865170836138e-14
1.526073364257812500e+03 3.144839766215684907e-14
1.923100463867187500e+03 2.142434053758500614e-14
2.423520019531250000e+03 1.450960436137215861e-14
3.056282226562500000e+03 9.826127421090932170e-15
3.850336669921875000e+03 6.621661701445444914e-15
4.838769042968750000e+03 4.453589928888823021e-15
6.120835937500000000e+03 2.945920300084818224e-15
7.692401855468750000e+03 1.957560335568661567e-15
9.718894531250000000e+03 1.255604918571131344e-15
1.224167187500000000e+04 7.742356622667453936e-16
1.542616113281250000e+04 4.451387854948200959e-16
1.943778906250000000e+04 2.348798849397164364e-16
2.448334375000000000e+04 1.125931318987488543e-16
3.085232226562500000e+04 4.869596469018521527e-17
3.891693750000000000e+04 1.875861286941673541e-17
4.921482812500000000e+04 6.150520801743738733e-18
6.162192968750000000e+04 1.726896160107564139e-18
7.775115625000000000e+04 3.629751524846870783e-19
9.801609375000000000e+04 5.661820604262074948e-20
1.236574296875000000e+05 6.056549168158403422e-21
1.559158906250000000e+05 4.415474425210101212e-22
1.964457500000000000e+05 2.216443858994317672e-23
2.473148593750000000e+05 8.272065850501148981e-25
3.118317812500000000e+05 2.566811657868809911e-26
3.928915000000000000e+05 8.073541204916758325e-28
4.962840000000000000e+05 2.791935023527693806e-29
6.244907500000000000e+05 1.069390408366006504e-30
7.857830000000000000e+05 3.066234119175781246e-32
9.925680000000000000e+05 4.338724743653754163e-34
1.248981500000000000e+06 2.245793298986984972e-36
1.571566000000000000e+06 2.471528260521961595e-39
1.981000250000000000e+06 2.448903249761688182e-43
2.497963000000000000e+06 3.126220594497064301e-49
3.147267500000000000e+06 5.598726237706280605e-59
3.970272000000000000e+06 1.392903469587933247e-76
5.004197000000000000e+06 3.627988251503725729e-108
6.286264000000000000e+06 5.720364519789668921e-161
7.940544000000000000e+06 9.999999999999999821e-201
1.000839400000000000e+07 9.999999999999999821e-201
