1.211760009765625000e+03 5.965758403829269979e-12
1.526073364257812500e+03 4.074446489562460416e-12
1.923100463867187500e+03 2.785949044264716682e-12
2.423520019531250000e+03 1.899328093077169004e-12
3.056282226562500000e+03 1.288824661255931285e-12
3.850336669921875000e+03 8.740835574197964398e-13
4.838769042968750000e+03 5.926038888170838251e-13
6.120835937500000000e+03 3.969569134825027474e-13
7.692401855468750000e+03 2.667666488161853112e-13
9.718894531250000000e+03 1.769026714543885903e-13
1.224167187500000000e+04 1.171538795404784695e-13
1.542616113281250000e+04 7.701554688650691904e-14
1.943778906250000000e+04 5.002031846645312885e-14
2.448334375000000000e+04 3.189932352250079989e-14
3.085232226562500000e+04 1.974535499541999463e-14
3.891693750000000000e+04 1.171121669631521180e-14
4.921482812500000000e+04 6.596082756908080176e-15
6.162192968750000000e+04 3.566689996065323108e-15
7.775115625000000000e+04 1.749576757241041927e-15
9.801609375000000000e+04 7.776879405065795510e-16
1.236574296875000000e+05 2.943362423057679029e-16
1.559158906250000000e+05 9.136234646394727782e-17
1.964457500000000000e+05 2.244976723101539974e-17
2.473148593750000000e+05 4.294596884218882797e-18
3.118317812500000000e+05 6.300996648245036244e-19
3.928915000000000000e+05 7.595788729024195476e-20
4.962840000000000000e+05 8.073789783229454361e-21
6.244907500000000000e+05 9.179600563207608948e-22
7.857830000000000000e+05 1.207836602084787713e-22
9.925680000000000000e+05 1.923699801730979678e-23
1.248981500000000000e+06 3.550193100992060725e-24
1.571566000000000000e+06 6.086568315987622695e-25
1.981000250000000000e+06 7.690683504314889009e-26
2.497963000000000000e+06 5.782134900171285362e-27
3.147267500000000000e+06 2.090215957887943805e-28
3.970272000000000000e+06 2.492335880734274719e-30
5.004197000000000000e+06 4.403075508991696371e-33
6.286264000000000000e+06 1.861712091615690994e-37
7.940544000000000000e+06 2.917423905695352732e-45
1.000839400000000000e+07 9.999999999999999821e-201
