1.211760009765625000e+03 1.469644032676104300e-13
1.526073364257812500e+03 8.564249174662841115e-14
1.923100463867187500e+03 4.889144379089910662e-14
2.423520019531250000e+03 2.758696213879297666e-14
3.056282226562500000e+03 1.520892126736246486e-14
3.850336669921875000e+03 8.269162819255539278e-15
4.838769042968750000e+03 4.394507388752541283e-15
6.120835937500000000e+03 2.233459652239590973e-15
7.692401855468750000e+03 1.107135806398678830e-15
9.718894531250000000e+03 5.148471126485086873e-16
1.224167187500000000e+04 2.239043058739320238e-16
1.542616113281250000e+04 8.692945460297630424e-17
1.943778906250000000e+04 7.798075247728159201e-20
2.448334375000000000e+04 5.017027721425311168e-20
3.085232226562500000e+04 2.950293291307442231e-20
3.891693750000000000e+04 1.556965157535862562e-20
4.921482812500000000e+04 7.123138188323218223e-21
6.162192968750000000e+04 2.836462934560312371e-21
7.775115625000000000e+04 8.676317536078177204e-22
9.801609375000000000e+04 1.985605698671992362e-22
1.236574296875000000e+05 3.167136334097114897e-23
1.559158906250000000e+05 3.448480213648463584e-24
1.964457500000000000e+05 2.556940327438649667e-25
2.473148593750000000e+05 1.367432000970149578e-26
3.118317812500000000e+05 5.742300193957628063e-28
3.928915000000000000e+05 2.333595897754211900e-29
4.962840000000000000e+05 1.035604469629877000e-30
6.244907500000000000e+05 5.634774519555139347e-32
7.857830000000000000e+05 2.798870746566836724e-33
9.925680000000000000e+05 8.290425798654371117e-35
1.248981500000000000e+06 1.107544389802349152e-36
1.571566000000000000e+06 4.209018520429783932e-39
1.981000250000000000e+06 2.541565636118393015e-42
2.497963000000000000e+06 7.700636006947720161e-47
3.147267500000000000e+06 6.400144535090469622e-54
3.970272000000000000e+06 2.174778568395738301e-66
5.004197000000000000e+06 5.598524565411019060e-89
6.286264000000000000e+06 6.336200213555412577e-128
7.940544000000000000e+06 8.126542683521997879e-193
1.000839400000000000e+07 9.999999999999999821e-201
