1.211760009765625000e+03 7.858859191683236114e-14
1.526073364257812500e+03 5.290846776494942381e-14
1.923100463867187500e+03 3.547180191570850507e-14
2.423520019531250000e+03 2.372599586959921461e-14
3.056282226562500000e+03 1.580067255266201109e-14
3.850336669921875000e+03 1.046101471910684448e-14
4.838769042968750000e+03 6.913101870207529502e-15
6.120835937500000000e+03 4.515572640666355192e-15
7.692401855468750000e+03 2.923737677543121977e-15
9.718894531250000000e+03 1.850089690453988770e-15
1.224167187500000000e+04 1.118576665886705625e-15
1.542616113281250000e+04 6.364572986522168306e-16
1.943778906250000000e+04 3.293942424442617896e-16
2.448334375000000000e+04 1.548758083808957586e-16
3.085232226562500000e+04 6.577444724052808777e-17
3.891693750000000000e+04 2.471693532983022445e-17
4.921482812500000000e+04 7.891061683270800807e-18
6.162192968750000000e+04 2.159046274323409342e-18
7.775115625000000000e+04 4.422769693924337747e-19
9.801609375000000000e+04 6.622326044134193226e-20
1.236574296875000000e+05 6.893116294202926118e-21
1.559158906250000000e+05 4.831891994703512114e-22
1.964457500000000000e+05 2.343653816442174836e-23
2.473148593750000000e+05 8.506524950564978682e-25
3.118317812500000000e+05 2.572970835442161341e-26
3.928915000000000000e+05 7.937079576651411678e-28
4.962840000000000000e+05 2.687319549388486810e-29
6.244907500000000000e+05 9.848723945031316271e-31
7.857830000000000000e+05 2.638593065624583392e-32
9.925680000000000000e+05 3.361784037609825118e-34
1.248981500000000000e+06 1.517953896022807783e-36
1.571566000000000000e+06 1.397186419335561718e-39
1.981000250000000000e+06 1.060801189172025159e-43
2.497963000000000000e+06 8.464245182174703174e-50
3.147267500000000000e+06 6.002291607120590906e-60
3.970272000000000000e+06 2.508197827196482640e-78
5.004197000000000000e+06 3.053633775691803837e-111
6.286264000000000000e+06 4.831128436572398315e-166
7.940544000000000000e+06 9.999999999999999821e-201
1.000839400000000000e+07 9.999999999999999821e-201
