1.211760009765625000e+03 2.889469623566578385e-12
1.526073364257812500e+03 1.938328912510296601e-12
1.923100463867187500e+03 1.302725468585755023e-12
2.423520019531250000e+03 8.842773416949441112e-13
3.056282226562500000e+03 5.974988981944501112e-13
3.850336669921875000e+03 3.997724372378534842e-13
4.838769042968750000e+03 2.696693158515329425e-13
6.120835937500000000e+03 1.789690085882865155e-13
7.692401855468750000e+03 1.189604234063265617e-13
9.718894531250000000e+03 7.759989363140230496e-14
1.224167187500000000e+04 4.979506858538935358e-14
1.542616113281250000e+04 3.057631367577183352e-14
1.943778906250000000e+04 1.759720731560592478e-14
2.448334375000000000e+04 9.343922719551124032e-15
3.085232226562500000e+04 4.559388876402274732e-15
3.891693750000000000e+04 2.008391459283440578e-15
4.921482812500000000e+04 7.807791174795720519e-16
6.162192968750000000e+04 2.694879024281494639e-16
7.775115625000000000e+04 7.287837595799221213e-17
9.801609375000000000e+04 1.504072575540667215e-17
1.236574296875000000e+05 2.214336346750044726e-18
1.559158906250000000e+05 2.248021257530066114e-19
1.964457500000000000e+05 1.564527778356557795e-20
2.473148593750000000e+05 7.768882895906587305e-22
3.118317812500000000e+05 2.993169859796627688e-23
3.928915000000000000e+05 1.087869396700653537e-24
4.962840000000000000e+05 4.331723680476878492e-26
6.244907500000000000e+05 2.230733781100502265e-27
7.857830000000000000e+05 1.215815355163133335e-28
9.925680000000000000e+05 4.736479725549687795e-30
1.248981500000000000e+06 1.013799742170919722e-31
1.571566000000000000e+06 7.773069610038665378e-34
1.981000250000000000e+06 1.275034640446817133e-36
2.497963000000000000e+06 1.977447271140713933e-40
3.147267500000000000e+06 3.727586952896816212e-46
3.970272000000000000e+06 6.145080895609089416e-56
5.004197000000000000e+06 1.391847457637403097e-73
6.286264000000000000e+06 1.809581588266304496e-104
7.940544000000000000e+06 3.178281298088240383e-157
1.000839400000000000e+07 9.999999999999999821e-201
