1.211760009765625000e+03 7.460311657398191698e-18
1.526073364257812500e+03 2.966829968128005166e-18
1.923100463867187500e+03 1.051597667412597216e-18
2.423520019531250000e+03 3.344062904860458244e-19
3.056282226562500000e+03 9.184624703830911328e-20
3.850336669921875000e+03 2.175094786247601998e-20
4.838769042968750000e+03 1.767243425693339075e-21
6.120835937500000000e+03 1.217754409640070426e-21
7.692401855468750000e+03 8.384695260819099247e-22
9.718894531250000000e+03 5.658007267811058656e-22
1.224167187500000000e+04 3.732575782755841876e-22
1.542616113281250000e+04 2.343863452052133180e-22
1.943778906250000000e+04 1.368266525085341886e-22
2.448334375000000000e+04 7.329184715500895188e-23
3.085232226562500000e+04 3.559851450682903371e-23
3.891693750000000000e+04 1.563185794429910530e-23
4.921482812500000000e+04 5.932953248050248369e-24
6.162192968750000000e+04 1.971826281939032608e-24
7.775115625000000000e+04 5.029545734515724227e-25
9.801609375000000000e+04 9.575810142524738959e-26
1.236574296875000000e+05 1.281295947693055827e-26
1.559158906250000000e+05 1.172093440391487858e-27
1.964457500000000000e+05 7.359203324038209408e-29
2.473148593750000000e+05 3.343268784461944932e-30
3.118317812500000000e+05 1.219397624681528350e-31
3.928915000000000000e+05 4.303909299953607136e-33
4.962840000000000000e+05 1.699420818761470325e-34
6.244907500000000000e+05 8.418323842319088059e-36
7.857830000000000000e+05 3.987732785325466651e-37
9.925680000000000000e+05 1.194471210369320545e-38
1.248981500000000000e+06 1.733678267700267331e-40
1.571566000000000000e+06 7.602749929453041253e-43
1.981000250000000000e+06 5.622875570468832529e-46
2.497963000000000000e+06 2.323705657564949212e-50
3.147267500000000000e+06 3.430837010146285776e-57
3.970272000000000000e+06 3.483131160798959784e-69
5.004197000000000000e+06 6.596529803443039692e-91
6.286264000000000000e+06 1.850032086020541607e-128
7.940544000000000000e+06 2.826339440801217852e-191
1.000839400000000000e+07 9.999999999999999821e-201
