1.211760009765625000e+03 2.540740531067163641e-13
1.526073364257812500e+03 1.681203648605869454e-13
1.923100463867187500e+03 1.153618336639192391e-13
2.423520019531250000e+03 8.033223737932942527e-14
3.056282226562500000e+03 5.629349095140850503e-14
3.850336669921875000e+03 3.903967178201702510e-14
4.838769042968750000e+03 2.716470610211377124e-14
6.120835937500000000e+03 1.870851228485578868e-14
7.692401855468750000e+03 1.291553448353282781e-14
9.718894531250000000e+03 8.825824691280546322e-15
1.224167187500000000e+04 5.993786609395914513e-15
1.542616113281250000e+04 4.017546829879115500e-15
1.943778906250000000e+04 2.620335942509690995e-15
2.448334375000000000e+04 1.636426025844416606e-15
3.085232226562500000e+04 9.657342118346432044e-16
3.891693750000000000e+04 5.319053807402702711e-16
4.921482812500000000e+04 2.687776139658322321e-16
6.162192968750000000e+04 1.265937708820418345e-16
7.775115625000000000e+04 5.071854031902389726e-17
9.801609375000000000e+04 1.698409155298192825e-17
1.236574296875000000e+05 4.432452991759367099e-18
1.559158906250000000e+05 8.612122658608957921e-19
1.964457500000000000e+05 1.216202984395578166e-19
2.473148593750000000e+05 1.243051833211985642e-20
3.118317812500000000e+05 9.471612801517781207e-22
3.928915000000000000e+05 6.160683997470988389e-23
4.962840000000000000e+05 3.867747664583062493e-24
6.244907500000000000e+05 2.972964454007310531e-25
7.857830000000000000e+05 2.906721267143629916e-26
9.925680000000000000e+05 3.091239780792848312e-27
1.248981500000000000e+06 2.931194444683780311e-28
1.571566000000000000e+06 1.775309937928567487e-29
1.981000250000000000e+06 4.862720454123145954e-31
2.497963000000000000e+06 4.340749373097203972e-33
3.147267500000000000e+06 7.466990315911719861e-36
3.970272000000000000e+06 5.746362030592527298e-40
5.004197000000000000e+06 8.486805622455973518e-47
6.286264000000000000e+06 8.760615875249755493e-59
7.940544000000000000e+06 1.422845962495012245e-80
1.000839400000000000e+07 9.999999999999999821e-201
