1.211760009765625000e+03 1.198133524944417219e-12
1.526073364257812500e+03 6.309458398885556829e-13
1.923100463867187500e+03 3.578571166717495597e-13
2.423520019531250000e+03 2.204466049014156703e-13
3.056282226562500000e+03 1.456717529005746276e-13
3.850336669921875000e+03 1.007348960640399105e-13
4.838769042968750000e+03 7.110853032470654507e-14
6.120835937500000000e+03 5.003725947069468055e-14
7.692401855468750000e+03 3.527763591860256625e-14
9.718894531250000000e+03 2.461940571778257492e-14
1.224167187500000000e+04 1.712510459827404146e-14
1.542616113281250000e+04 1.176567285893169579e-14
1.943778906250000000e+04 7.831730330964720779e-15
2.448334375000000000e+04 5.017292996730900630e-15
3.085232226562500000e+04 3.029754390069469039e-15
3.891693750000000000e+04 1.710587726793827169e-15
4.921482812500000000e+04 8.887987007279223900e-16
6.162192968750000000e+04 4.277996395324172286e-16
7.775115625000000000e+04 1.757956185633963501e-16
9.801609375000000000e+04 5.961186858679018111e-17
1.236574296875000000e+05 1.556736363644732730e-17
1.559158906250000000e+05 3.033970541658447436e-18
1.964457500000000000e+05 4.284080962645872209e-19
2.473148593750000000e+05 4.365840584939656215e-20
3.118317812500000000e+05 3.320839854190686141e-21
3.928915000000000000e+05 2.157419606777197565e-22
4.962840000000000000e+05 1.355589230014063783e-23
6.244907500000000000e+05 1.038702395659344530e-24
7.857830000000000000e+05 1.009341794338850953e-25
9.925680000000000000e+05 1.071252810213781757e-26
1.248981500000000000e+06 1.013156918874868510e-27
1.571566000000000000e+06 6.091149614616982364e-29
1.981000250000000000e+06 1.657745609360162908e-30
2.497963000000000000e+06 1.473224029657232789e-32
3.147267500000000000e+06 2.495067495804646790e-35
3.970272000000000000e+06 1.898521820052116829e-39
5.004197000000000000e+06 2.779266879414971882e-46
6.286264000000000000e+06 2.811934968432919081e-58
7.940544000000000000e+06 4.494318833629455467e-80
1.000839400000000000e+07 9.999999999999999821e-201
