1.211760009765625000e+03 1.519462474461734794e-14
1.526073364257812500e+03 1.038390488844801683e-14
1.923100463867187500e+03 7.047273920421734420e-15
2.423520019531250000e+03 4.763888495750931353e-15
3.056282226562500000e+03 3.204778563812641122e-15
3.850336669921875000e+03 2.151885522924431981e-15
4.838769042968750000e+03 1.440883377632211352e-15
6.120835937500000000e+03 9.539122864610265398e-16
7.692401855468750000e+03 6.330375778727013481e-16
9.718894531250000000e+03 4.165169898165730381e-16
1.224167187500000000e+04 2.727784518153650242e-16
1.542616113281250000e+04 1.769633722684848593e-16
1.943778906250000000e+04 1.119864243586544316e-16
2.448334375000000000e+04 6.804939909452029664e-17
3.085232226562500000e+04 3.900808777214440633e-17
3.891693750000000000e+04 2.120129897880232478e-17
4.921482812500000000e+04 1.059839000524361009e-17
6.162192968750000000e+04 4.941522366843839904e-18
7.775115625000000000e+04 1.981461617548306900e-18
9.801609375000000000e+04 6.578469521559979101e-19
1.236574296875000000e+05 1.703918710752962104e-19
1.559158906250000000e+05 3.292470273907373596e-20
1.964457500000000000e+05 4.617287259740550334e-21
2.473148593750000000e+05 4.699342296289212137e-22
3.118317812500000000e+05 3.551854800569168188e-23
3.928915000000000000e+05 2.294323695609885971e-24
4.962840000000000000e+05 1.432568673823726460e-25
6.244907500000000000e+05 1.093757292955775956e-26
7.857830000000000000e+05 1.059694446210630239e-27
9.925680000000000000e+05 1.121516871690088004e-28
1.248981500000000000e+06 1.055694041423050177e-29
1.571566000000000000e+06 6.366628742916241325e-31
1.981000250000000000e+06 1.735107071130304322e-32
2.497963000000000000e+06 1.538992959552644852e-34
3.147267500000000000e+06 2.637729505905399901e-37
3.970272000000000000e+06 2.025513246142559037e-41
5.004197000000000000e+06 3.006013594518757854e-48
6.286264000000000000e+06 3.108904998102401814e-60
7.940544000000000000e+06 5.112021422137769638e-82
1.000839400000000000e+07 9.999999999999999821e-201
