1.211760009765625000e+03 2.914378844459393695e-12
1.526073364257812500e+03 1.977886645418669721e-12
1.923100463867187500e+03 1.349811931305722191e-12
2.423520019531250000e+03 9.154138678109632487e-13
3.056282226562500000e+03 6.172531902566721286e-13
3.850336669921875000e+03 4.154836640650152747e-13
4.838769042968750000e+03 2.810196364753643887e-13
6.120835937500000000e+03 1.876359518757985008e-13
7.692401855468750000e+03 1.255539770135054651e-13
9.718894531250000000e+03 8.320756790244209136e-14
1.224167187500000000e+04 5.493803792505905057e-14
1.542616113281250000e+04 3.612018996162002894e-14
1.943778906250000000e+04 2.354028479113270083e-14
2.448334375000000000e+04 1.516263187111182971e-14
3.085232226562500000e+04 9.594814452052766938e-15
3.891693750000000000e+04 5.855120559367265979e-15
4.921482812500000000e+04 3.469064886824059324e-15
6.162192968750000000e+04 2.010868616748801412e-15
7.775115625000000000e+04 1.095248059431679905e-15
9.801609375000000000e+04 5.561460802028461060e-16
1.236574296875000000e+05 2.534241637431294887e-16
1.559158906250000000e+05 9.988248905985330110e-17
1.964457500000000000e+05 3.294902263145705225e-17
2.473148593750000000e+05 8.879074311831432220e-18
3.118317812500000000e+05 1.913722123740121589e-18
3.928915000000000000e+05 3.424355792552131543e-19
4.962840000000000000e+05 5.382582340379739658e-20
6.244907500000000000e+05 8.447723596549220782e-21
7.857830000000000000e+05 1.451349761708755641e-21
9.925680000000000000e+05 2.877296709307190575e-22
1.248981500000000000e+06 6.854322061752573956e-23
1.571566000000000000e+06 1.698534034342480081e-23
1.981000250000000000e+06 3.668893737947708958e-24
2.497963000000000000e+06 5.848712770317628869e-25
3.147267500000000000e+06 5.783632440732858867e-26
3.970272000000000000e+06 2.913085390236526278e-27
5.004197000000000000e+06 5.123207339491262709e-29
6.286264000000000000e+06 1.319706009267254040e-31
7.940544000000000000e+06 5.208170368142305893e-36
1.000839400000000000e+07 9.999999999999999821e-201
