1.211760009765625000e+03 5.268300218830442138e-10
1.526073364257812500e+03 3.490969929163952312e-10
1.923100463867187500e+03 2.299388929491723981e-10
2.423520019531250000e+03 1.507007864015327354e-10
3.056282226562500000e+03 9.826670788886223583e-11
3.850336669921875000e+03 6.428214063216332648e-11
4.838769042968750000e+03 4.179143738591829173e-11
6.120835937500000000e+03 2.686614349287834981e-11
7.692401855468750000e+03 1.726432715946032469e-11
9.718894531250000000e+03 1.099011850638133287e-11
1.224167187500000000e+04 6.941578531794589132e-12
1.542616113281250000e+04 4.312129534867012479e-12
1.943778906250000000e+04 2.603272573419041710e-12
2.448334375000000000e+04 1.497740815386152208e-12
3.085232226562500000e+04 8.107356445627730552e-13
3.891693750000000000e+04 4.074837225976794125e-13
4.921482812500000000e+04 1.872767928090963185e-13
6.162192968750000000e+04 7.977125577049549619e-14
7.775115625000000000e+04 2.867700624983373181e-14
9.801609375000000000e+04 8.442277892541921228e-15
1.236574296875000000e+05 1.914358069502992152e-15
1.559158906250000000e+05 3.196432704315261498e-16
1.964457500000000000e+05 3.839137510258302722e-17
2.473148593750000000e+05 3.326043158122670694e-18
3.118317812500000000e+05 2.149756340398928451e-19
3.928915000000000000e+05 1.186324145254159312e-20
4.962840000000000000e+05 6.434655720376005990e-22
6.244907500000000000e+05 4.328746252449070715e-23
7.857830000000000000e+05 3.706598767690966320e-24
9.925680000000000000e+05 3.407763556068581469e-25
1.248981500000000000e+06 2.710603151298525107e-26
1.571566000000000000e+06 1.328338310466678108e-27
1.981000250000000000e+06 2.805054992567346825e-29
2.497963000000000000e+06 1.823564539802160463e-31
3.147267500000000000e+06 2.039057821704251240e-34
3.970272000000000000e+06 7.830701304543219086e-39
5.004197000000000000e+06 3.253658242492284385e-46
6.286264000000000000e+06 3.306719506182210540e-59
7.940544000000000000e+06 8.765081153529860502e-83
1.000839400000000000e+07 9.999999999999999821e-201
