1.211760009765625000e+03 3.400108651869292259e-09
1.526073364257812500e+03 2.314127375139843714e-09
1.923100463867187500e+03 1.593091988692218249e-09
2.423520019531250000e+03 1.108460329730282187e-09
3.056282226562500000e+03 7.802080324844337127e-10
3.850336669921875000e+03 5.526696237277456561e-10
4.838769042968750000e+03 3.960830259710166957e-10
6.120835937500000000e+03 2.809853539622139473e-10
7.692401855468750000e+03 1.998821078620831821e-10
9.718894531250000000e+03 1.413236365679740178e-10
1.224167187500000000e+04 9.935745328079227807e-11
1.542616113281250000e+04 6.840258576326655452e-11
1.943778906250000000e+04 4.573906281230662229e-11
2.448334375000000000e+04 2.915531053438523565e-11
3.085232226562500000e+04 1.736232955707490580e-11
3.891693750000000000e+04 9.596362224489730322e-12
4.921482812500000000e+04 4.819836838187595480e-12
6.162192968750000000e+04 2.222199267892373794e-12
7.775115625000000000e+04 8.622610042467014168e-13
9.801609375000000000e+04 2.705858298891641766e-13
1.236574296875000000e+05 6.460364701052280203e-14
1.559158906250000000e+05 1.116042605235498381e-14
1.964457500000000000e+05 1.357090468742469774e-15
2.473148593750000000e+05 1.161983026395420293e-16
3.118317812500000000e+05 7.438537425628149374e-18
3.928915000000000000e+05 4.032622249009812336e-19
4.962840000000000000e+05 2.111545055045666842e-20
6.244907500000000000e+05 1.341596901485426168e-21
7.857830000000000000e+05 1.082883462506302686e-22
9.925680000000000000e+05 9.597710884966098669e-24
1.248981500000000000e+06 7.147823378424193625e-25
1.571566000000000000e+06 3.262811578136598405e-26
1.981000250000000000e+06 6.392735825602380233e-28
2.497963000000000000e+06 3.840972554307699993e-30
3.147267500000000000e+06 3.980744904731613307e-33
3.970272000000000000e+06 1.412042122787110374e-37
5.004197000000000000e+06 5.404064552185460507e-45
6.286264000000000000e+06 5.041392034015501492e-58
7.940544000000000000e+06 1.231457682727336266e-81
1.000839400000000000e+07 9.999999999999999821e-201
