1.211760009765625000e+03 3.948111511511230045e-14
1.526073364257812500e+03 2.630589238406830551e-14
1.923100463867187500e+03 1.750046864425441404e-14
2.423520019531250000e+03 1.152051466292709035e-14
3.056282226562500000e+03 7.604559303962200611e-15
3.850336669921875000e+03 4.977964654363861861e-15
4.838769042968750000e+03 3.274915712164713563e-15
6.120835937500000000e+03 2.142578057692210056e-15
7.692401855468750000e+03 1.402479117218747643e-15
9.718894531250000000e+03 9.124322734482710601e-16
1.224167187500000000e+04 5.931317771770503161e-16
1.542616113281250000e+04 3.835779686421000332e-16
1.943778906250000000e+04 2.458175684788433252e-16
2.448334375000000000e+04 1.552232248322380759e-16
3.085232226562500000e+04 9.565625334195631710e-17
3.891693750000000000e+04 5.659322304059289145e-17
4.921482812500000000e+04 3.204117751354190947e-17
6.162192968750000000e+04 1.749708294693172118e-17
7.775115625000000000e+04 8.746120915819192727e-18
9.801609375000000000e+04 3.938324471355892430e-18
1.236574296875000000e+05 1.520977685562014935e-18
1.559158906250000000e+05 4.808418155659149164e-19
1.964457500000000000e+05 1.201582722433110904e-19
2.473148593750000000e+05 2.340244029979797495e-20
3.118317812500000000e+05 3.487343150568001697e-21
3.928915000000000000e+05 4.274527167684736264e-22
4.962840000000000000e+05 4.639715313639662151e-23
6.244907500000000000e+05 5.405890703276718789e-24
7.857830000000000000e+05 7.338193694494641178e-25
9.925680000000000000e+05 1.198662364518362245e-25
1.248981500000000000e+06 2.278319013345595448e-26
1.571566000000000000e+06 4.032412221517555261e-27
1.981000250000000000e+06 5.230673203572567170e-28
2.497963000000000000e+06 3.986884319094187626e-29
3.147267500000000000e+06 1.453284767448624474e-30
3.970272000000000000e+06 1.736841546181463814e-32
5.004197000000000000e+06 2.935065884970863774e-35
6.286264000000000000e+06 1.119836674424407558e-39
7.940544000000000000e+06 1.395524939061694350e-47
1.000839400000000000e+07 9.999999999999999821e-201
