1.211760009765625000e+03 2.254284490799787575e-12
1.526073364257812500e+03 1.068058788526081706e-12
1.923100463867187500e+03 4.936230841809878108e-13
2.423520019531250000e+03 2.204466049014156703e-13
3.056282226562500000e+03 9.974811554547820298e-14
3.850336669921875000e+03 4.742785221874232038e-14
4.838769042968750000e+03 2.517006647349450929e-14
6.120835937500000000e+03 1.508927239709588462e-14
7.692401855468750000e+03 9.964467014645087264e-15
9.718894531250000000e+03 6.796689383849366418e-15
1.224167187500000000e+04 4.749976472828660920e-15
1.542616113281250000e+04 3.300328207352079168e-15
1.943778906250000000e+04 2.266728980365657778e-15
2.448334375000000000e+04 1.534390498341664079e-15
3.085232226562500000e+04 1.006195495059257144e-15
3.891693750000000000e+04 6.387422249610776970e-16
4.921482812500000000e+04 3.831010354880010055e-16
6.162192968750000000e+04 2.206839290604001027e-16
7.775115625000000000e+04 1.173380370893443134e-16
9.801609375000000000e+04 5.548191193027537730e-17
1.236574296875000000e+05 2.238164672526310262e-17
1.559158906250000000e+05 7.353414251559825375e-18
1.964457500000000000e+05 1.907383461971185051e-18
2.473148593750000000e+05 3.852007509200322856e-19
3.118317812500000000e+05 5.992336117877411591e-20
3.928915000000000000e+05 7.668242676573829312e-21
4.962840000000000000e+05 8.731432755589600591e-22
6.244907500000000000e+05 1.064544630799107772e-22
7.857830000000000000e+05 1.523021332819642126e-23
9.925680000000000000e+05 2.628083259104430911e-24
1.248981500000000000e+06 5.281803698397389567e-25
1.571566000000000000e+06 9.901241473853616654e-26
1.981000250000000000e+06 1.366287914381455049e-26
2.497963000000000000e+06 1.109291931136206331e-27
3.147267500000000000e+06 4.312974148557208165e-29
3.970272000000000000e+06 5.462491684557428081e-31
5.004197000000000000e+06 9.813702573785478203e-34
6.286264000000000000e+06 3.990778645356959952e-38
7.940544000000000000e+06 5.275765013525917036e-46
1.000839400000000000e+07 9.999999999999999821e-201
