1.211760009765625000e+03 1.855736956514741858e-13
1.526073364257812500e+03 1.255958019840855337e-13
1.923100463867187500e+03 8.397085851727456542e-14
2.423520019531250000e+03 5.629483921776264732e-14
3.056282226562500000e+03 3.752899396760567002e-14
3.850336669921875000e+03 2.496821641598251988e-14
4.838769042968750000e+03 1.659290627496788069e-14
6.120835937500000000e+03 1.087315216849556415e-14
7.692401855468750000e+03 7.159508780207593162e-15
9.718894531250000000e+03 4.670784256937577835e-15
1.224167187500000000e+04 3.039492717069117386e-15
1.542616113281250000e+04 1.976302731836200851e-15
1.943778906250000000e+04 1.271206117367226733e-15
2.448334375000000000e+04 8.088259991258383827e-16
3.085232226562500000e+04 4.963296163969431827e-16
3.891693750000000000e+04 2.962042960311732652e-16
4.921482812500000000e+04 1.681000907232198570e-16
6.162192968750000000e+04 9.189909331586662410e-17
7.775115625000000000e+04 4.624499108815334785e-17
9.801609375000000000e+04 2.088927407013380110e-17
1.236574296875000000e+05 8.092034305748087195e-18
1.559158906250000000e+05 2.566655637142383444e-18
1.964457500000000000e+05 6.438279916761942393e-19
2.473148593750000000e+05 1.255532381047555581e-19
3.118317812500000000e+05 1.882837851245634564e-20
3.928915000000000000e+05 2.323788405704975086e-21
4.962840000000000000e+05 2.535403486351121847e-22
6.244907500000000000e+05 2.960764754410017992e-23
7.857830000000000000e+05 4.044907305995024088e-24
9.925680000000000000e+05 6.644991004727461603e-25
1.248981500000000000e+06 1.266334083427242921e-25
1.571566000000000000e+06 2.260205576392005670e-26
1.981000250000000000e+06 2.953526679603475302e-27
2.497963000000000000e+06 2.263143157603465654e-28
3.147267500000000000e+06 8.332947335935256492e-30
3.970272000000000000e+06 1.000174533792205262e-31
5.004197000000000000e+06 1.714006117725666289e-34
6.286264000000000000e+06 6.627111205017011824e-39
7.940544000000000000e+06 8.381658932779076410e-47
1.000839400000000000e+07 9.999999999999999821e-201
