1.211760009765625000e+03 5.168660833589240481e-10
1.526073364257812500e+03 2.897509510832632710e-10
1.923100463867187500e+03 1.616211048925725721e-10
2.423520019531250000e+03 8.957238448805310537e-11
3.056282226562500000e+03 4.905438268216340871e-11
3.850336669921875000e+03 2.671429376983914122e-11
4.838769042968750000e+03 1.456645475421009558e-11
6.120835937500000000e+03 7.781170826411137131e-12
7.692401855468750000e+03 4.127240933051255682e-12
9.718894531250000000e+03 2.129809868536549753e-12
1.224167187500000000e+04 8.747441167554339104e-13
1.542616113281250000e+04 4.590870395282122501e-13
1.943778906250000000e+04 2.146601892809768571e-13
2.448334375000000000e+04 8.898508445470968375e-14
3.085232226562500000e+04 3.185628427488331825e-14
3.891693750000000000e+04 9.632001193352892455e-15
4.921482812500000000e+04 2.341570713722636756e-15
6.162192968750000000e+04 4.726649309686954281e-16
7.775115625000000000e+04 6.769594951791225799e-17
9.801609375000000000e+04 6.954887717829798609e-18
1.236574296875000000e+05 4.886473173627903950e-19
1.559158906250000000e+05 2.467188110920588375e-20
1.964457500000000000e+05 9.124370372964392662e-22
2.473148593750000000e+05 2.649397578884791416e-23
3.118317812500000000e+05 6.061208370287842110e-25
3.928915000000000000e+05 1.125777598598536786e-26
4.962840000000000000e+05 1.396340069873334985e-28
6.244907500000000000e+05 1.008815930693738460e-30
7.857830000000000000e+05 2.769293413218723770e-33
9.925680000000000000e+05 1.515421123397155344e-36
1.248981500000000000e+06 8.842335653370457615e-41
1.571566000000000000e+06 8.982961386425391787e-47
1.981000250000000000e+06 3.340416090669586364e-56
2.497963000000000000e+06 3.574253236213221130e-72
3.147267500000000000e+06 1.000232660616282621e-99
3.970272000000000000e+06 1.730500393421581851e-146
5.004197000000000000e+06 9.999999999999999821e-201
6.286264000000000000e+06 9.999999999999999821e-201
7.940544000000000000e+06 9.999999999999999821e-201
1.000839400000000000e+07 9.999999999999999821e-201
