1.211760009765625000e+03 2.142191959945419642e-10
1.526073364257812500e+03 1.216360647892197002e-10
1.923100463867187500e+03 6.966968016728370761e-11
2.423520019531250000e+03 4.012096388527378449e-11
3.056282226562500000e+03 2.356775256244360660e-11
3.850336669921875000e+03 1.422952948262839487e-11
4.838769042968750000e+03 8.884932982858438253e-12
6.120835937500000000e+03 5.580664790953760684e-12
7.692401855468750000e+03 3.523652338099095224e-12
9.718894531250000000e+03 1.989264039648350272e-12
1.224167187500000000e+04 1.157556124428243059e-12
1.542616113281250000e+04 6.036813826867045788e-13
1.943778906250000000e+04 2.790582460652698713e-13
2.448334375000000000e+04 1.144093942989124577e-13
3.085232226562500000e+04 4.091346313735012534e-14
3.891693750000000000e+04 1.227815536735094193e-14
4.921482812500000000e+04 2.982328399571075795e-15
6.162192968750000000e+04 6.025951125871331999e-16
7.775115625000000000e+04 8.595924525116196827e-17
9.801609375000000000e+04 8.740182556112002040e-18
1.236574296875000000e+05 6.041963981066980769e-19
1.559158906250000000e+05 2.866553092904137470e-20
1.964457500000000000e+05 9.919613662351196405e-22
2.473148593750000000e+05 2.712105213887982052e-23
3.118317812500000000e+05 5.871795608716347130e-25
3.928915000000000000e+05 1.009317847019377823e-26
4.962840000000000000e+05 1.154627411139896473e-28
6.244907500000000000e+05 7.688153665367605795e-31
7.857830000000000000e+05 1.946650369880220471e-33
9.925680000000000000e+05 1.023933191484564327e-36
1.248981500000000000e+06 5.928817862547673904e-41
1.571566000000000000e+06 6.040806785993382066e-47
1.981000250000000000e+06 2.252107270168948925e-56
2.497963000000000000e+06 2.415626804902513449e-72
3.147267500000000000e+06 6.734239695238338428e-100
3.970272000000000000e+06 1.167049465323514921e-146
5.004197000000000000e+06 9.999999999999999821e-201
6.286264000000000000e+06 9.999999999999999821e-201
7.940544000000000000e+06 9.999999999999999821e-201
1.000839400000000000e+07 9.999999999999999821e-201
