1.211760009765625000e+03 2.565649751959979387e-10
1.526073364257812500e+03 1.394410085020162230e-10
1.923100463867187500e+03 7.447508853541453857e-11
2.423520019531250000e+03 3.979248037627248844e-11
3.056282226562500000e+03 2.133226863494640657e-11
3.850336669921875000e+03 1.175875561194745644e-11
4.838769042968750000e+03 6.767053818585914823e-12
6.120835937500000000e+03 4.090111500748987290e-12
7.692401855468750000e+03 2.427688458796266141e-12
9.718894531250000000e+03 1.667554515424948489e-12
1.224167187500000000e+04 1.137606099259872076e-12
1.542616113281250000e+04 7.548834549703931800e-13
1.943778906250000000e+04 4.803290408458674074e-13
2.448334375000000000e+04 2.875574970182903685e-13
3.085232226562500000e+04 1.598491743020859459e-13
3.891693750000000000e+04 8.148798720973067930e-14
4.921482812500000000e+04 3.749797537811749982e-14
6.162192968750000000e+04 1.558208477496810092e-14
7.775115625000000000e+04 5.252295851363048037e-15
9.801609375000000000e+04 1.400751024633556701e-15
1.236574296875000000e+05 2.766840594319134056e-16
1.559158906250000000e+05 3.894949745509535746e-17
1.964457500000000000e+05 3.800272707212372017e-18
2.473148593750000000e+05 2.625030097415612534e-19
3.118317812500000000e+05 1.351271357490682900e-20
3.928915000000000000e+05 6.147598119766403510e-22
4.962840000000000000e+05 2.878725304599785054e-23
6.244907500000000000e+05 1.763908258676110882e-24
7.857830000000000000e+05 1.327882236208984072e-25
9.925680000000000000e+05 9.165585880388983763e-27
1.248981500000000000e+06 4.595804394982301696e-28
1.571566000000000000e+06 1.136348367869212180e-29
1.981000250000000000e+06 9.489900036420275036e-32
2.497963000000000000e+06 1.613092570331269041e-34
3.147267500000000000e+06 2.065660124666234730e-38
3.970272000000000000e+06 1.321539469155276610e-44
5.004197000000000000e+06 1.911734909148112745e-55
6.286264000000000000e+06 1.112738739517046200e-74
7.940544000000000000e+06 7.102682327889241394e-109
1.000839400000000000e+07 9.999999999999999821e-201
