1.211760009765625000e+03 3.860929238386376024e-10
1.526073364257812500e+03 2.116338710597976254e-10
1.923100463867187500e+03 1.145770592852531263e-10
2.423520019531250000e+03 6.127668339632571432e-11
3.056282226562500000e+03 3.278848697593614918e-11
3.850336669921875000e+03 1.767732926996101054e-11
4.838769042968750000e+03 9.823142639882779373e-12
6.120835937500000000e+03 5.667021958869077112e-12
7.692401855468750000e+03 3.465329493604347598e-12
9.718894531250000000e+03 2.084443144281185611e-12
1.224167187500000000e+04 1.418975624876386558e-12
1.542616113281250000e+04 9.436043187129915507e-13
1.943778906250000000e+04 6.052701208346769706e-13
2.448334375000000000e+04 3.638482615333469783e-13
3.085232226562500000e+04 2.030342334885366192e-13
3.891693750000000000e+04 1.039267083254536081e-13
4.921482812500000000e+04 4.799303554225533930e-14
6.162192968750000000e+04 1.996281323483457278e-14
7.775115625000000000e+04 6.786152161938096786e-15
9.801609375000000000e+04 1.813194381886770480e-15
1.236574296875000000e+05 3.565717103946489490e-16
1.559158906250000000e+05 4.982728503264452129e-17
1.964457500000000000e+05 4.850465164943193088e-18
2.473148593750000000e+05 3.336902666206287576e-19
3.118317812500000000e+05 1.707161756171356924e-20
3.928915000000000000e+05 7.727427804175646150e-22
4.962840000000000000e+05 3.655871679605809349e-23
6.244907500000000000e+05 2.225238110945247331e-24
7.857830000000000000e+05 1.669074199679347776e-25
9.925680000000000000e+05 1.152245082106043661e-26
1.248981500000000000e+06 5.726803132809976771e-28
1.571566000000000000e+06 1.410779547944961076e-29
1.981000250000000000e+06 1.145175437087254077e-31
2.497963000000000000e+06 1.938915904073677455e-34
3.147267500000000000e+06 2.471246359189742054e-38
3.970272000000000000e+06 1.570886538807215683e-44
5.004197000000000000e+06 2.277458109159056393e-55
6.286264000000000000e+06 1.317119324326299239e-74
7.940544000000000000e+06 8.374804535869403609e-109
1.000839400000000000e+07 9.999999999999999821e-201
