1.211760009765625000e+03 1.905555398300372508e-11
1.526073364257812500e+03 1.246068586613762158e-11
1.923100463867187500e+03 8.161653538127620953e-12
2.423520019531250000e+03 5.299436744946461244e-12
3.056282226562500000e+03 3.426980849182912859e-12
3.850336669921875000e+03 2.210538338032629431e-12
4.838769042968750000e+03 1.421695126620794478e-12
6.120835937500000000e+03 9.011609608198030319e-13
7.692401855468750000e+03 5.726019528852991944e-13
9.718894531250000000e+03 3.578346623412955914e-13
1.224167187500000000e+04 2.195848129224342177e-13
1.542616113281250000e+04 1.292660957396815655e-13
1.943778906250000000e+04 7.174458699283225192e-14
2.448334375000000000e+04 3.694555104377263183e-14
3.085232226562500000e+04 1.749685533780904547e-14
3.891693750000000000e+04 7.540816799744361652e-15
4.921482812500000000e+04 2.875681136514820026e-15
6.162192968750000000e+04 9.753946943686225547e-16
7.775115625000000000e+04 2.602962792194581149e-16
9.801609375000000000e+04 5.378751807970520110e-17
1.236574296875000000e+05 7.994952236249445708e-18
1.559158906250000000e+05 8.261884874521125792e-19
1.964457500000000000e+05 5.882543803357068774e-20
2.473148593750000000e+05 3.013631109126408451e-21
3.118317812500000000e+05 1.193729169661280693e-22
3.928915000000000000e+05 4.444521823215918280e-24
4.962840000000000000e+05 1.787439269685540968e-25
6.244907500000000000e+05 9.350160997953046259e-27
7.857830000000000000e+05 5.378347011015301795e-28
9.925680000000000000e+05 2.305219217047350262e-29
1.248981500000000000e+06 5.746231542942074566e-31
1.571566000000000000e+06 5.406177474268295395e-33
1.981000250000000000e+06 1.178148718744754851e-35
2.497963000000000000e+06 2.843755389603734763e-39
3.147267500000000000e+06 1.191436150734942475e-44
3.970272000000000000e+06 9.555454657165622177e-54
5.004197000000000000e+06 4.128848154340594492e-70
6.286264000000000000e+06 7.660260639815314099e-99
7.940544000000000000e+06 3.027362922763308156e-148
1.000839400000000000e+07 9.999999999999999821e-201
