1.211760009765625000e+03 6.277123664989462256e-15
1.526073364257812500e+03 2.808599036494511282e-15
1.923100463867187500e+03 1.185009311785836952e-15
2.423520019531250000e+03 4.601978479529861743e-16
3.056282226562500000e+03 1.639396851624803396e-16
3.850336669921875000e+03 5.290561801334990269e-17
4.838769042968750000e+03 1.561315741194050582e-17
6.120835937500000000e+03 2.018975509570673341e-18
7.692401855468750000e+03 1.464815666472628347e-18
9.718894531250000000e+03 1.038173266928736195e-18
1.224167187500000000e+04 7.155228855538184431e-19
1.542616113281250000e+04 4.657551954705335635e-19
1.943778906250000000e+04 2.804291925039000187e-19
2.448334375000000000e+04 1.539624243250278048e-19
3.085232226562500000e+04 7.680910198958567425e-20
3.891693750000000000e+04 3.431300222096856146e-20
4.921482812500000000e+04 1.318426761619334768e-20
6.162192968750000000e+04 4.402096363458407818e-21
7.775115625000000000e+04 1.121408390241597909e-21
9.801609375000000000e+04 2.125284917148745621e-22
1.236574296875000000e+05 2.815980908867184345e-23
1.559158906250000000e+05 2.525038228355296036e-24
1.964457500000000000e+05 1.529188320849745280e-25
2.473148593750000000e+05 6.711171838397102918e-27
3.118317812500000000e+05 2.367105954220907861e-28
3.928915000000000000e+05 8.253932099744267148e-30
4.962840000000000000e+05 3.202411872971090217e-31
6.244907500000000000e+05 1.533426674190722537e-32
7.857830000000000000e+05 6.662058539433367318e-34
9.925680000000000000e+05 1.718131871345839008e-35
1.248981500000000000e+06 2.013013030718220169e-37
1.571566000000000000e+06 6.604585159424196952e-40
1.981000250000000000e+06 3.178903176477124485e-43
2.497963000000000000e+06 6.426039136262328444e-48
3.147267500000000000e+06 2.383623139654322985e-55
3.970272000000000000e+06 1.602516853224521268e-68
5.004197000000000000e+06 2.185409704465515267e-92
6.286264000000000000e+06 2.286198644484832027e-133
7.940544000000000000e+06 9.999999999999999821e-201
1.000839400000000000e+07 9.999999999999999821e-201
