1.211760009765625000e+03 1.099742102417796628e-09
1.526073364257812500e+03 6.408352731156489346e-10
1.923100463867187500e+03 3.688439579730752322e-10
2.423520019531250000e+03 2.111041961517845845e-10
3.056282226562500000e+03 1.189915532557191696e-10
3.850336669921875000e+03 6.619733870430871271e-11
4.838769042968750000e+03 3.640772002122335010e-11
6.120835937500000000e+03 1.934978872078205395e-11
7.692401855468750000e+03 1.004620442445232957e-11
9.718894531250000000e+03 4.897106791764313649e-12
1.224167187500000000e+04 2.204782105692525530e-12
1.542616113281250000e+04 8.735989611378768187e-13
1.943778906250000000e+04 3.038094877157961969e-13
2.448334375000000000e+04 8.879409372231638050e-14
3.085232226562500000e+04 2.736489126836297280e-16
3.891693750000000000e+04 1.238791735865086309e-16
4.921482812500000000e+04 4.681566002901546959e-17
6.162192968750000000e+04 1.491566917948419351e-17
7.775115625000000000e+04 3.478971567222034570e-18
9.801609375000000000e+04 5.864906851017463682e-19
1.236574296875000000e+05 6.707484618121626648e-20
1.559158906250000000e+05 5.197931483159360537e-21
1.964457500000000000e+05 2.755401084208644885e-22
2.473148593750000000e+05 1.106442415799435877e-23
3.118317812500000000e+05 3.725720085275552288e-25
3.928915000000000000e+05 1.287121148128612331e-26
4.962840000000000000e+05 4.722973604564311515e-28
6.244907500000000000e+05 1.657595219140653461e-29
7.857830000000000000e+05 3.837929403727893847e-31
9.925680000000000000e+05 3.701123653901800852e-33
1.248981500000000000e+06 1.104158659413915325e-35
1.571566000000000000e+06 5.495311260411744628e-39
1.981000250000000000e+06 1.429953160675525457e-43
2.497963000000000000e+06 1.318041434758236353e-50
3.147267500000000000e+06 1.163641918272561367e-62
3.970272000000000000e+06 1.233034904191301558e-84
5.004197000000000000e+06 1.359983919808621211e-123
6.286264000000000000e+06 3.738299529589442717e-187
7.940544000000000000e+06 9.999999999999999821e-201
1.000839400000000000e+07 9.999999999999999821e-201
