1.211760009765625000e+03 1.061132810033932723e-10
1.526073364257812500e+03 6.230342933068809661e-11
1.923100463867187500e+03 3.617809885650800911e-11
2.423520019531250000e+03 2.086132911824419968e-11
3.056282226562500000e+03 1.184978123708406379e-11
3.850336669921875000e+03 6.658903893332829003e-12
4.838769042968750000e+03 3.703007420962033141e-12
6.120835937500000000e+03 1.991313699999469723e-12
7.692401855468750000e+03 1.048885327840329120e-12
9.718894531250000000e+03 5.190346719414869961e-13
1.224167187500000000e+04 2.385851167512685574e-13
1.542616113281250000e+04 9.666873750296175925e-14
1.943778906250000000e+04 3.423884702828814220e-14
2.448334375000000000e+04 1.029038401220269514e-14
3.085232226562500000e+04 2.529732170586443643e-18
3.891693750000000000e+04 1.211978061928612412e-18
4.921482812500000000e+04 4.860860020033946557e-19
6.162192968750000000e+04 1.655892086874940320e-19
7.775115625000000000e+04 4.148004560918579645e-20
9.801609375000000000e+04 7.606451243459332710e-21
1.236574296875000000e+05 9.542921297600316565e-22
1.559158906250000000e+05 8.118673935601286199e-23
1.964457500000000000e+05 4.807893728568145924e-24
2.473148593750000000e+05 2.157868357885088270e-25
3.118317812500000000e+05 8.223845554083840048e-27
3.928915000000000000e+05 3.213424907232658853e-28
4.962840000000000000e+05 1.330364320674985238e-29
6.244907500000000000e+05 5.336293380917717021e-31
7.857830000000000000e+05 1.388597573208082155e-32
9.925680000000000000e+05 1.501967622339219046e-34
1.248981500000000000e+06 4.975437531594502856e-37
1.571566000000000000e+06 2.717270812810230823e-40
1.981000250000000000e+06 7.707925959031642748e-45
2.497963000000000000e+06 7.639974688200397684e-52
3.147267500000000000e+06 7.221517595783647514e-64
3.970272000000000000e+06 7.896490653553881237e-86
5.004197000000000000e+06 9.066559465390807021e-125
6.286264000000000000e+06 2.547384108020234413e-188
7.940544000000000000e+06 9.999999999999999821e-201
1.000839400000000000e+07 9.999999999999999821e-201
